# L = 8 / J = 1 / lamb = 0.5
# particle_position = 3
# final_time = 10 / steps = 100
0.000000000000000000e+00 0.000000000000000000e+00 0.000000000000000000e+00 0.000000000000000000e+00 0.000000000000000000e+00 0.000000000000000000e+00 1.000000000000000000e+00 1.000000000000000000e+00 1.000000000000000000e+00 0.000000000000000000e+00 0.000000000000000000e+00 0.000000000000000000e+00 0.000000000000000000e+00 0.000000000000000000e+00 0.000000000000000000e+00
2.463144160782756911e-03 2.463144160782756911e-03 4.913956866965990891e-03 2.463172934730958451e-03 4.948656826334427161e-03 2.497852503374040425e-03 9.950513348905628552e-01 9.975368270102620283e-01 9.950513348905628552e-01 2.497852503374037390e-03 4.948656826334424559e-03 2.463172934730959319e-03 4.913956866965990891e-03 2.463144160782756043e-03 2.463144160782756043e-03
9.422040964897477472e-03 9.422040964897477472e-03 1.865468536222589235e-02 9.423834638515544981e-03 1.919573548441370556e-02 9.963636681274600643e-03 9.808037438233363492e-01 9.905761516058407823e-01 9.808037438233365712e-01 9.963636681274576357e-03 1.919573548441367780e-02 9.423834638515544981e-03 1.865468536222589235e-02 9.422040964897480941e-03 9.422040964897480941e-03
1.967003679394927970e-02 1.967003679394927970e-02 3.844496234253241135e-02 1.968959170349436627e-02 4.106879953489661617e-02 2.230024233149320925e-02 9.589254404931689679e-01 9.803100692875554856e-01 9.589254404931690789e-01 2.230024233149316068e-02 4.106879953489656065e-02 1.968959170349435933e-02 3.844496234253241135e-02 1.967003679394928317e-02 1.967003679394928317e-02
3.146099611109270944e-02 3.146099611109270944e-02 6.035593686443770090e-02 3.156434283732711260e-02 6.816510978392986697e-02 3.930695890141577831e-02 9.318037858184381461e-01 9.684324522157892190e-01 9.318037858184382571e-01 3.930695890141565341e-02 6.816510978392975595e-02 3.156434283732713342e-02 6.035593686443770783e-02 3.146099611109270250e-02 3.146099611109270250e-02
4.284714120525719844e-02 4.284714120525719844e-02 8.018098045188680467e-02 4.321162655047362799e-02 9.783280159201564186e-02 6.064308225733698599e-02 9.020542102018849207e-01 9.567705821514244091e-01 9.020542102018851427e-01 6.064308225733671537e-02 9.783280159201541981e-02 4.321162655047366269e-02 8.018098045188684631e-02 4.284714120525722619e-02 4.284714120525722619e-02
5.204692389667241181e-02 5.204692389667241181e-02 9.435268044877369309e-02 5.303619779404959711e-02 1.276775429013947694e-01 8.581133108294534961e-02 8.720037248886065573e-01 9.468937112487618712e-01 8.720037248886070014e-01 8.581133108294480838e-02 1.276775429013942698e-01 5.303619779404961099e-02 9.435268044877367921e-02 5.204692389667243957e-02 5.204692389667243957e-02
5.776719416225697956e-02 5.776719416225697956e-02 1.006905930453420167e-01 5.999736498285821590e-02 1.559787315415185061e-01 1.141775373278293149e-01 8.432669527552115740e-01 9.397858558986245114e-01 8.432669527552126842e-01 1.141775373278285655e-01 1.559787315415178677e-01 5.999736498285826447e-02 1.006905930453420583e-01 5.776719416225706977e-02 5.776719416225706977e-02
5.941619237016911026e-02 5.941619237016911026e-02 9.881322736020314856e-02 6.378802156284411884e-02 1.819242541732016827e-01 1.450307163604982741e-01 8.165066817071219285e-01 9.356530168241689038e-01 8.165066817071232608e-01 1.450307163604971639e-01 1.819242541732007390e-01 6.378802156284416047e-02 9.881322736020317632e-02 5.941619237016928373e-02 5.941619237016928373e-02
5.716970192248831129e-02 5.716970192248831129e-02 9.013299772842321700e-02 6.484903078119691466e-02 2.056194918513853387e-01 1.776729993009149577e-01 7.914235671827496432e-01 9.339020230130355982e-01 7.914235671827507534e-01 1.776729993009135145e-01 2.056194918513840619e-01 6.484903078119694242e-02 9.013299772842323088e-02 5.716970192248853333e-02 5.716970192248853333e-02
5.188569310428436943e-02 5.188569310428436943e-02 7.745518872001952437e-02 6.422952088131823889e-02 2.278823541362070271e-01 2.115171017676457099e-01 7.669633990694371128e-01 9.332878303142349008e-01 7.669633990694386672e-01 2.115171017676439336e-01 2.278823541362055560e-01 6.422952088131830828e-02 7.745518872001955213e-02 5.188569310428461923e-02 5.188569310428461923e-02
4.489514046587980700e-02 4.489514046587980700e-02 6.429518483262242068e-02 6.333874140452512569e-02 2.498871752559282400e-01 2.461637929312275319e-01 7.416796503895624060e-01 9.321884105645099616e-01 7.416796503895642934e-01 2.461637929312253670e-01 2.498871752559264914e-01 6.333874140452516732e-02 6.429518483262239292e-02 4.489514046588005680e-02 4.489514046588005680e-02
3.772105666044651973e-02 3.772105666044651973e-02 5.408930651079886520e-02 6.365576945235917883e-02 2.727535170455201441e-01 2.814347804035073342e-01 7.141561654468953080e-01 9.289403205089520332e-01 7.141561654468976394e-01 2.814347804035046696e-01 2.727535170455179792e-01 6.365576945235922046e-02 5.408930651079872642e-02 3.772105666044679728e-02 3.772105666044679728e-02
3.178904002472020263e-02 3.178904002472020263e-02 4.948956731911834106e-02 6.646549077572944109e-02 2.971835669936924162e-01 3.173468096159892671e-01 6.833870669286248312e-01 9.221593059716726160e-01 6.833870669286274957e-01 3.173468096159861584e-01 2.971835669936898072e-01 6.646549077572951048e-02 4.948956731911816065e-02 3.178904002472053569e-02 3.178904002472053569e-02
2.818903344094633029e-02 2.818903344094633029e-02 5.189988176810508835e-02 7.267421898717284223e-02 3.232331352888305753e-01 3.540279857076590875e-01 6.490287976602453490e-01 9.109799120456908428e-01 6.490287976602484576e-01 3.540279857076554237e-01 3.232331352888274667e-01 7.267421898717288387e-02 5.189988176810482468e-02 2.818903344094669111e-02 2.818903344094669111e-02
2.753140831573676686e-02 2.753140831573676686e-02 6.134139023101231603e-02 8.273184838303504485e-02 3.502623697479433362e-01 3.915934944332844503e-01 6.114766444708990001e-01 8.951723861841995866e-01 6.114766444709021087e-01 3.915934944332803980e-01 3.502623697479401166e-01 8.273184838303501709e-02 6.134139023101198990e-02 2.753140831573714503e-02 2.753140831573714503e-02
2.991574906519450100e-02 2.991574906519450100e-02 7.664734936335021454e-02 9.665779520453726681e-02 3.770642971985573855e-01 4.300106614135114080e-01 5.717644060158015851e-01 8.751270342544688052e-01 5.717644060158051378e-01 4.300106614135066896e-01 3.770642971985537217e-01 9.665779520453715579e-02 7.664734936334982596e-02 2.991574906519486876e-02 2.991574906519486876e-02
3.500424843024724925e-02 3.500424843024724925e-02 9.590669339472111810e-02 1.141433449465493605e-01 4.021250265687952297e-01 4.689887872724819995e-01 5.313286921350806047e-01 8.517270559503744565e-01 5.313286921350841574e-01 4.689887872724769480e-01 4.021250265687912329e-01 1.141433449465491384e-01 9.590669339472063237e-02 3.500424843024759619e-02 3.500424843024759619e-02
4.216977753780026816e-02 4.216977753780026816e-02 1.170204062119296340e-01 1.346892931110649783e-01 4.239401009976281332e-01 5.079252430942483576e-01 4.917080202997416438e-01 8.261531190378762490e-01 4.917080202997451965e-01 5.079252430942430285e-01 4.239401009976238588e-01 1.346892931110646452e-01 1.170204062119290234e-01 4.216977753780062899e-02 4.216977753780062899e-02
5.067617060061603562e-02 5.067617060061603562e-02 1.382187766602272216e-01 1.577371903224870642e-01 4.413037350006519532e-01 5.459263359741119981e-01 4.542552173744182076e-01 7.996718167290273183e-01 4.542552173744217048e-01 5.459263359741060029e-01 4.413037350006476234e-01 1.577371903224864536e-01 1.382187766602264167e-01 5.067617060061639644e-02 5.067617060061639644e-02
5.984708043591900617e-02 5.984708043591900617e-02 1.584120607176374707e-01 1.827633939240526362e-01 4.535021397051762770e-01 5.819027070526074930e-01 4.199293083945826455e-01 7.734549440845881474e-01 4.199293083945858096e-01 5.819027070526014978e-01 4.535021397051718361e-01 1.827633939240518868e-01 1.584120607176364715e-01 5.984708043591934618e-02 5.984708043591934618e-02
6.918895812832012715e-02 6.918895812832012715e-02 1.773028765986076061e-01 2.093227015753019171e-01 4.603735092278186114e-01 6.147197416582212970e-01 3.892052628566700645e-01 7.484603461386568624e-01 3.892052628566730066e-01 6.147197416582150797e-01 4.603735092278143926e-01 2.093227015753010012e-01 1.773028765986064403e-01 6.918895812832048797e-02 6.918895812832048797e-02
7.844984192700536763e-02 7.844984192700536763e-02 1.952588558518955630e-01 2.370463936765780100e-01 4.622359457844090747e-01 6.433692171319410624e-01 3.621055170694226222e-01 7.253837301617162003e-01 3.621055170694252867e-01 6.433692171319348452e-01 4.622359457844050779e-01 2.370463936765768165e-01 1.952588558518942308e-01 7.844984192700571457e-02 7.844984192700571457e-02
8.761386906045526279e-02 8.761386906045526279e-02 2.130088885888374306e-01 2.656124465557497261e-01 4.597196020997459387e-01 6.671232286107098286e-01 3.383258630912906462e-01 7.046709009393758993e-01 3.383258630912927556e-01 6.671232286107033893e-01 4.597196020997423860e-01 2.656124465557482273e-01 2.130088885888358485e-01 8.761386906045558198e-02 8.761386906045558198e-02
9.684689270513516246e-02 9.684689270513516246e-02 2.312686439251892545e-01 2.947102470746825742e-01 4.535612263478435713e-01 6.856365419166839947e-01 3.174080192166325309e-01 6.865667932545224117e-01 3.174080192166340852e-01 6.856365419166778885e-01 4.535612263478402406e-01 2.947102470746809644e-01 2.312686439251877002e-01 9.684689270513552328e-02 9.684689270513552328e-02
1.064176865988209486e-01 1.064176865988209486e-01 2.504110183762856545e-01 3.240182810602716401e-01 4.444229335888906229e-01 6.989770784651491153e-01 2.989060815768030954e-01 6.711741764742631400e-01 2.989060815768040946e-01 6.989770784651430091e-01 4.444229335888877364e-01 3.240182810602697527e-01 2.504110183762842112e-01 1.064176865988213094e-01 1.064176865988213094e-01
1.166204246102464648e-01 1.166204246102464648e-01 2.702743537692806619e-01 3.532037760793647063e-01 4.327827279728689858e-01 7.075820978868607725e-01 2.825036627359114871e-01 6.585004665897131737e-01 2.825036627359117647e-01 7.075820978868549993e-01 4.327827279728664323e-01 3.532037760793627079e-01 2.702743537692793296e-01 1.166204246102468256e-01 1.166204246102468256e-01
1.277181916513314419e-01 1.277181916513314419e-01 2.901543011033230757e-01 3.819424561036353083e-01 4.189175389493111079e-01 7.121547972199211429e-01 2.680584752164314466e-01 6.484824059380275285e-01 2.680584752164311135e-01 7.121547972199153698e-01 4.189175389493087209e-01 3.819424561036330878e-01 2.901543011033217434e-01 1.277181916513316917e-01 1.277181916513316917e-01
1.399168324426737220e-01 1.399168324426737220e-01 3.089688314849656225e-01 4.099484625924667003e-01 4.029690868947198856e-01 7.135281301404693410e-01 2.555747337002173269e-01 6.409907417974491928e-01 2.555747337002163833e-01 7.135281301404637899e-01 4.029690868947178317e-01 4.099484625924643133e-01 3.089688314849645123e-01 1.399168324426738330e-01 1.399168324426738330e-01
1.533670500474270393e-01 1.533670500474270393e-01 3.255365170143531550e-01 4.370014811670210886e-01 3.850580878089647219e-01 7.125271046643895101e-01 2.451241307366197886e-01 6.358260103020143550e-01 2.451241307366182620e-01 7.125271046643839590e-01 3.850580878089628900e-01 4.370014811670182020e-01 3.255365170143518228e-01 1.533670500474269838e-01 1.533670500474269838e-01
1.681837714553398588e-01 1.681837714553398588e-01 3.388792430571765379e-01 4.629603059749519689e-01 3.654002414190656300e-01 7.098573809918720112e-01 2.367480874711016814e-01 6.327193977515539469e-01 2.367480874710995442e-01 7.098573809918665711e-01 3.654002414190640202e-01 4.629603059749488048e-01 3.388792430571752057e-01 1.681837714553394980e-01 1.681837714553394980e-01
1.844677579145265756e-01 1.844677579145265756e-01 3.484588511325493743e-01 4.877577452694905058e-01 3.443809878569837335e-01 7.060384963891834786e-01 2.303752190981356029e-01 6.313491481200249611e-01 2.303752190981330217e-01 7.060384963891781496e-01 3.443809878569822902e-01 4.877577452694871196e-01 3.484588511325478200e-01 1.844677579145259094e-01 1.844677579145259094e-01
2.023159427732690308e-01 2.023159427732690308e-01 3.542816590423988332e-01 5.113783545849484025e-01 3.225631317250499674e-01 7.013876545392117023e-01 2.257794126771643095e-01 6.313751284494871774e-01 2.257794126771613119e-01 7.013876545392063733e-01 3.225631317250486907e-01 5.113783545849444057e-01 3.542816590423970569e-01 2.023159427732678373e-01 2.023159427732678373e-01
2.218129949278326296e-01 2.218129949278326296e-01 3.568468865022885184e-01 5.338256596692868561e-01 3.006259982272822540e-01 6.960481794636095287e-01 2.225890891599042187e-01 6.324853076845157185e-01 2.225890891599008325e-01 6.960481794636043107e-01 3.006259982272810882e-01 5.338256596692826372e-01 3.568468865022866865e-01 2.218129949278309643e-01 2.218129949278309643e-01
2.430048127338684250e-01 2.430048127338684250e-01 3.569617342891620027e-01 5.550879454787800427e-01 2.792586023932954187e-01 6.900481989041677977e-01 2.203419242173787762e-01 6.344414534514091208e-01 2.203419242173751957e-01 6.900481989041628017e-01 2.792586023932944750e-01 5.550879454787754907e-01 3.569617342891600043e-01 2.430048127338663433e-01 2.430048127338663433e-01
2.658622283649335616e-01 2.658622283649335616e-01 3.554835897009215318e-01 5.751111346281767567e-01 2.590446814302332923e-01 6.833713224923017027e-01 2.185662151689876931e-01 6.371095876324439633e-01 2.185662151689838906e-01 6.833713224922970397e-01 2.590446814302325707e-01 5.751111346281720937e-01 3.554835897009195333e-01 2.658622283649312301e-01 2.658622283649312301e-01
2.902476960277897700e-01 2.902476960277897700e-01 3.530681700984157345e-01 5.937844672461322082e-01 2.403795565222313357e-01 6.760220102068517090e-01 2.168635270824409433e-01 6.404641549973061343e-01 2.168635270824372796e-01 6.760220102068472681e-01 2.403795565222307529e-01 5.937844672461273232e-01 3.530681700984138471e-01 2.902476960277870499e-01 2.902476960277870499e-01
3.158977885560035892e-01 3.158977885560035892e-01 3.499970179854982044e-01 6.109408200237911313e-01 2.234472120405689988e-01 6.680728510827431688e-01 2.149684729565062291e-01 6.445621465156230467e-01 2.149684729565025099e-01 6.680728510827391720e-01 2.234472120405686379e-01 6.109408200237861353e-01 3.499970179854962615e-01 3.158977885560008136e-01 3.158977885560008136e-01
3.424300213901669832e-01 3.424300213901669832e-01 3.461312856652943859e-01 6.263698221558746670e-01 2.082647268473189484e-01 6.596873637862803452e-01 2.127695362407564517e-01 6.494920825433398992e-01 2.127695362407528712e-01 6.596873637862765705e-01 2.082647268473186708e-01 6.263698221558698931e-01 3.461312856652927761e-01 3.424300213901642076e-01 3.424300213901642076e-01
3.693753037295270381e-01 3.693753037295270381e-01 3.409998043724107308e-01 6.398394232024147144e-01 1.947774305117291327e-01 6.511184097322462172e-01 2.102870435055208542e-01 6.553100383088932279e-01 2.102870435055175236e-01 6.511184097322424424e-01 1.947774305117289384e-01 6.398394232024099404e-01 3.409998043724095096e-01 3.693753037295242070e-01 3.693753037295242070e-01
3.962294949217555207e-01 3.962294949217555207e-01 3.339898559573123982e-01 6.511207345353513531e-01 1.829698769303959027e-01 6.426874383732990026e-01 2.076171395487202975e-01 6.619786674138636862e-01 2.076171395487173554e-01 6.426874383732956719e-01 1.829698769303956529e-01 6.511207345353466902e-01 3.339898559573113435e-01 3.962294949217528006e-01 3.962294949217528006e-01
4.225115707763327788e-01 4.225115707763327788e-01 3.245803663550713702e-01 6.600117183039732049e-01 1.729511483367682789e-01 6.347526835531017708e-01 2.048603610286066079e-01 6.693245610460197836e-01 2.048603610286039989e-01 6.347526835530985512e-01 1.729511483367678903e-01 6.600117183039687641e-01 3.245803663550707596e-01 4.225115707763299477e-01 4.225115707763299477e-01
4.478136249967702431e-01 4.478136249967702431e-01 3.125472925063066398e-01 6.663570537654515125e-01 1.649805396117152434e-01 6.276748458358689664e-01 2.020575470062940804e-01 6.770247258467225748e-01 2.020575470062919710e-01 6.276748458358659688e-01 1.649805396117146605e-01 6.663570537654472936e-01 3.125472925063060847e-01 4.478136249967674676e-01 4.478136249967674676e-01
4.718300443489147900e-01 4.718300443489147900e-01 2.980818810551713050e-01 6.700634295576750610e-01 1.594191241644470347e-01 6.217870602700605875e-01 1.991533273149431182e-01 6.846259504690105357e-01 1.991533273149414807e-01 6.217870602700578120e-01 1.594191241644462020e-01 6.700634295576710642e-01 2.980818810551708054e-01 4.718300443489119589e-01 4.718300443489119589e-01
4.943590697596386696e-01 4.943590697596386696e-01 2.817901967748678294e-01 6.711108255833648784e-01 1.566179179293737955e-01 6.173728482602288681e-01 1.959990423783979085e-01 6.915933043546329539e-01 1.959990423783968816e-01 6.173728482602263146e-01 1.566179179293727963e-01 6.711108255833613256e-01 2.817901967748671632e-01 4.943590697596357275e-01 4.943590697596357275e-01
5.152778385738518985e-01 5.152778385738518985e-01 2.645780894404355932e-01 6.695606619595578790e-01 1.567761776366588533e-01 6.146523183959187175e-01 1.923950033216605959e-01 6.973778127843777153e-01 1.923950033216600686e-01 6.146523183959162751e-01 1.567761776366577431e-01 6.695606619595544373e-01 2.645780894404347605e-01 5.152778385738487898e-01 5.152778385738487898e-01
5.344995652374464612e-01 5.344995652374464612e-01 2.474588428214385127e-01 6.655610992642406742e-01 1.598162188047016208e-01 6.137741385714901021e-01 1.881598230754100709e-01 7.014897979790511995e-01 1.881598230754100709e-01 6.137741385714882147e-01 1.598162188047003440e-01 6.655610992642375656e-01 2.474588428214373470e-01 5.344995652374431305e-01 5.344995652374431305e-01
5.519265444715565350e-01 5.519265444715565350e-01 2.313415977824072600e-01 6.593487593178195549e-01 1.653194580289556737e-01 6.148095202497826373e-01 1.832056042523251826e-01 7.035640484446319398e-01 1.832056042523256545e-01 6.148095202497807499e-01 1.653194580289543414e-01 6.593487593178164463e-01 2.313415977824056224e-01 5.519265444715528712e-01 5.519265444715528712e-01
5.674137012222553178e-01 5.674137012222553178e-01 2.168616706003231864e-01 6.512453120652818006e-01 1.725521302597384787e-01 6.177449657783129489e-01 1.775947478290046955e-01 7.034056851512738850e-01 1.775947478290056669e-01 6.177449657783111725e-01 1.725521302597372020e-01 6.512453120652788030e-01 2.168616706003211603e-01 5.674137012222513210e-01 5.674137012222513210e-01
5.807541879510674798e-01 5.807541879510674798e-01 2.042989184295730953e-01 6.416471989830443423e-01 1.805828799538236606e-01 6.224726357102854379e-01 1.715581950019764435e-01 7.010104627072681893e-01 1.715581950019778312e-01 6.224726357102836616e-01 1.805828799538226614e-01 6.416471989830416778e-01 2.042989184295708194e-01 5.807541879510635940e-01 5.807541879510635940e-01
5.916920012840403142e-01 5.916920012840403142e-01 1.936024202480831069e-01 6.310073712726633754e-01 1.884660277321338340e-01 6.287801993463359995e-01 1.654652339157099694e-01 6.965589409205064086e-01 1.654652339157117180e-01 6.287801993463343342e-01 1.884660277321330846e-01 6.310073712726605999e-01 1.936024202480807199e-01 5.916920012840359844e-01 5.916920012840359844e-01
5.999586566400492149e-01 5.999586566400492149e-01 1.845076170344592537e-01 6.198091324997323515e-01 1.954425238180680924e-01 6.363448862821058372e-01 1.597489518012631948e-01 6.903890128359870815e-01 1.597489518012650822e-01 6.363448862821042828e-01 1.954425238180675373e-01 6.198091324997296869e-01 1.845076170344568389e-01 5.999586566400447740e-01 5.999586566400447740e-01
6.053239018368583579e-01 6.053239018368583579e-01 1.767052929701736774e-01 6.085336404648360453e-01 2.011023792800979981e-01 6.447380122972027339e-01 1.548051383072228115e-01 6.829544626652161998e-01 1.548051383072247822e-01 6.447380122972012906e-01 2.011023792800976651e-01 6.085336404648336028e-01 1.767052929701712627e-01 6.053239018368542501e-01 6.053239018368542501e-01
6.076462719364406073e-01 6.076462719364406073e-01 1.700080722400703348e-01 5.976239966252290259e-01 2.054607144169268151e-01 6.534456159456178970e-01 1.508919101447318001e-01 6.747779491308086852e-01 1.508919101447337430e-01 6.534456159456165647e-01 2.054607144169265931e-01 5.976239966252265834e-01 1.700080722400678646e-01 6.076462719364364995e-01 6.076462719364364995e-01
6.069091475670035374e-01 6.069091475670035374e-01 1.644630417635738751e-01 5.874499003416232545e-01 2.089225226253846324e-01 6.619077300615053838e-01 1.480594683338956052e-01 6.664052592455192991e-01 1.480594683338974371e-01 6.619077300615041626e-01 2.089225226253845769e-01 5.874499003416210341e-01 1.644630417635714048e-01 6.069091475669996516e-01 6.069091475669996516e-01
6.032318798839318985e-01 6.032318798839318985e-01 1.603772496950941207e-01 5.782774491756292878e-01 2.121424063651738967e-01 6.695737853017766916e-01 1.461330888919792070e-01 6.583647522888901316e-01 1.461330888919808724e-01 6.695737853017755814e-01 2.121424063651739245e-01 5.782774491756271784e-01 1.603772496950915394e-01 6.032318798839280127e-01 6.032318798839280127e-01
5.968523523720903334e-01 5.968523523720903334e-01 1.582502846636658078e-01 5.702487409542245089e-01 2.158158873925163368e-01 6.759660729631156162e-01 1.447589486839515605e-01 6.511328817051471596e-01 1.447589486839529482e-01 6.759660729631145060e-01 2.158158873925164478e-01 5.702487409542225105e-01 1.582502846636630045e-01 5.968523523720865587e-01 5.968523523720865587e-01
5.880851323137724629e-01 5.880851323137724629e-01 1.586364446457766697e-01 5.633753529615215250e-01 2.204594647587909129e-01 6.807389082083019627e-01 1.435051387468519735e-01 6.451047307273360953e-01 1.435051387468531114e-01 6.807389082083007414e-01 2.204594647587910239e-01 5.633753529615195266e-01 1.586364446457735333e-01 5.880851323137683551e-01 5.880851323137683551e-01
5.772659542343034911e-01 5.772659542343034911e-01 1.619796906088445121e-01 5.575483702745521741e-01 2.262411399081550867e-01 6.837198048496352376e-01 1.419939607631332257e-01 6.405683289839587680e-01 1.419939607631340583e-01 6.837198048496340164e-01 2.262411399081553365e-01 5.575483702745501757e-01 1.619796906088408761e-01 5.772659542342991612e-01 5.772659542342991612e-01
5.646968776483483055e-01 5.646968776483483055e-01 1.684716941777262833e-01 5.525653017173078885e-01 2.329099881095224589e-01 6.849214722290690727e-01 1.400310769593826887e-01 6.376831171986763191e-01 1.400310769593831606e-01 6.849214722290679624e-01 2.329099881095227365e-01 5.525653017173057791e-01 1.684716941777223420e-01 5.646968776483438646e-01 5.646968776483438646e-01
5.506061380721707366e-01 5.506061380721707366e-01 1.779750932361336413e-01 5.481710838611498771e-01 2.398460063507101003e-01 6.845194397647675899e-01 1.376956377526292186e-01 6.364655415550082296e-01 1.376956377526292741e-01 6.845194397647664797e-01 2.398460063507105444e-01 5.481710838611478787e-01 1.779750932361293669e-01 5.506061380721659626e-01 5.506061380721659626e-01
5.351326274035690389e-01 5.351326274035690389e-01 1.900334561382986676e-01 5.441069341541624471e-01 2.462175728658408391e-01 6.827980937883779688e-01 1.353640500263441071e-01 6.367870883551947081e-01 1.353640500263438851e-01 6.827980937883768586e-01 2.462175728658413387e-01 5.441069341541606708e-01 1.900334561382941434e-01 5.351326274035641539e-01 5.351326274035641539e-01
5.183382814893546797e-01 5.183382814893546797e-01 2.039629668435579135e-01 5.401579590430707345e-01 2.512030824389717143e-01 6.800756670623007150e-01 1.336566485671655813e-01 6.383906559158896155e-01 1.336566485671649984e-01 6.800756670622996047e-01 2.512030824389722694e-01 5.401579590430688471e-01 2.039629668435531951e-01 5.183382814893495727e-01 5.183382814893495727e-01
5.002442652753644747e-01 5.002442652753644747e-01 2.189966240422510091e-01 5.361892160354683190e-01 2.542145655592555897e-01 6.766240944607907482e-01 1.333168746813120920e-01 6.409289257181873811e-01 1.333168746813112038e-01 6.766240944607899710e-01 2.542145655592563669e-01 5.361892160354664316e-01 2.189966240422461796e-01 5.002442652753591457e-01 5.002442652753591457e-01
4.808807098590653917e-01 4.808807098590653917e-01 2.344370537189190695e-01 5.321612301618319218e-01 2.550598803412557070e-01 6.726012213566954223e-01 1.350510912166983934e-01 6.440231910955156458e-01 1.350510912166971444e-01 6.726012213566945341e-01 2.550598803412562621e-01 5.321612301618301455e-01 2.344370537189142401e-01 4.808807098590599516e-01 4.808807098590599516e-01
4.603364423683295459e-01 4.603364423683295459e-01 2.497730633163346980e-01 5.281200068673045367e-01 2.539968962439093092e-01 6.680103202323055545e-01 1.393686357871512516e-01 6.473340525670909784e-01 1.393686357871498083e-01 6.680103202323048883e-01 2.539968962439098643e-01 5.281200068673026493e-01 2.497730633163299796e-01 4.603364423683240503e-01 4.603364423683240503e-01
4.387954148125035037e-01 4.387954148125035037e-01 2.647277508365215581e-01 5.241627000070461229e-01 2.516632735533261278e-01 6.626959947246031657e-01 1.464627313612718307e-01 6.506287744266125994e-01 1.464627313612701376e-01 6.626959947246024996e-01 2.516632735533265164e-01 5.241627000070441245e-01 2.647277508365169507e-01 4.387954148124978415e-01 4.387954148124978415e-01
4.165501602188850239e-01 4.165501602188850239e-01 2.792281111645533165e-01 5.203867751142727816e-01 2.489004083430052250e-01 6.563777855847762188e-01 1.561628866795639059e-01 6.538266860781397627e-01 1.561628866795620740e-01 6.563777855847756637e-01 2.489004083430053083e-01 5.203867751142705611e-01 2.792281111645490421e-01 4.165501602188794728e-01 4.165501602188794728e-01
3.939884982639327848e-01 3.939884982639327848e-01 2.933106705945842108e-01 5.168358044711214294e-01 2.465198875104944176e-01 6.487148388118950670e-01 1.679709601438037492e-01 6.570060048601314984e-01 1.679709601438019173e-01 6.487148388118946229e-01 2.465198875104942511e-01 5.168358044711189869e-01 2.933106705945801584e-01 3.939884982639271227e-01 3.939884982639271227e-01
3.715562718845302204e-01 3.715562718845302204e-01 3.069971630557830622e-01 5.134571821497104782e-01 2.450769218970650365e-01 6.393884349466949502e-01 1.811711016187805834e-01 6.603634547013603751e-01 1.811711016187788625e-01 6.393884349466946171e-01 2.450769218970644814e-01 5.134571821497080357e-01 3.069971630557793985e-01 3.715562718845247803e-01 3.715562718845247803e-01
3.497044541963173492e-01 3.497044541963173492e-01 3.201828054702201554e-01 5.100850982978195614e-01 2.447132107955964087e-01 6.281852662831903800e-01 1.949843930084549648e-01 6.641305207660059828e-01 1.949843930084533272e-01 6.281852662831901579e-01 2.447132107955953262e-01 5.100850982978168968e-01 3.201828054702166582e-01 3.497044541963120756e-01 3.497044541963120756e-01
3.288322365205530451e-01 3.288322365205530451e-01 3.325749665456675386e-01 5.064562687472686786e-01 2.451122972278043100e-01 6.150638827212279169e-01 2.087276466500137262e-01 6.684637022968513698e-01 2.087276466500123384e-01 6.150638827212276949e-01 2.451122972278028112e-01 5.064562687472659031e-01 3.325749665456640969e-01 3.288322365205478270e-01 3.288322365205478270e-01
3.092380926705463051e-01 3.092380926705463051e-01 3.437036824352189823e-01 5.022575264191795341e-01 2.455794083202885447e-01 6.001899062272526564e-01 2.219357749598124818e-01 6.733364353387853996e-01 2.219357749598113161e-01 6.001899062272525454e-01 2.455794083202865741e-01 5.022575264191766475e-01 3.437036824352157627e-01 3.092380926705409760e-01 3.092380926705409760e-01
2.910884850280214264e-01 2.910884850280214264e-01 3.530027579057229969e-01 4.971955696513447598e-01 2.452239468932715383e-01 5.839319057152447812e-01 2.344185028219516465e-01 6.784637504590943502e-01 2.344185028219507028e-01 5.839319057152446701e-01 2.452239468932690403e-01 4.971955696513418177e-01 3.530027579057198883e-01 2.910884850280158753e-01 2.910884850280158753e-01
2.744096527982913813e-01 2.744096527982913813e-01 3.599381262942607518e-01 4.910722681624172803e-01 2.431956751031035813e-01 5.668179520312839337e-01 2.462417222752986412e-01 6.832853815920533203e-01 2.462417222752979473e-01 5.668179520312837116e-01 2.431956751031004726e-01 4.910722681624143382e-01 3.599381262942576987e-01 2.744096527982858857e-01 2.744096527982858857e-01
2.591029764132546376e-01 2.591029764132546376e-01 3.641454085567722987e-01 4.838459107430728712e-01 2.389125111233665888e-01 5.494610435849163199e-01 2.576457862687586697e-01 6.870197363732175599e-01 2.576457862687582812e-01 5.494610435849158758e-01 2.389125111233629806e-01 4.838459107430699291e-01 3.641454085567694676e-01 2.591029764132489199e-01 2.591029764132489199e-01
2.449799229132191836e-01 2.449799229132191836e-01 3.655355474553700912e-01 4.756607255480249652e-01 2.322218812590908232e-01 5.324679576965878347e-01 2.689309634982137154e-01 6.887831706256472009e-01 2.689309634982134378e-01 5.324679576965873906e-01 2.322218812590867987e-01 4.756607255480220231e-01 3.655355474553675377e-01 2.449799229132132994e-01 2.449799229132132994e-01
2.318094225861308255e-01 2.318094225861308255e-01 3.643367278318577762e-01 4.668337965220163976e-01 2.234569647108600454e-01 5.163492600587126224e-01 2.803486887384992743e-01 6.877512601989820284e-01 2.803486887384991078e-01 5.163492600587118453e-01 2.234569647108555768e-01 4.668337965220132890e-01 3.643367278318553892e-01 2.318094225861248026e-01 2.318094225861248026e-01
2.193691074897357041e-01 2.193691074897357041e-01 3.610595001906058976e-01 4.577987245855088538e-01 2.133779508445047268e-01 5.014476382328785231e-01 2.920334753749075363e-01 6.833262391340093611e-01 2.920334753749074252e-01 5.014476382328776349e-01 2.133779508444999806e-01 4.577987245855055787e-01 3.610595001906037327e-01 2.193691074897294313e-01 2.193691074897294313e-01
2.074920715024348716e-01 2.074920715024348716e-01 3.563943000360101365e-01 4.490165489338679983e-01 2.030182569742374488e-01 4.878977286102545996e-01 3.039954053413954638e-01 6.752710882280004157e-01 3.039954053413953527e-01 4.878977286102533228e-01 2.030182569742323695e-01 4.490165489338647786e-01 3.563943000360081936e-01 2.074920715024287654e-01 2.074920715024287654e-01
1.961022539905347695e-01 1.961022539905347695e-01 3.510696343981999368e-01 4.408735560231880068e-01 1.934783015090775216e-01 4.756241445202997742e-01 3.161714563328030247e-01 6.637770614769110677e-01 3.161714563328028582e-01 4.756241445202983309e-01 1.934783015090722480e-01 4.408735560231846762e-01 3.510696343981982714e-01 1.961022539905287188e-01 1.961022539905287188e-01
1.852336405398478658e-01 1.852336405398478658e-01 3.457094454666605476e-01 4.335900072343343292e-01 1.857191426184672811e-01 4.643767954994751923e-01 3.285123068298936855e-01 6.494461414522372245e-01 3.285123068298932969e-01 4.643767954994736380e-01 1.857191426184617855e-01 4.335900072343307210e-01 3.457094454666592154e-01 1.852336405398419816e-01 1.852336405398419816e-01
1.750307363166009045e-01 1.750307363166009045e-01 3.407267481597145986e-01 4.271620743138265230e-01 1.804033648132878365e-01 4.537952366346426070e-01 3.410667303988726973e-01 6.331892692307850012e-01 3.410667303988722532e-01 4.537952366346408306e-01 1.804033648132821466e-01 4.271620743138225818e-01 3.407267481597133219e-01 1.750307363165952146e-01 1.750307363165952146e-01
1.657299425434552720e-01 1.657299425434552720e-01 3.362784039192044938e-01 4.213517205407478761e-01 1.778136557395161021e-01 4.434881046661138804e-01 3.540234789992645625e-01 6.160604409949896887e-01 3.540234789992641184e-01 4.434881046661118820e-01 1.778136557395103012e-01 4.213517205407436017e-01 3.362784039192033836e-01 1.657299425434498041e-01 1.657299425434498041e-01
1.576235269046936671e-01 1.576235269046936671e-01 3.322869627917467428e-01 4.157279662403529086e-01 1.778565002894635927e-01 4.331109230381838815e-01 3.676823242734608144e-01 5.990614127784907872e-01 3.676823242734601482e-01 4.331109230381818831e-01 1.778565002894578750e-01 4.157279662403486897e-01 3.322869627917456326e-01 1.576235269046886156e-01 1.576235269046886156e-01
1.510099222975476441e-01 1.510099222975476441e-01 3.285159248459744163e-01 4.097510331540600292e-01 1.801365450669324408e-01 4.224265061571623736e-01 3.823489806441455752e-01 5.829586012273599849e-01 3.823489806441446315e-01 4.224265061571603197e-01 1.801365450669268065e-01 4.097510331540556994e-01 3.285159248459733616e-01 1.510099222975429534e-01 1.510099222975429534e-01
1.461361708594775821e-01 1.461361708594775821e-01 3.246705556002630333e-01 4.028813733695824073e-01 1.840726108225128610e-01 4.113369059260988392e-01 3.981763921920775662e-01 5.681514516547729876e-01 3.981763921920763449e-01 4.113369059260968963e-01 1.840726108225073099e-01 4.028813733695780774e-01 3.246705556002622006e-01 1.461361708594731135e-01 1.461361708594731135e-01
1.431403135110729530e-01 1.431403135110729530e-01 3.204916430376912317e-01 3.946906935423113438e-01 1.890222921820134960e-01 3.998833406219321485e-01 4.149985886933921786e-01 5.546206849898940305e-01 4.149985886933905688e-01 3.998833406219300945e-01 1.890222921820081670e-01 3.946906935423071250e-01 3.204916430376903991e-01 1.431403135110687341e-01 1.431403135110687341e-01
1.420030149319207458e-01 1.420030149319207458e-01 3.158152860878564727e-01 3.849524741410670359e-01 1.943881268380631411e-01 3.882188957166785581e-01 4.322146975847445116e-01 5.419678346831519056e-01 4.322146975847425132e-01 3.882188957166763377e-01 1.943881268380579508e-01 3.849524741410627615e-01 3.158152860878554735e-01 1.420030149319166102e-01 1.420030149319166102e-01
1.425181252620849048e-01 1.425181252620849048e-01 3.105856255242594455e-01 3.736944953396128533e-01 1.996908035498018708e-01 3.765655891673714284e-01 4.487745645913790438e-01 5.295380462406783506e-01 4.487745645913763792e-01 3.765655891673690969e-01 1.996908035497969580e-01 3.736944953396088565e-01 3.105856255242583908e-01 1.425181252620810468e-01 1.425181252620810468e-01
1.442906232065130911e-01 1.442906232065130911e-01 3.048245805985444479e-01 3.612039956480712632e-01 2.046085330908226640e-01 3.651705492280780674e-01 4.632936973702106442e-01 5.166004765247691477e-01 4.632936973702075356e-01 3.651705492280757914e-01 2.046085330908180011e-01 3.612039956480676550e-01 3.048245805985435597e-01 1.442906232065094274e-01 1.442906232065094274e-01
1.467671133337430656e-01 1.467671133337430656e-01 2.985774732941420817e-01 3.479854819563767410e-01 2.089915757200165036e-01 3.542745132492842730e-01 4.742893914908698494e-01 5.025486044287137410e-01 4.742893914908660191e-01 3.542745132492818860e-01 2.089915757200120905e-01 3.479854819563734103e-01 2.985774732941411935e-01 1.467671133337395684e-01 1.467671133337395684e-01
1.492988819536742728e-01 1.492988819536742728e-01 2.918611513914929345e-01 3.346801236128912338e-01 2.128640572115578777e-01 3.441000639677571638e-01 4.804917499792151769e-01 4.870787819661196449e-01 4.804917499792110136e-01 3.441000639677548323e-01 2.128640572115537699e-01 3.346801236128885138e-01 2.918611513914922684e-01 1.492988819536709699e-01 1.492988819536709699e-01
1.512311489342503812e-01 1.512311489342503812e-01 2.846394657430242336e-01 3.219625715212888206e-01 2.164215319840073759e-01 3.348588501288597419e-01 4.811543329267653490e-01 4.703099086714139232e-01 4.811543329267606861e-01 3.348588501288575769e-01 2.164215319840035456e-01 3.219625715212864892e-01 2.846394657430236230e-01 1.512311489342472726e-01 1.512311489342472726e-01
1.520058084207616400e-01 1.520058084207616400e-01 2.768403778020958050e-01 3.104347465037234355e-01 2.200248565413828739e-01 3.267692475907775229e-01 4.762790963139261757e-01 4.528188107291937770e-01 4.762790963139212352e-01 3.267692475907754135e-01 2.200248565413793211e-01 3.104347465037213261e-01 2.768403778020951389e-01 1.520058084207587534e-01 1.520058084207587534e-01
1.512601399985836759e-01 1.512601399985836759e-01 2.684130544000771224e-01 3.005359451260423143e-01 2.241829699727865000e-01 3.200712654558688364e-01 4.666840033649765074e-01 4.355820942609806012e-01 4.666840033649712893e-01 3.200712654558668380e-01 2.241829699727831415e-01 3.005359451260402048e-01 2.684130544000761787e-01 1.512601399985809836e-01 1.512601399985809836e-01
1.489021260368410537e-01 1.489021260368410537e-01 2.594072722300681533e-01 2.924845752826649159e-01 2.295132396716885737e-01 3.150258095583584605e-01 4.538774692013757273e-01 4.198328387745445256e-01 4.538774692013702872e-01 3.150258095583565177e-01 2.295132396716853818e-01 2.924845752826630840e-01 2.594072722300670986e-01 1.489021260368385835e-01 1.489021260368385835e-01
1.451450781347613517e-01 1.451450781347613517e-01 2.500466606177031426e-01 2.862599176970986314e-01 2.366706062540001598e-01 3.118908605118000388e-01 4.397532473861246460e-01 4.068566241794833727e-01 4.397532473861192059e-01 3.118908605117984290e-01 2.366706062539970234e-01 2.862599176970970771e-01 2.500466606177020878e-01 1.451450781347591867e-01 1.451450781347591867e-01
1.404903838002081740e-01 1.404903838002081740e-01 2.407655805892730816e-01 2.816242216095891093e-01 2.462457403194128758e-01 3.108760509393284632e-01 4.261694403202470616e-01 3.977635896931291937e-01 4.261694403202417325e-01 3.108760509393268534e-01 2.462457403194097394e-01 2.816242216095877771e-01 2.407655805892720269e-01 1.404903838002063421e-01 1.404903838002063421e-01
1.356564873026308016e-01 1.356564873026308016e-01 2.321878323237908659e-01 2.781781486781588209e-01 2.586450243619057288e-01 3.120865101007258557e-01 4.145117907063607388e-01 3.932794488773966313e-01 4.145117907063554652e-01 3.120865101007241904e-01 2.586450243619025091e-01 2.781781486781578772e-01 2.321878323237899222e-01 1.356564873026291917e-01 1.356564873026291917e-01
1.314629840251823611e-01 1.314629840251823611e-01 2.250417923118849528e-01 2.754376486974335903e-01 2.739768331606465823e-01 3.154732982605927827e-01 4.053529662271835310e-01 3.935970572713772819e-01 4.053529662271783129e-01 3.154732982605911729e-01 2.739768331606431406e-01 2.754376486974329241e-01 2.250417923118841201e-01 1.314629840251810844e-01 1.314629840251810844e-01
