# L = 12 / J = 1 / lamb = 0.5
# particle_position = 6
# final_time = 10 / steps = 100
0.000000000000000000e+00 0.000000000000000000e+00 0.000000000000000000e+00 0.000000000000000000e+00 0.000000000000000000e+00 0.000000000000000000e+00 0.000000000000000000e+00 0.000000000000000000e+00 0.000000000000000000e+00 0.000000000000000000e+00 0.000000000000000000e+00 0.000000000000000000e+00 1.000000000000000000e+00 1.000000000000000000e+00 1.000000000000000000e+00 0.000000000000000000e+00 0.000000000000000000e+00 0.000000000000000000e+00 0.000000000000000000e+00 0.000000000000000000e+00 0.000000000000000000e+00 0.000000000000000000e+00 0.000000000000000000e+00
2.446340267927198629e-03 2.446340267927198629e-03 4.880454208241946472e-03 2.446379887610394734e-03 4.880493766618204318e-03 2.446379887705275868e-03 4.880493766713298390e-03 2.446379887705558195e-03 4.880493970281175355e-03 2.446380091468154834e-03 4.929824187802178508e-03 2.495792266560650004e-03 9.950700938817671481e-01 9.975536198650832853e-01 9.950700938817661489e-01 2.495792266560656943e-03 4.929824187802211467e-03 2.446380091468174783e-03 4.880493970186377053e-03 2.446379887610649305e-03 4.880454208242205813e-03 2.446340267927156129e-03 2.446340267927156129e-03
9.165249885696875529e-03 9.165249885696875529e-03 1.814750542331715691e-02 9.167663028935794239e-03 1.814990375528274108e-02 9.167663121610908350e-03 1.814990384875218160e-02 9.167663122743318488e-03 1.814995389063277231e-02 9.167713353079481528e-03 1.890806804679993208e-02 9.930817023962899143e-03 9.810869489135730648e-01 9.908322756774425866e-01 9.810869489135730648e-01 9.930817023962989348e-03 1.890806804679866920e-02 9.167713353078102423e-03 1.814995379828875099e-02 9.167663030066759353e-03 1.814750542444393613e-02 9.165249885696868590e-03 9.165249885696868590e-03
1.846633449143235753e-02 1.846633449143235753e-02 3.610464936260596863e-02 1.849163500360180221e-02 3.612960534354727610e-02 1.849163994353473367e-02 3.612961037987015567e-02 1.849164008013762586e-02 3.613080964851400623e-02 1.849284923961797000e-02 3.972152577217127889e-02 2.213584655177200725e-02 9.602263406993790662e-01 9.815068763887447867e-01 9.602263406993782890e-01 2.213584655177220153e-02 3.972152577178200000e-02 1.849284923922511759e-02 3.613080474692317856e-02 1.849163513981992232e-02 3.610464949773532772e-02 1.846633449144054889e-02 1.846633449144054889e-02
2.804832196178900020e-02 2.804832196178900020e-02 5.386555360135977799e-02 2.817479835802160631e-02 5.398902789851783846e-02 2.817487696058400964e-02 5.398910927395473430e-02 2.817488085716238558e-02 5.400002499500881903e-02 2.818595047648558144e-02 6.435093437264505223e-02 3.879810171573244704e-02 9.353890772947544008e-01 9.718114060574186697e-01 9.353890772947531795e-01 3.879810171573381400e-02 6.435093435346586621e-02 2.818595045700306514e-02 5.399994742499075046e-02 2.817480223587549501e-02 5.386555742661876950e-02 2.804832196252480744e-02 2.804832196252480744e-02
3.561303122961698847e-02 3.561303122961698847e-02 6.680761327643572334e-02 3.602755902866667387e-02 6.720715456853720848e-02 3.602819501969212190e-02 6.720782641220816866e-02 3.602824483970001879e-02 6.726565355875198382e-02 3.608728048383363918e-02 8.976560814549681966e-02 5.944367702514424812e-02 9.093840226489861012e-01 9.638977221417341923e-01 9.093840226489439127e-01 5.944367702517960178e-02 8.976560777779564460e-02 3.608728010670256975e-02 6.726502981175938589e-02 3.602760849521398356e-02 6.680766175974103827e-02 3.561303125221895044e-02 3.561303125221895044e-02
3.945769802190531722e-02 3.945769802190531722e-02 7.186854194400046913e-02 4.048319726422930365e-02 7.284231539070484818e-02 4.048651493625483183e-02 7.284591024771643053e-02 4.048689468361635346e-02 7.306169605491778796e-02 4.070874660075257667e-02 1.136828139564953627e-01 8.345228796137502125e-02 8.842151056209927029e-01 9.592307711714652685e-01 8.842151056199892833e-01 8.345228796215688194e-02 1.136828101319576623e-01 4.070874262787570197e-02 7.305846336895828463e-02 4.048357341131034182e-02 7.186890820545893677e-02 3.945769837135144203e-02 3.945769837135144203e-02
3.888303438149014191e-02 3.888303438149014191e-02 6.828744236041962845e-02 4.094458858136035967e-02 7.021277572021356050e-02 4.095725092112030563e-02 7.022693079603359312e-02 4.095926080166253924e-02 7.085525826218236345e-02 4.160964605261274762e-02 1.350728273199861273e-01 1.101131322038437638e-01 8.606936125154529549e-01 9.581987345141143031e-01 8.606936125015860473e-01 1.101131322143872188e-01 1.350728015933859993e-01 4.160961888354700045e-02 7.084299804064775330e-02 4.094657490903290398e-02 6.828936515649464134e-02 3.888303770869765141e-02 3.888303770869765141e-02
3.431593057957287030e-02 3.431593057957287030e-02 5.760477362684510855e-02 3.782875426908317157e-02 6.082801443423061644e-02 3.786687206286309948e-02 6.087226786902721204e-02 3.787496377432349876e-02 6.239059849096303262e-02 3.945581010307535469e-02 1.542729828558420668e-01 1.387100083585815491e-01 8.384659576639739154e-01 9.600379946839689982e-01 8.384659575361431694e-01 1.387100084556184554e-01 1.542728587161346643e-01 3.945567617900441054e-02 6.235390290840788635e-02 3.783673642460270992e-02 5.761246768985323063e-02 3.431595257303532431e-02 3.431595257303532431e-02
2.713302359198528982e-02 2.713302359198528982e-02 4.299487796060345868e-02 3.233336876205355342e-02 4.768178999793024758e-02 3.242830677877599210e-02 4.779714772868309813e-02 3.245458978034693187e-02 5.096645318097650645e-02 3.576833757265121538e-02 1.726964095890906603e-01 1.686075715808899866e-01 8.163967846233275427e-01 9.630729048864885566e-01 8.163967837660358606e-01 1.686075722460411430e-01 1.726959509729081299e-01 3.576782889499797308e-02 5.087551441069510655e-02 3.235926600651773538e-02 4.301979967999010335e-02 2.713313256103988894e-02 2.713313256103988894e-02
1.925563693080380168e-02 1.925563693080380168e-02 2.821365351942784622e-02 2.603281584364803419e-02 3.421882906130430113e-02 2.623473518513329272e-02 3.447803092956606280e-02 2.630642762089393030e-02 4.035227812574126299e-02 3.246018366484514778e-02 1.922425752842964464e-01 1.993064867683600749e-01 7.931351595920934638e-01 9.651793500988159469e-01 7.931351551445842141e-01 1.993064903686531109e-01 1.922412226116353429e-01 3.245862712755238216e-02 4.015972039845229491e-02 2.610343954164055444e-02 2.828174708925290312e-02 1.925606297693814584e-02 1.925606297693814584e-02
1.264254858020223693e-02 1.264254858020223693e-02 1.653381106687906721e-02 2.044784103019395283e-02 2.335216577139926850e-02 2.082235358716929066e-02 2.386602826395365848e-02 2.099127942500284699e-02 3.372685274841041164e-02 3.131104206412549384e-02 2.145982067668836535e-01 2.304450864189036829e-01 7.676539682376802842e-01 9.643266535024728192e-01 7.676539495519862921e-01 2.304451024318315000e-01 2.145949385585007585e-01 3.130708709878906454e-02 3.337129743759385814e-02 2.061438628838243095e-02 1.669539114353166265e-02 1.264391064185005180e-02 1.264391064185005180e-02
8.820905236576546959e-03 8.820905236576546959e-03 9.992444499962033211e-03 1.671592683227187889e-02 1.683132578747188052e-02 1.732981091582112831e-02 1.774525830107330504e-02 1.768068387907088118e-02 3.295744256019196572e-02 3.353103818131842467e-02 2.406358429551332667e-01 2.617449589017719624e-01 7.395936330014782900e-01 9.590469876509466474e-01 7.395935671009944423e-01 2.617450190765532314e-01 2.406292989351523082e-01 3.352252473469659322e-02 3.237796162589166166e-02 1.706250856821575276e-02 1.033240323711626107e-02 8.824554865571257109e-03 8.824554865571257109e-03
8.568394566766727311e-03 8.568394566766727311e-03 9.123544803179606949e-03 1.543262714137098694e-02 1.508961296729846233e-02 1.632805565955187596e-02 1.656545019876210986e-02 1.697995026547863273e-02 3.837248495408068089e-02 3.951859659910929301e-02 2.700734074126465156e-01 2.929200371104794254e-01 7.093357641979370909e-01 9.487201981633995862e-01 7.093355633410526329e-01 2.929202320965805240e-01 2.700626140036292977e-01 3.950288930266320636e-02 3.753486421850741467e-02 1.607833125321459986e-02 9.767006465963810891e-03 8.576727490433252304e-03 8.576727490433252304e-03
1.180519954105744597e-02 1.180519954105744597e-02 1.315899518865775927e-02 1.666336836419964745e-02 1.750829089515875542e-02 1.782609008798920550e-02 1.969053281346983333e-02 1.892070587012688668e-02 4.899037419043352631e-02 4.884836874452529870e-02 3.014718229030964314e-01 3.235847288190251692e-01 6.778384886189707803e-01 9.336266360444454016e-01 6.778379468023548737e-01 3.235852822364235770e-01 3.014577610368219807e-01 4.882345866602445794e-02 4.791992598157469169e-02 1.775110939398994933e-02 1.426528815670811273e-02 1.182156764944288299e-02 1.182156764944288299e-02
1.769247613016368750e-02 1.769247613016368750e-02 2.052891191589145681e-02 2.006875091046184112e-02 2.290070217254370349e-02 2.140202840796015180e-02 2.587250187924075226e-02 2.307466829254574761e-02 6.302556068584982962e-02 6.045693301191749219e-02 3.325490355179765434e-01 3.531998739061584791e-01 6.463417764379439934e-01 9.147877838524702820e-01 6.463404579555854790e-01 3.532012674921595763e-01 3.325368711516357156e-01 6.042330138414447188e-02 6.183391705094552077e-02 2.173600581959865205e-02 2.226649886590420513e-02 1.772020146931892193e-02 1.772020146931892193e-02
2.488421052959232521e-02 2.488421052959232521e-02 2.942717368397551950e-02 2.506349060562267431e-02 2.998389855238370316e-02 2.638299991387320353e-02 3.372478010980779067e-02 2.871830755781207972e-02 7.844562960957743303e-02 7.294782376984274008e-02 3.607070845988908925e-01 3.810836506203312268e-01 6.160733186427076458e-01 8.936641421496968052e-01 6.160703823829214443e-01 3.810867986955042697e-01 3.607082254692873247e-01 7.291050462253148567e-02 7.733434990180373947e-02 2.739591081746874102e-02 3.192615988171551566e-02 2.492441963655857989e-02 2.492441963655857989e-02
3.185317570258502928e-02 3.185317570258502928e-02 3.824201896674141177e-02 3.094351964168005897e-02 3.766783428192040789e-02 3.200566973085251093e-02 4.202940567626979596e-02 3.498902748147088987e-02 9.340027945493292738e-02 8.492277023054341234e-02 3.836238766882685836e-01 4.064914814181196934e-01 5.880532500135363660e-01 8.718014784085403868e-01 5.880472071082041285e-01 4.064979244068316344e-01 3.836564539969312126e-01 8.489249111571034456e-02 9.262669009328174108e-02 3.392206033771332646e-02 4.153034887416300058e-02 3.190193336472688795e-02 3.190193336472688795e-02
3.721128050339639337e-02 3.721128050339639337e-02 4.575565527644484543e-02 3.695521484843189430e-02 4.511165576457722842e-02 3.752131430476483842e-02 4.982694513848227175e-02 4.100516904684564645e-02 1.064473354059087690e-01 9.525986512488900104e-02 3.997596551330180326e-01 4.287428844210258161e-01 5.630313363940926408e-01 8.505106266236638346e-01 5.630197784567709807e-01 4.287549407635085075e-01 3.998460163734819939e-01 9.525197086410064351e-02 1.062500750867059196e-01 4.041772801834371542e-02 4.969857105520925078e-02 3.725769541339962049e-02 3.725769541339962049e-02
3.996332128015014223e-02 3.996332128015014223e-02 5.113742160564672956e-02 4.232361646735219307e-02 5.161420183144736773e-02 4.224734865848294579e-02 5.634953791508253568e-02 4.595497722932042478e-02 1.166064561536764438e-01 1.032900468480929534e-01 4.086636871563873452e-01 4.473542182477599494e-01 5.415256740282150538e-01 8.306413233643639149e-01 5.415050773471059564e-01 4.473750202653264951e-01 4.088243517719765130e-01 1.033204281806521241e-01 1.171071966205470827e-01 4.596746503876862622e-02 5.541174423215566858e-02 3.999135837679021477e-02 3.999135837679021477e-02
3.966016469950430640e-02 3.966016469950430640e-02 5.383908270225338383e-02 4.628207802071294952e-02 5.647193130020775054e-02 4.559351712940037243e-02 6.091853409685252241e-02 4.917679882811022696e-02 1.233313147288514350e-01 1.088567418484730626e-01 4.110246982497992030e-01 4.621320226996227798e-01 5.238951699489862168e-01 8.124788993675907678e-01 5.238609524248919458e-01 4.621653767876298669e-01 4.112698782980274137e-01 1.089352067777348554e-01 1.244474217801873894e-01 4.972959676784277638e-02 5.797638183232755454e-02 3.965694386011976019e-02 3.965694386011976019e-02
3.644259791591801523e-02 3.644259791591801523e-02 5.351792194711591649e-02 4.814333460566128792e-02 5.893175523983627123e-02 4.709611241599847425e-02 6.292041811413137675e-02 5.024770754147520752e-02 1.264876993891760060e-01 1.122693936711210705e-01 4.084715673068978203e-01 4.731939911053856251e-01 5.103804393837243492e-01 7.957638795416690503e-01 5.103274639453660999e-01 4.732440390693453680e-01 4.087931579575072583e-01 1.123924346639397359e-01 1.278983924172697184e-01 5.107423393937104289e-02 5.703694506487777538e-02 3.641421205014318957e-02 3.641421205014318957e-02
3.098468910901534465e-02 3.098468910901534465e-02 5.006586186136709887e-02 4.742472718053444836e-02 5.830176081832220275e-02 4.647875140636223423e-02 6.191216706358611960e-02 4.907631323771962512e-02 1.263729337377327844e-01 1.141761878715133738e-01 4.031838993135096194e-01 4.809088141529246352e-01 5.010815647372642845e-01 7.798137970562918353e-01 5.010051839720088829e-01 4.809795087431295579e-01 4.035518078179873291e-01 1.143221999810645068e-01 1.275717211346342472e-01 4.975183920386722081e-02 5.268374266352839758e-02 3.097693989313088023e-02 3.097693989313088023e-02
2.435500558549738917e-02 2.435500558549738917e-02 4.374087049515988646e-02 4.400267520092038254e-02 5.419502522571151976e-02 4.373304068709381320e-02 5.782501519257342293e-02 4.597161023344532166e-02 1.237471784316718226e-01 1.153867847138541347e-01 3.974063137483610508e-01 4.857731479275472219e-01 4.958859014655753183e-01 7.637142716492008043e-01 4.957834134077191979e-01 4.858675766108482286e-01 3.977722565064403248e-01 1.155167479298329219e-01 1.241857817459801061e-01 4.603877934702792912e-02 4.561200261160110181e-02 2.447190530566902000e-02 2.447190530566902000e-02
1.781865222655150405e-02 1.781865222655150405e-02 3.532164827714014826e-02 3.824157892555512389e-02 4.680971302027044784e-02 3.918961408247736977e-02 5.117174112965451604e-02 4.164775629775330917e-02 1.198068284865213967e-01 1.166770677957501695e-01 3.929728062786081444e-01 4.882642196882092112e-01 4.943925507969661459e-01 7.465406184724042715e-01 4.942646668176562952e-01 4.883838273751358594e-01 3.932821077395675657e-01 1.167421724890768953e-01 1.190983901221959879e-01 4.078771247849385245e-02 3.721749058329639620e-02 1.822806599913762149e-02 1.822806599913762149e-02
1.260683679653027550e-02 1.260683679653027550e-02 2.617187632223567928e-02 3.103393484951148459e-02 3.711878130525002317e-02 3.353970108201309586e-02 4.314212815556532632e-02 3.713271825264608667e-02 1.160354472177281965e-01 1.186083715499270802e-01 3.909399268565754704e-01 4.887136656011686342e-01 4.958883227841730523e-01 7.275699775797226376e-01 4.957400858222750228e-01 4.888574684342875676e-01 3.911482779745300009e-01 1.185633814334844799e-01 1.141515138808549684e-01 3.532460334954255071e-02 2.950231791178528976e-02 1.352263797864178448e-02 1.352263797864178448e-02
9.685674227829468852e-03 9.685674227829468852e-03 1.811997754716817080e-02 2.370596361311578734e-02 2.686142683060016925e-02 2.777387120534485429e-02 3.549940720085390661e-02 3.357544172557252321e-02 1.139157490898436570e-01 1.213935926280103744e-01 3.914033650543544129e-01 4.872406965871111661e-01 4.994119535380375230e-01 7.064467101974651886e-01 4.992526187726006315e-01 4.874046557744869945e-01 3.914926050813072878e-01 1.212119489467836514e-01 1.112976327183790443e-01 3.117905268107925079e-02 2.472183418602980770e-02 1.132099795943415990e-02 1.132099795943415990e-02
9.561199339622914253e-03 9.561199339622914253e-03 1.312565529593901284e-02 1.778105299521390986e-02 1.828556183805172056e-02 2.302593442075016872e-02 3.025501263446241443e-02 3.198219572541734917e-02 1.145543789022038100e-01 1.248392533162523826e-01 3.935359431065269531e-01 4.837639547070061719e-01 5.039089437268796656e-01 6.832713458880826929e-01 5.037506561881589517e-01 4.839407520625264025e-01 3.935223618912404020e-01 1.245243787076230207e-01 1.120755765967673956e-01 2.969571765977318742e-02 2.481020242393702779e-02 1.205770975046013306e-02 1.205770975046013306e-02
1.215945233888488658e-02 1.215945233888488658e-02 1.279027966720674980e-02 1.463970152795354175e-02 1.366715095659403259e-02 2.033976554288587091e-02 2.917765250944267738e-02 3.294472833111312948e-02 1.183284991294786953e-01 1.283824744278386776e-01 3.958404953240551305e-01 4.780876867771697292e-01 5.084433645133329405e-01 6.585962366404427559e-01 5.082989048948920452e-01 4.782671333152344606e-01 3.957715870939420011e-01 1.279704244131291135e-01 1.170910013801158001e-01 3.162944413519072628e-02 3.073632820610560853e-02 1.551029639598311242e-02 1.551029639598311242e-02
1.681471768545343345e-02 1.681471768545343345e-02 1.784323384669342372e-02 1.515503939764450449e-02 1.470791608935727128e-02 2.040655179747096620e-02 3.326109336148312667e-02 3.643853736706682139e-02 1.246829759574966112e-01 1.312235049429240352e-01 3.965645575526213218e-01 4.700359736033168923e-01 5.124082722206103613e-01 6.333282389222091302e-01 5.122884861754454233e-01 4.702061308212551749e-01 3.965047647054569802e-01 1.307750567482630633e-01 1.256932563821765714e-01 3.685293824034967941e-02 4.201384911199873562e-02 2.080898744843992856e-02 2.080898744843992856e-02
2.238287128236559481e-02 2.238287128236559481e-02 2.777318020625259981e-02 1.940455693116299729e-02 2.196908721040698523e-02 2.334076918758180505e-02 4.231181540432520094e-02 4.176142247327599422e-02 1.321771216930119619e-01 1.325304591658084397e-01 3.941834989553530399e-01 4.595944162479640438e-01 5.156702572602654966e-01 6.085572094723850078e-01 5.155818783185740495e-01 4.597432417471827293e-01 3.941942103548548570e-01 1.321147939974667285e-01 1.360033961870050767e-01 4.428904019049103441e-02 5.658086157386148923e-02 2.660116108694541778e-02 2.660116108694541778e-02
2.747116525033599724e-02 2.747116525033599724e-02 4.075558482046139769e-02 2.655277477255474708e-02 3.451871366373434474e-02 2.856720542748698854e-02 5.480805550281715732e-02 4.765016898610927726e-02 1.388069308869041285e-01 1.316696955704733107e-01 3.878350947469426102e-01 4.470154889623488281e-01 5.185972156839522285e-01 5.853447886086668994e-01 5.185416156945278354e-01 4.471325516633245511e-01 3.879567032811482297e-01 1.313451920529355166e-01 1.453421205167825525e-01 5.211988810543113915e-02 7.116703647555645829e-02 3.135133407445706705e-02 3.135133407445706705e-02
3.074564564439049782e-02 3.074564564439049782e-02 5.395519801032342549e-02 3.496403884208298951e-02 4.994038530814993299e-02 3.487354698635528744e-02 6.812146200287820530e-02 5.256410523225407694e-02 1.425357458239549513e-01 1.284012850281566198e-01 3.775915164660839096e-01 4.328527478591441269e-01 5.219479933867184895e-01 5.645171511615088011e-01 5.219210518912191787e-01 4.329304425379441601e-01 3.778343355078861432e-01 1.281999664428990493e-01 1.509652103115689814e-01 5.823886086734741258e-02 8.210401624940566467e-02 3.371587335190513735e-02 3.371587335190513735e-02
3.125101553345101257e-02 3.125101553345101257e-02 6.417143898435588578e-02 4.254543001263255686e-02 6.476860265777437120e-02 4.064387910313502217e-02 7.909206370199273195e-02 5.507225397629099406e-02 1.418861516582804738e-01 1.229813970326047307e-01 3.644893234769814305e-01 4.179083884290815676e-01 5.266410702044000969e-01 5.465059347019367575e-01 5.266340022814341992e-01 4.179422056860004342e-01 3.648359835984165134e-01 1.229017326146636391e-01 1.508903667865546805e-01 6.082696595750158169e-02 8.636605690705438654e-02 3.290003651329453938e-02 3.290003651329453938e-02
2.866434747717799825e-02 2.866434747717799825e-02 6.867780077781485137e-02 4.725154051417186640e-02 7.529419450118197965e-02 4.423594290594620726e-02 8.483297059857806965e-02 5.424268372775369051e-02 1.364099489819063926e-01 1.161346243450338822e-01 3.502998224179575404e-01 4.031034847084831174e-01 5.334572637377327231e-01 5.312730784360450986e-01 5.334580161117939978e-01 4.030912380614155577e-01 3.507164639686604635e-01 1.161436273240073341e-01 1.445450624255710803e-01 5.888450465404260203e-02 8.251844620791251583e-02 2.889687809760677420e-02 2.889687809760677420e-02
2.341064851066257044e-02 2.341064851066257044e-02 6.602266306772379412e-02 4.762606021685261010e-02 7.855513677581166254e-02 4.441430713714360212e-02 8.355032965289027613e-02 4.992271127684441701e-02 1.268788398326520794e-01 1.088950194330533250e-01 3.370955870469173887e-01 3.893035859376711705e-01 5.427573726022658640e-01 5.183391438448741173e-01 5.427521560214413343e-01 3.892439343605976210e-01 3.375454882745917984e-01 1.089369094285874695e-01 1.330081480081883039e-01 5.255250693980119403e-02 7.125063685318019924e-02 2.253016444260332735e-02 2.253016444260332735e-02
1.659671081091458611e-02 1.659671081091458611e-02 5.654176084220872284e-02 4.322990651278744295e-02 7.323823176910876365e-02 4.072079391420661137e-02 7.513195236069912519e-02 4.282282969568484282e-02 1.151212894270881998e-01 1.023545064991646519e-01 3.267309607621254886e-01 3.771468048594694422e-01 5.542998498500273374e-01 5.069135138895989323e-01 5.542745129679079730e-01 3.770377579758731335e-01 3.271841977859680228e-01 1.023615546416791755e-01 1.187482653999208382e-01 4.311820125888842642e-02 5.528879230698098557e-02 1.527371409772636940e-02 1.527371409772636940e-02
9.764851931407855096e-03 9.764851931407855096e-03 4.239631552424423522e-02 3.482422147830466913e-02 6.020461104811470482e-02 3.366667551975552342e-02 6.130368621885852465e-02 3.437022435598362236e-02 1.035438333306445829e-01 9.738801126100256333e-02 3.203828224275531711e-01 3.669220656473153874e-01 5.672215427915794361e-01 4.961025247974180652e-01 5.671627298861081634e-01 3.667602581854972899e-01 3.208191767914243542e-01 9.729028638645166593e-02 1.049328999135682727e-01 3.269534221389366196e-02 3.868169722853431053e-02 8.884003280271526165e-03 8.884003280271526165e-03
4.518585603328051023e-03 4.518585603328051023e-03 2.708271427105865548e-02 2.423756705392269423e-02 4.243386893091892487e-02 2.467220212600026649e-02 4.526903304378554482e-02 2.636386131816476769e-02 9.447815988633898043e-02 9.443478193201221282e-02 3.182810506210692614e-01 3.585313493912293814e-01 5.802004682821831905e-01 4.851527092587354373e-01 5.800967130464730337e-01 3.583126381056743193e-01 3.186885115255519985e-01 9.416836576826531635e-02 9.452875770780928832e-02 2.367064669565974167e-02 2.566463485509981254e-02 4.941299302629750811e-03 4.941299302629750811e-03
2.113058347341613928e-03 2.113058347341613928e-03 1.452172266789410367e-02 1.393437736279313707e-02 2.434281263550343993e-02 1.574875523738553107e-02 3.090219562672134185e-02 2.052186173540086062e-02 8.955188910761742449e-02 9.340027209210086112e-02 3.197004615263207561e-01 3.515461409362478085e-01 5.917660489693236103e-01 4.736754288451339723e-01 5.916090178739666916e-01 3.512675526110228263e-01 3.200750706428396875e-01 9.291594202786772339e-02 8.948189911637341454e-02 1.807806986907523061e-02 1.945161505731160187e-02 4.427095082019297419e-03 4.427095082019297419e-03
3.120496450798563356e-03 3.120496450798563356e-03 7.976047264959795421e-03 6.390662069412738656e-03 1.063028724084753678e-02 8.997167275170683473e-03 2.170948811200953954e-02 1.804485157752360250e-02 8.927177208912018269e-02 9.370683034775301179e-02 3.232069158395463049e-01 3.453425229130602236e-01 6.006756722338207899e-01 4.617993268186876832e-01 6.004616377461249321e-01 3.450049447390108326e-01 3.235589360024621053e-01 9.298124000653551491e-02 9.023124955714000028e-02 1.708078028394253642e-02 2.133409955905637978e-02 7.459818781589971567e-03 7.459818781589971567e-03
7.267117879414859531e-03 7.267117879414859531e-03 9.116237806545213554e-03 3.445529648571438001e-03 4.966571333464096967e-03 6.057375786286422516e-03 1.986021275169452122e-02 1.931588162176961498e-02 9.293775711511458038e-02 9.447615347656788953e-02 3.270763130987537903e-01 3.392791479937581345e-01 6.062511985102555512e-01 4.502089367380300855e-01 6.059825635540821986e-01 3.388896673019078931e-01 3.274427538283130601e-01 9.352473330285793196e-02 9.568819413391728423e-02 2.070262858962549149e-02 3.036379736103358290e-02 1.326670785869120579e-02 1.326670785869120579e-02
1.349433727237712120e-02 1.349433727237712120e-02 1.752731114946473948e-02 5.812097588932123998e-03 8.923303835350110749e-03 7.667648599593272600e-03 2.558230907065193668e-02 2.381898743025273948e-02 9.890055208042440593e-02 9.478720122800987635e-02 3.297597743100326717e-01 3.328726808376215041e-01 6.085730996452065611e-01 4.400497126795219760e-01 6.082595630269327369e-01 3.324453916737546422e-01 3.302168734797955585e-01 9.367392247482586587e-02 1.036557677922986531e-01 2.787147001004791624e-02 4.370397410070712280e-02 2.040038343274047303e-02 2.040038343274047303e-02
2.023466620739746910e-02 2.023466620739746910e-02 3.082330893645860576e-02 1.289085939883271963e-02 2.149007079124554478e-02 1.346526905301555395e-02 3.711489496200431892e-02 3.029575852355244694e-02 1.050700104427818304e-01 9.393294118613218502e-02 3.302638977601420889e-01 3.259276953934249210e-01 6.084636875241297149e-01 4.327082208912869654e-01 6.081225828693538338e-01 3.254821877894145121e-01 3.309292905641418314e-01 9.276953293440697024e-02 1.115224975484815917e-01 3.674330404251800047e-02 5.751639661223754280e-02 2.713595153831219881e-02 2.713595153831219881e-02
2.582952900281435676e-02 2.582952900281435676e-02 4.534866440103643703e-02 2.294184489107086236e-02 3.935052966394147339e-02 2.209020279198449163e-02 5.123743391576961875e-02 3.709115768254325068e-02 1.095108158516942404e-01 9.160383621504564200e-02 3.283499091981048057e-01 3.185908767791131302e-01 6.072479350080397520e-01 4.295065358754126539e-01 6.069034391334713341e-01 3.181483892434041616e-01 3.293659930878121700e-01 9.053240080398884670e-02 1.169954972233688828e-01 4.519909856627584571e-02 6.808543742152262102e-02 3.193180205373361696e-02 3.193180205373361696e-02
2.897205429140360319e-02 2.897205429140360319e-02 5.725372845326384685e-02 3.356448472349903012e-02 5.784574456990226876e-02 3.156047485662587943e-02 6.420991459368161069e-02 4.258716275476583102e-02 1.109466091110682395e-01 8.795250243564127490e-02 3.245158799172239705e-01 3.113191088196594625e-01 6.063477763438125390e-01 4.313759996657133278e-01 6.060289712220753300e-01 3.108971582638614395e-01 3.260134385128700130e-01 8.711116063330864856e-02 1.186535450845071227e-01 5.136826946024088125e-02 7.282278101242960211e-02 3.382148988968023545e-02 3.382148988968023545e-02
2.904785282852280492e-02 2.904785282852280492e-02 6.360440420744604972e-02 4.234088617378668068e-02 7.232094136913683191e-02 3.980405762827987637e-02 7.282606224959956021e-02 4.560198662980016054e-02 1.090358446148849969e-01 8.353221862205528758e-02 3.197910418920455466e-01 3.047727058950406853e-01 6.068247327119825618e-01 4.385901211035876379e-01 6.065627311172919756e-01 3.043795719265160460e-01 3.218422785299016597e-01 8.301135342142017259e-02 1.161885033008581286e-01 5.404218347953929080e-02 7.086090496620363333e-02 3.262954112746476593e-02 3.262954112746476593e-02
2.627573503401845270e-02 2.627573503401845270e-02 6.317239663447368758e-02 4.745150528028364151e-02 7.942228789575155046e-02 4.518654793374549811e-02 7.525187891919925265e-02 4.564961064229917931e-02 1.043648940137207326e-01 7.913858846867730112e-02 3.154198921239658171e-01 2.996631274015125190e-01 6.090149832207366609e-01 4.506323018512778944e-01 6.088393464327379601e-01 2.992936436348211937e-01 3.179975382287981711e-01 7.894172353602453562e-02 1.103221604776041392e-01 5.288906507750847780e-02 6.310087806043855607e-02 2.896124660793806052e-02 2.896124660793806052e-02
2.161042249746012237e-02 2.161042249746012237e-02 5.666334785658155848e-02 4.808863440990244348e-02 7.793519884146563048e-02 4.688272537591711003e-02 7.140603996324625113e-02 4.300205222838485858e-02 9.819578925859735741e-02 7.560721517636793954e-02 3.125329006106078999e-01 2.965941286581901815e-01 6.123844984906148259e-01 4.662473834125923644e-01 6.123190255811015170e-01 2.962278461313835876e-01 3.154927556826971347e-01 7.563204033332752985e-02 1.024877735808718687e-01 4.844737656203119969e-02 5.176733028258144464e-02 2.398573013914397090e-02 2.398573013914397090e-02
1.644183845727455184e-02 1.644183845727455184e-02 4.633749555122018693e-02 4.456607971050677991e-02 6.892691920225584024e-02 4.499879298238744496e-02 6.280355263565265411e-02 3.855764346991601837e-02 9.207532946066603052e-02 7.362510818117208589e-02 3.118886621779538570e-01 2.959340420153038775e-01 6.156678750034049186e-01 4.836797360484412778e-01 6.157257833537931324e-01 2.955362292863989992e-01 3.149858111046289766e-01 7.367519873199651625e-02 9.441645040144308609e-02 4.193411908995670068e-02 3.967142050355261518e-02 1.909000408106702532e-02 1.909000408106702532e-02
1.218688738408463083e-02 1.218688738408463083e-02 3.518807489087590057e-02 3.812495111662814185e-02 5.520628885548867909e-02 4.043764609255896120e-02 5.196552896755992496e-02 3.357170943925215367e-02 8.743742119020424253e-02 7.360105338960989951e-02 3.137389000995221555e-01 2.977459515285947322e-01 6.172605195710091364e-01 5.010460823362774541e-01 6.174393649429331665e-01 2.972713962154368561e-01 3.166758912131694692e-01 7.342892139902189308e-02 8.775907852236197737e-02 3.494029355708046236e-02 2.944308912235493389e-02 1.551158007902206717e-02 1.551158007902206717e-02
9.899436896503188699e-03 9.899436896503188699e-03 2.598637578067609921e-02 3.052788634903847234e-02 4.034442209115594175e-02 3.457977582468078903e-02 4.162846007721197200e-02 2.933539055509755411e-02 8.530830320232477004e-02 7.561706996901997047e-02 3.178279984971001948e-01 3.017862199427595038e-01 6.157421597686751902e-01 5.167455348018979988e-01 6.160196042993677512e-01 3.011855444780397462e-01 3.203217879886548491e-01 7.498817620382251803e-02 8.382195480347641448e-02 2.909311599585142488e-02 2.295702387245276282e-02 1.405159054393761466e-02 1.405159054393761466e-02
1.001290170696880928e-02 1.001290170696880928e-02 2.052575738357917054e-02 2.358536288015893739e-02 2.762458620998116746e-02 2.889921195075788318e-02 3.402262617749684387e-02 2.688835583749586353e-02 8.616986432936162010e-02 7.945819008470819678e-02 3.235058655972796182e-01 3.075654581198192794e-01 6.103551447687373122e-01 5.297893455315938471e-01 6.106874744733927773e-01 3.067935136908496174e-01 3.253542007214650922e-01 7.821782307740281215e-02 8.343036294964509270e-02 2.575038372929961891e-02 2.107083154454851559e-02 1.493478991960645215e-02 1.493478991960645215e-02
1.228213402851670820e-02 1.228213402851670820e-02 1.929557449189463203e-02 1.875436265869005054e-02 1.926774848620317962e-02 2.463381716141853361e-02 3.042731744633837485e-02 2.682711534695566419e-02 8.997504578557885546e-02 8.469876598124187472e-02 3.299132215366776255e-01 3.144536709288250909e-01 6.012668171418816820e-01 5.399487521412592583e-01 6.015922538725804181e-01 3.134792067280290362e-01 3.310422739328501840e-01 8.282214822348039907e-02 8.688877134640626831e-02 2.576933601379860148e-02 2.366904422490843582e-02 1.783205442192486306e-02 1.783205442192486306e-02
1.592458071471033326e-02 1.592458071471033326e-02 2.163541944176755952e-02 1.690003276451895048e-02 1.613279223999217193e-02 2.258787942302895035e-02 3.108392662793534739e-02 2.923480754136443746e-02 9.626534067355324575e-02 9.081457735032974488e-02 3.361915193117466227e-01 3.218047843896393867e-01 5.895134739752833086e-01 5.476698853486272611e-01 5.897613138400310540e-01 3.206198192627117138e-01 3.366733605107022909e-01 8.842537124861606090e-02 9.399369849839767088e-02 2.937166429740957832e-02 2.991181888297366961e-02 2.201311188272562711e-02 2.201311188272562711e-02
1.989834035717798558e-02 1.989834035717798558e-02 2.623565564549494578e-02 1.824021201336714984e-02 1.788659111307216651e-02 2.308339588257239672e-02 3.541126695426220772e-02 3.372406513743200079e-02 1.043264460765245122e-01 9.729140327120666676e-02 3.416722798929014981e-01 3.290750031596477720e-01 5.766336540822526446e-01 5.537766714478221663e-01 5.767382072489103395e-01 3.277013816032407489e-01 3.417094689063168156e-01 9.464267837764353541e-02 1.040715596788389513e-01 3.611300954051838846e-02 3.855142990198192482e-02 2.656688796788667442e-02 2.656688796788667442e-02
2.321776508057086033e-02 2.321776508057086033e-02 3.173517970795627918e-02 2.243075643583301859e-02 2.346548922555483779e-02 2.602160453488648259e-02 4.237331810558670614e-02 3.956143404169689543e-02 1.133321263180816357e-01 1.037093659701475851e-01 3.460096538803554833e-01 3.359134428809115169e-01 5.641135788197593204e-01 5.590537042584731164e-01 5.640295824222013588e-01 3.344035682383647567e-01 3.458913680958786152e-01 1.011307467593140497e-01 1.160420093111210610e-01 4.495776430346453550e-02 4.820398322737984298e-02 3.062078990957506699e-02 3.062078990957506699e-02
2.520646198847344144e-02 2.520646198847344144e-02 3.716316710003862017e-02 2.871891410320610849e-02 3.157341441274931493e-02 3.098940103561853565e-02 5.082859703732812984e-02 4.583332017377784312e-02 1.224548826692332948e-01 1.097935707060289784e-01 3.492337200360644545e-01 3.422107355042944832e-01 5.528450677212046749e-01 5.638463752450170174e-01 5.525597916915737651e-01 3.406401232254506195e-01 3.492722279924871387e-01 1.076160583796663683e-01 1.285280643223518648e-01 5.445317650426270001e-02 5.752583487966185516e-02 3.350604088092304367e-02 3.350604088092304367e-02
2.562025186837554522e-02 2.562025186837554522e-02 4.207227377452625594e-02 3.609911299959819853e-02 4.100406083522618178e-02 3.735328477051161333e-02 5.974097761854080257e-02 5.161731431822094707e-02 1.309483273386777002e-01 1.154311269441835042e-01 3.517187243108340078e-01 3.480999352059746532e-01 5.428029784808563463e-01 5.678164559010180357e-01 5.423404594898949549e-01 3.465512710381729033e-01 3.521774532084419040e-01 1.139058414266789360e-01 1.400351054126505179e-01 6.298604607985866521e-02 6.531050086918274711e-02 3.484439050616854744e-02 3.484439050616854744e-02
2.462429253211256136e-02 2.462429253211256136e-02 4.636721579634615203e-02 4.343986722330389627e-02 5.070449526545788704e-02 4.431731237391085820e-02 6.822374295522760923e-02 5.613323294281125780e-02 1.382182865443110087e-01 1.206603505087145700e-01 3.540776327863970896e-01 3.539120482823167602e-01 5.330756790011610402e-01 5.699433801640614305e-01 5.324905279383030932e-01 3.524534039972175292e-01 3.551040501305333108e-01 1.198891879768601565e-01 1.492002183875826837e-01 6.908954010609147378e-02 7.056211149061410171e-02 3.456005298801386599e-02 3.456005298801386599e-02
2.265890970011830152e-02 2.265890970011830152e-02 4.997430271101996335e-02 4.959036251678373974e-02 5.964855430313206058e-02 5.096124190985372449e-02 7.547755891386706550e-02 5.885903592217698460e-02 1.438949191420302864e-01 1.256400197562976551e-01 3.570088659705199507e-01 3.600944558627959813e-01 5.222503045903346131e-01 5.687784452294519788e-01 5.216117433598487230e-01 3.587571332227296739e-01 3.585869728965886405e-01 1.255351289864673203e-01 1.550797045547927522e-01 7.174996055679989937e-02 7.259987676554308100e-02 3.283954488207081052e-02 3.283954488207081052e-02
2.025972118777255582e-02 2.025972118777255582e-02 5.256281441916270392e-02 5.349830199715177592e-02 6.668901979315526585e-02 5.629953013619342500e-02 8.072996328372061825e-02 5.960380403097251950e-02 1.479024050381541611e-01 1.306065863721265485e-01 3.611300034784199475e-01 3.671042616813261494e-01 5.090135631635999136e-01 5.628698236024368695e-01 5.083837138966409430e-01 3.658671792897161268e-01 3.630666817356089648e-01 1.308913261812531259e-01 1.574100754620613718e-01 7.065023262563387141e-02 7.120848564165110917e-02 3.006671300206512423e-02 3.006671300206512423e-02
1.790038027406984020e-02 1.790038027406984020e-02 5.349173703295221488e-02 5.436432419556061491e-02 7.056314591682767701e-02 5.939847142631015514e-02 8.327130736964762081e-02 5.853257803007781701e-02 1.505061445267294185e-01 1.358266555695834543e-01 3.668346838094017071e-01 3.752912456537467745e-01 4.927363352274544139e-01 5.512140998837811168e-01 4.921491924378323390e-01 3.740780335976608417e-01 3.687892105642739393e-01 1.360829248746200926e-01 1.567611551087117194e-01 6.628618639813167734e-02 6.679333025185776873e-02 2.675265886451627662e-02 2.675265886451627662e-02
1.590344438029078766e-02 1.590344438029078766e-02 5.203506423792076535e-02 5.182605527040113486e-02 7.013747591306207507e-02 5.955868189983562488e-02 8.261952598715341378e-02 5.613863964956106872e-02 1.523092291953614397e-01 1.415512141948180314e-01 3.742023884091739139e-01 3.847878522165263382e-01 4.738077791784444104e-01 5.335795193326823282e-01 4.732558608023660907e-01 3.834798243470822210e-01 3.757585451834994927e-01 1.413073241057361262e-01 1.545095936849229246e-01 5.990918267365383937e-02 6.045693960962481017e-02 2.346730057446134998e-02 2.346730057446134998e-02
1.442892725952586372e-02 1.442892725952586372e-02 4.779222623074874665e-02 4.612411812406069789e-02 6.483913457662317248e-02 5.652728710334378043e-02 7.876461623987024430e-02 5.316156440249348442e-02 1.541752417481219439e-01 1.479766067674419261e-01 3.829776310594997235e-01 3.954264867781741577e-01 4.535775579143856984e-01 5.105922037744665687e-01 4.530115209463360104e-01 3.938901671271060612e-01 3.837452124902014372e-01 1.468183942237290540e-01 1.525996029425812917e-01 5.328481476841977899e-02 5.390944020513190049e-02 2.076910663692455375e-02 2.076910663692455375e-02
1.351729108818442576e-02 1.351729108818442576e-02 4.108518853834569606e-02 3.817646861798847102e-02 5.509823957538434458e-02 5.066897738998998174e-02 7.238133888388802173e-02 5.045666761475645773e-02 1.570727599999876822e-01 1.552150028784597124e-01 3.926185492930189258e-01 4.067054559481527720e-01 4.339180909224333305e-01 4.835620640461499309e-01 4.332608014519844231e-01 4.048286415037913311e-01 3.923400393472301073e-01 1.528940999105033172e-01 1.531171590930582582e-01 4.830544516480894668e-02 4.916995130334423508e-02 1.912774847816326937e-02 1.912774847816326937e-02
1.314707431426784777e-02 1.314707431426784777e-02 3.312929600047164608e-02 2.949396846003065134e-02 4.257834703547445226e-02 4.301562437856573662e-02 6.488454690806164105e-02 4.883285504108993147e-02 1.618628477487961959e-01 1.632748077265652742e-01 4.023994926992198184e-01 4.178211232456377489e-01 4.165705931506936133e-01 4.541174766157651255e-01 4.157422024602012156e-01 4.155480379730234763e-01 4.010326421676135289e-01 1.597852639512275796e-01 1.577670316100986958e-01 4.654066361891050913e-02 4.809420897754965174e-02 1.884175473104620149e-02 1.884175473104620149e-02
1.327175806597133585e-02 1.327175806597133585e-02 2.584928016420363905e-02 2.191232607166225185e-02 3.002436646576495810e-02 3.513848505300523617e-02 5.824442719571265581e-02 4.888778022063661882e-02 1.690755980934715019e-01 1.720503809163054232e-01 4.115420155211638731e-01 4.277729487640185568e-01 4.025266011253124665e-01 4.237822148609506345e-01 4.014727242491340498e-01 4.251281163788831474e-01 4.092926812650547475e-01 1.676501315542208714e-01 1.673871634744171777e-01 4.883824849499023013e-02 5.184546228731799072e-02 1.996533820678613944e-02 1.996533820678613944e-02
1.382094630432388616e-02 1.382094630432388616e-02 2.135935400330311179e-02 1.717982409589942014e-02 2.069210579918612583e-02 2.883963483854377202e-02 5.456417230806760721e-02 5.087638361345152987e-02 1.787360332554567832e-01 1.813212463292361298e-01 4.193458497895528603e-01 4.355305541929219149e-01 3.916843106683762232e-01 3.936413937627138426e-01 3.903972745419497792e-01 4.326231943854041417e-01 4.166376624646550009e-01 1.764878324336382753e-01 1.816437579762518462e-01 5.508635262243885555e-02 6.047509625277136536e-02 2.226815445818955061e-02 2.226815445818955061e-02
1.467591645515101129e-02 1.467591645515101129e-02 2.127372135085793536e-02 1.650161653945010978e-02 1.748751697600180524e-02 2.572274941189148928e-02 5.551816081769231359e-02 5.464691295061109566e-02 1.902963381979027313e-01 1.907630746569498326e-01 4.252955871415943778e-01 4.402321240745717956e-01 3.829116031789529528e-01 3.642023827135448810e-01 3.814361752519679905e-01 4.372378224970165372e-01 4.226808169626123934e-01 1.860906153556350640e-01 1.990148480979344325e-01 6.421203568740244116e-02 7.277134009397118186e-02 2.525218639659314659e-02 2.525218639659314659e-02
1.564653014281843987e-02 1.564653014281843987e-02 2.609823229827945915e-02 2.017406534798497908e-02 2.207152626792352468e-02 2.675470499594944859e-02 6.181754821007559575e-02 5.966589296269939752e-02 2.027086961775380891e-01 1.999742894402174453e-01 4.291276243331541562e-01 4.413684037364276058e-01 3.744894725936206981e-01 3.354795669529183622e-01 3.729093903638264207e-01 4.384911851068551969e-01 4.271615968086863724e-01 1.960359684678845693e-01 2.170961062630124561e-01 7.442989653585649346e-02 8.646512469208725293e-02 2.823838512633467662e-02 2.823838512633467662e-02
1.647751186198085846e-02 1.647751186198085846e-02 3.493961277507907220e-02 2.743098728806463854e-02 3.422712727385533032e-02 3.194864269247742888e-02 7.288412376675225401e-02 6.513258429613034972e-02 2.146356816638066711e-01 2.085211934918832222e-01 4.308522842205504411e-01 4.389032539620791318e-01 3.647647825387848597e-01 3.072491796484097537e-01 3.631731554960136443e-01 4.363270289871465368e-01 4.299654344470526524e-01 2.057327006447702000e-01 2.331694678043554070e-01 8.368463222352293118e-02 9.877165556363308452e-02 3.051466091751043469e-02 3.051466091751043469e-02
1.689727363049079931e-02 1.689727363049079931e-02 4.566113328193857623e-02 3.656877680358577853e-02 5.172186482049354744e-02 4.027653944311269940e-02 8.686368439112410189e-02 7.015988280767261609e-02 2.247538081890675665e-01 2.160001172823036164e-01 4.307349321729261327e-01 4.332936573860824980e-01 3.527664280524163698e-01 2.793631833415605725e-01 3.512291817157116025e-01 4.311354385637419795e-01 4.311372231789870613e-01 2.145202125765721390e-01 2.448906259975864863e-01 9.017386846314166815e-02 1.071314087879204346e-01 3.151351585525624666e-02 3.151351585525624666e-02
1.669931857245002260e-02 1.669931857245002260e-02 5.545528387967200296e-02 4.533622829111015606e-02 7.075200042870319339e-02 4.985948738223508481e-02 1.010110629471781679e-01 7.397944409963130852e-02 2.320737255862790893e-01 2.221081967970608417e-01 4.292453330664395272e-01 4.253971660489080375e-01 3.385601537270688244e-01 2.519986883498246399e-01 3.370848740979088820e-01 4.236744122777856281e-01 4.308867664795877350e-01 2.218020393585661831e-01 2.509041887463918652e-01 9.281069439440710334e-02 1.099358544105327740e-01 3.097124673627448324e-02 3.097124673627448324e-02
1.582606876780413840e-02 1.582606876780413840e-02 6.165567098131183310e-02 5.149398241415792388e-02 8.687406177131937191e-02 5.840417354155614388e-02 1.123622178849630754e-01 7.612023911855246572e-02 2.361893328221168209e-01 2.267076566190261155e-01 4.269859364918325295e-01 4.162857674069220248e-01 3.232214597670232115e-01 2.257527707407053774e-01 3.217431616574137898e-01 4.149068582719411258e-01 4.295789568095102484e-01 2.271803890998137787e-01 2.512050073197899525e-01 9.149849817919299133e-02 1.070116792651744225e-01 2.901880327106576979e-02 2.901880327106576979e-02
1.441758119114481054e-02 1.441758119114481054e-02 6.252623465239935674e-02 5.339412197188761477e-02 9.617431119370262182e-02 6.377898727840319859e-02 1.185131328898707537e-01 7.651494651045591400e-02 2.373833121041104832e-01 2.298652202185706150e-01 4.246084425706605492e-01 4.070122159525875749e-01 3.084491496422514523e-01 2.015557754330464246e-01 3.068399175305173143e-01 4.057934656705584620e-01 4.277009151226745520e-01 2.305541824802462836e-01 2.471331145953017394e-01 8.714155823143869550e-02 9.970132710973236834e-02 2.616982463917370133e-02 2.616982463917370133e-02
1.279715460751775814e-02 1.279715460751775814e-02 5.777408379544449191e-02 5.041984571184469216e-02 9.634589994214273756e-02 6.457646641859030034e-02 1.182830085911909246e-01 7.550669266203409447e-02 2.365552484732899308e-01 2.318509387596943139e-01 4.227261835181818639e-01 3.983892889287902750e-01 2.959688220797205283e-01 1.804437107046131250e-01 2.940713070679067953e-01 3.970955786498485685e-01 4.258037532923334978e-01 2.321513481162302273e-01 2.409988534682340755e-01 8.138927473958934566e-02 9.049984354508686102e-02 2.320052727934700937e-02 2.320052727934700937e-02
1.138897122219618800e-02 1.138897122219618800e-02 4.862645237928819864e-02 4.316166059656885434e-02 8.736150091076101687e-02 6.050573381444761950e-02 1.120654401816055246e-01 7.375488133824828485e-02 2.349892621371082457e-01 2.330896328348475710e-01 4.218296184743756116e-01 3.908395138011791503e-01 2.869413756477828259e-01 1.632775097000483400e-01 2.846186689729675034e-01 3.892399462535622301e-01 4.244252610079000121e-01 2.324840158453283789e-01 2.354486138029147080e-01 7.618785535754692140e-02 8.234917482910988906e-02 2.094991684049568592e-02 2.094991684049568592e-02
1.059037579101997258e-02 1.059037579101997258e-02 3.745663798485859841e-02 3.327911023274562202e-02 7.154005195799202632e-02 5.250124050772586592e-02 1.017587683601057363e-01 7.206584473647364986e-02 2.340249312376188329e-01 2.340710817160283896e-01 4.222141052958162111e-01 3.843534625238938518e-01 2.815777464947532560e-01 1.505089374156380611e-01 2.787662083207551045e-01 3.822795270153862557e-01 4.240071775335595983e-01 2.322363849952732706e-01 2.327607271786817644e-01 7.326738019358615406e-02 7.780319459975604257e-02 2.009571263593582305e-02 2.009571263593582305e-02
1.064181002043714658e-02 1.064181002043714658e-02 2.708740697777619819e-02 2.308413765888046518e-02 5.297665486851110134e-02 4.251069017633253566e-02 9.028849450555159750e-02 7.119395973798976762e-02 2.347230747221230041e-01 2.352380755464025530e-01 4.239316825059825655e-01 3.785644775130906914e-01 2.790788989977888712e-01 1.420690673603783871e-01 2.758279226191127642e-01 3.759568714552645186e-01 4.248234980641845682e-01 2.321126044614480466e-01 2.342777544373045584e-01 7.370758592300508116e-02 7.832002570903377758e-02 2.097156691305969781e-02 2.097156691305969781e-02
1.154201329250066632e-02 1.154201329250066632e-02 1.999562504990439610e-02 1.495834489747137688e-02 3.648467322346565095e-02 3.301343759161565888e-02 8.085273101627792058e-02 7.166577642784473234e-02 2.376178372098270430e-01 2.368801132812634047e-01 4.267793697277531551e-01 3.729155596427861652e-01 2.779035734708922289e-01 1.374076520351195929e-01 2.743882180650988878e-01 3.698475464692678738e-01 4.269340878051413601e-01 2.326813741242341749e-01 2.401307728454707968e-01 7.769793776267842900e-02 8.389629370387670371e-02 2.348026672368958706e-02 2.348026672368958706e-02
1.304225357629319043e-02 1.304225357629319043e-02 1.766030973687950784e-02 1.075999461978200886e-02 2.633680703080774552e-02 2.639546750616566725e-02 7.610013817960614713e-02 7.367153715977978190e-02 2.426189705994895862e-01 2.390616995445411508e-01 4.303333471037478208e-01 3.668694324027581555e-01 2.762581542568920967e-01 1.356595110060046516e-01 2.727571478314405606e-01 3.635394202432882804e-01 4.301727184943346938e-01 2.342537135912747814e-01 2.493130136897726556e-01 8.454628709967318412e-02 9.314475833287261253e-02 2.712860211182880135e-02 2.712860211182880135e-02
1.472571986981270967e-02 1.472571986981270967e-02 2.023690969090611094e-02 1.137605917162298058e-02 2.514863965996237682e-02 2.434696011345826444e-02 7.746605748190418805e-02 7.704786797365945072e-02 2.490826933788327646e-01 2.416068989705392467e-01 4.340306805753509911e-01 3.601025023632926647e-01 2.726390192712239147e-01 1.358757941099699162e-01 2.694803600361010409e-01 3.567956470112460532e-01 4.341729224716751045e-01 2.368216069364532383e-01 2.600502756728071962e-01 9.291616146705856949e-02 1.037720530904772120e-01 3.117195406288992762e-02 3.117195406288992762e-02
1.614696836275946595e-02 1.614696836275946595e-02 2.662828384617888997e-02 1.653163024917221266e-02 3.320869137049245468e-02 2.744228710875762020e-02 8.484364212897939350e-02 8.134900203544255526e-02 2.560208712500549044e-01 2.441476050086455740e-01 4.372891461535427515e-01 3.526301061311576945e-01 2.662550114920900768e-01 1.372450012912301842e-01 2.637414641154697259e-01 3.496566169162617088e-01 4.384298899827879237e-01 2.400707186391468628e-01 2.703319102317024436e-01 1.012095050576710259e-01 1.132877801050585082e-01 3.482305990363240844e-02 3.482305990363240844e-02
1.698326752459438163e-02 1.698326752459438163e-02 3.489779980538509907e-02 2.489724754917712127e-02 4.843501520864307991e-02 3.501193273629212704e-02 9.666898520177695520e-02 8.597996580947504797e-02 2.623815335420318084e-01 2.462255684283530255e-01 4.396436221069713879e-01 3.448313814676973177e-01 2.572106779562475243e-01 1.392419558429801862e-01 2.555445530324454428e-01 3.424557832659876344e-01 4.423914911301534136e-01 2.434634739216787747e-01 2.784346299917055956e-01 1.079784544204278329e-01 1.197126335319426832e-01 3.746111632843902167e-02 3.746111632843902167e-02
1.714373431677902737e-02 1.714373431677902737e-02 4.287272845667790960e-02 3.445507768145922994e-02 6.696425647348296095e-02 4.533549610089224885e-02 1.103820411605399288e-01 9.035082746360303951e-02 2.673192356362916744e-01 2.474225129927630773e-01 4.408677588285171978e-01 3.373704590020001337e-01 2.464159221711844372e-01 1.416742437081965067e-01 2.456440912243716135e-01 3.357493846011850858e-01 4.455654171691737497e-01 2.463730652261368892e-01 2.832969323489107349e-01 1.122541351620326977e-01 1.220704439016886828e-01 3.878018399615542483e-02 3.878018399615542483e-02
1.679592273765178126e-02 1.679592273765178126e-02 4.874414458629502261e-02 4.301907115576095869e-02 8.420293473288141539e-02 5.609729811056957116e-02 1.231223753185800851e-01 9.400985635149046449e-02 2.703841158069032469e-01 2.474834395279642552e-01 4.410460079832408953e-01 3.310379554286880799e-01 2.352735533297805881e-01 1.446317457031841835e-01 2.352689656163174103e-01 3.301829071831115514e-01 4.476227477741241412e-01 2.482376448797962709e-01 2.846687224426114327e-01 1.137171045495003613e-01 1.205361506475551708e-01 3.883810948780289096e-02 3.883810948780289096e-02
1.629839392698078857e-02 1.629839392698078857e-02 5.149020561259791406e-02 4.876900299352759233e-02 9.604228415690875542e-02 6.497623349015647920e-02 1.324594890007644021e-01 9.672425972262148341e-02 2.715883652734450426e-01 2.463987076296631218e-01 4.405671743410779495e-01 3.265558028654075295e-01 2.252562750122905910e-01 1.483731693747313007e-01 2.257427033539556593e-01 3.263316990963043840e-01 4.484734878328992536e-01 2.486994649453941608e-01 2.830400880797694363e-01 1.126877265896856911e-01 1.162337589410775418e-01 3.800056437562626677e-02 3.800056437562626677e-02
1.606159589862046072e-02 1.606159589862046072e-02 5.102074751450613732e-02 5.066170819566006428e-02 9.989572016719541758e-02 7.020952760393020520e-02 1.369580331592954725e-01 9.849543738013112615e-02 2.713473850121863595e-01 2.444211112643971395e-01 4.400280654685732040e-01 3.243954159200120868e-01 2.175048798329748401e-01 1.531960916265882044e-01 2.181201282641285211e-01 3.245568189778056389e-01 4.482905341437020685e-01 2.476969610505673769e-01 2.794158702013133100e-01 1.099667819097824989e-01 1.107906981349705000e-01 3.680753798220118972e-02 3.680753798220118972e-02
1.638605504409299321e-02 1.638605504409299321e-02 4.803684161834299859e-02 4.862262916306287625e-02 9.527674076105561995e-02 7.098478515362247054e-02 1.364373101752426320e-01 9.951524326571603574e-02 2.703277384098885516e-01 2.420121096898825708e-01 4.400619816917033522e-01 3.246538132424406364e-01 2.125598793064907011e-01 1.593325398758465294e-01 2.129424957380229300e-01 3.249106685201553768e-01 4.474676854877589482e-01 2.454880088440559993e-01 2.750300458889831656e-01 1.065915367890289539e-01 1.058201664088337934e-01 3.581078927930417960e-02 3.581078927930417960e-02
1.733672882809578902e-02 1.733672882809578902e-02 4.368836671076960221e-02 4.348503591737183649e-02 8.377865016292869449e-02 6.757033262820966169e-02 1.318825156403649890e-01 1.000849065115064357e-01 2.692552248653900526e-01 2.397312897039155233e-01 4.411340001769767927e-01 3.270169344021200963e-01 2.102901755678514284e-01 1.668947716689614114e-01 2.101684204369849152e-01 3.271130596340416918e-01 4.465138235059293859e-01 2.425976481794949735e-01 2.710836673529998797e-01 1.035826252520403307e-01 1.025032887769929263e-01 3.543411210134352063e-02 3.543411210134352063e-02
1.870141599012307976e-02 1.870141599012307976e-02 3.916817661603407691e-02 3.671406870327117294e-02 6.850074393977202691e-02 6.117161597805060441e-02 1.250698242407419503e-01 1.005253154062272641e-01 2.687393704796722238e-01 2.380989282660535278e-01 4.433624994499208438e-01 3.308178553704360647e-01 2.100207811508279510e-01 1.758732598316208873e-01 2.092816185914602722e-01 3.306008321562072250e-01 4.459046497032887468e-01 2.397004728165435528e-01 2.685547299854725845e-01 1.017437464826891902e-01 1.013847754293805692e-01 3.589416149680222518e-02 3.589416149680222518e-02
2.005256736871056933e-02 2.005256736871056933e-02 3.538643313225178777e-02 3.000742908840457052e-02 5.312806266078480555e-02 5.357622783626215385e-02 1.180442904113228053e-01 1.011051130491263106e-01 2.691568150094182932e-01 2.374685208443804152e-01 4.464251981591988994e-01 3.351745617126191124e-01 2.108043101500044203e-01 1.861693318859243274e-01 2.095246935889047701e-01 3.346368517092099815e-01 4.459288959767455096e-01 2.374633592553820338e-01 2.680881305243723034e-01 1.015478915752783401e-01 1.024057521611941718e-01 3.719449263080151086e-02 3.719449263080151086e-02
2.089514482275326920e-02 2.089514482275326920e-02 3.282296447349250523e-02 2.488829587903852378e-02 4.095956891374055026e-02 4.669953073280334876e-02 1.126148448744403729e-01 1.020029310563328184e-01 2.706119396744312566e-01 2.379426378569832190e-01 4.495859955639727179e-01 3.391725176466201530e-01 2.117432733580695836e-01 1.976351106948180947e-01 2.101750403539817680e-01 3.384508598433450532e-01 4.465720823002785056e-01 2.363850383272628197e-01 2.699472143071832142e-01 1.031125665487519494e-01 1.051111283513067457e-01 3.917925819527084963e-02 3.917925819527084963e-02
2.085102730988745018e-02 2.085102730988745018e-02 3.157677537250531963e-02 2.239360337786106686e-02 3.416612293836904235e-02 4.215457757225062052e-02 1.100003264737580977e-01 1.033058761651495239e-01 2.729676819939538257e-01 2.393530350897936643e-01 4.518425726327709446e-01 3.420463245513225004e-01 2.122621088421625946e-01 2.100962328203120622e-01 2.107733424887058005e-01 3.413781740888047200e-01 4.474746540515527893e-01 2.366722230001342131e-01 2.740038340438786801e-01 1.062431678946652441e-01 1.089174622202555148e-01 4.161519631669485103e-02 4.161519631669485103e-02
1.981452863806676054e-02 1.981452863806676054e-02 3.155064429541531296e-02 2.291950262764292506e-02 3.345603937380607629e-02 4.094535684678630300e-02 1.106910687719896702e-01 1.050332719282305732e-01 2.759213213864246672e-01 2.413085058981619957e-01 4.521565522738166809e-01 3.433154935294140953e-01 2.122508724810202585e-01 2.233462934224603180e-01 2.112376933562829517e-01 3.429640910032738521e-01 4.479829352640963269e-01 2.381854465561535350e-01 2.797570210531709622e-01 1.105143117163147615e-01 1.133262529022769360e-01 4.426675580455687736e-02 4.426675580455687736e-02
1.802036269434743182e-02 1.802036269434743182e-02 3.265752381593963610e-02 2.623244244069795547e-02 3.817560192330751029e-02 4.333407920513404621e-02 1.145115374178968942e-01 1.071674846193159253e-01 2.790940389546957001e-01 2.432963752561184412e-01 4.497012777317910270e-01 3.428419470043470585e-01 2.120483280083128863e-01 2.371198550908079627e-01 2.118385780997091850e-01 3.430114192283796326e-01 4.472845890548256542e-01 2.404713331192017689e-01 2.863876272360705855e-01 1.153629678767304489e-01 1.180117096745414984e-01 4.693934460324872965e-02 4.693934460324872965e-02
1.599358628639497779e-02 1.599358628639497779e-02 3.493519551740689733e-02 3.160817416663089935e-02 4.673188408873102384e-02 4.887981040374488745e-02 1.208105095820200814e-01 1.096748498349401496e-01 2.821089145563405176e-01 2.448102654664215394e-01 4.440559551082082779e-01 3.407980735027492103e-01 2.122852028556763693e-01 2.510651618836830523e-01 2.130570912442060760e-01 3.415633623037441780e-01 4.445927643006504781e-01 2.428749510282808832e-01 2.928630985802807563e-01 1.201787566756753606e-01 1.227787950593822314e-01 4.948429871011229136e-02 4.948429871011229136e-02
1.439162994837601267e-02 1.439162994837601267e-02 3.850633717504459846e-02 3.803627634731013979e-02 5.714400100773645019e-02 5.660456989897949542e-02 1.286844602213633448e-01 1.125080470668742422e-01 2.846446238167462672e-01 2.454709871093393170e-01 4.352910748506848004e-01 3.375582164677289887e-01 2.136512840799544843e-01 2.647420047250376718e-01 2.153854539913309385e-01 3.388303789505286989e-01 4.393250253847798548e-01 2.447028546755816991e-01 2.980963063023258641e-01 1.243878822064291290e-01 1.274472110448369166e-01 5.177789627537505296e-02 5.177789627537505296e-02
1.378755025338134280e-02 1.378755025338134280e-02 4.340107797217676588e-02 4.442869603106087278e-02 6.752863262364283692e-02 6.522446627806956221e-02 1.371583412716839423e-01 1.155924785309649788e-01 2.864644045741280842e-01 2.451103973183516027e-01 4.239235102816972245e-01 3.335467979040253050e-01 2.166697638661060354e-01 2.776623044005484542e-01 2.191442712754809174e-01 3.350838061874754636e-01 4.312234697484986223e-01 2.453924679365670214e-01 3.011401971399375599e-01 1.275321696954259398e-01 1.317460653295992323e-01 5.369777712806786396e-02 5.369777712806786396e-02
1.446707028190280346e-02 1.446707028190280346e-02 4.933344643619726189e-02 4.979124668467101167e-02 7.639593237728048436e-02 7.338827817864509995e-02 1.452918761896241362e-01 1.188081775424316838e-01 2.874266447274707037e-01 2.437988197596860362e-01 4.107596696870118302e-01 3.290872573334603368e-01 2.215537072218392578e-01 2.893736718638463268e-01 2.243812434688910173e-01 3.305474031956829872e-01 4.203834327431276163e-01 2.446424517437447155e-01 3.013789514834810390e-01 1.293422868788734192e-01 1.352929237828459086e-01 5.511926840915688103e-02 5.511926840915688103e-02
