# L = 12 / J = 1 / lamb = 0.8
# particle_position = 5
# final_time = 5 / steps = 100
0.000000000000000000e+00 0.000000000000000000e+00 0.000000000000000000e+00 0.000000000000000000e+00 0.000000000000000000e+00 0.000000000000000000e+00 0.000000000000000000e+00 0.000000000000000000e+00 0.000000000000000000e+00 0.000000000000000000e+00 1.000000000000000000e+00 1.000000000000000000e+00 1.000000000000000000e+00 0.000000000000000000e+00 0.000000000000000000e+00 0.000000000000000000e+00 0.000000000000000000e+00 0.000000000000000000e+00 0.000000000000000000e+00 0.000000000000000000e+00 0.000000000000000000e+00 0.000000000000000000e+00 0.000000000000000000e+00
1.593788466076153428e-03 1.593788466076153428e-03 3.182476717648483229e-03 1.593791317892250502e-03 3.182479569404783083e-03 1.593791317892716709e-03 3.182479570863709379e-03 1.593791319349689923e-03 3.187830375575394139e-03 1.599142246249518401e-03 9.968121695039910968e-01 9.984062086791760660e-01 9.968121695039910968e-01 1.599142246249501704e-03 3.187830375575372455e-03 1.593791319349686670e-03 3.182479570863697670e-03 1.593791317892709336e-03 3.182479569404773109e-03 1.593791317892250502e-03 3.182476717648481494e-03 1.593788466076152127e-03 1.593788466076152127e-03
6.301213960428996702e-03 6.301213960428996702e-03 1.252176733706312009e-02 6.301394466770769698e-03 1.252194782623419246e-02 6.301394467242370755e-03 1.252194819717789183e-02 6.301394836209164504e-03 1.260661458423899262e-02 6.386069557103965684e-03 9.873933775387773171e-01 9.936986048047968811e-01 9.873933775387773171e-01 6.386069557103894560e-03 1.260661458423888680e-02 6.301394836209139351e-03 1.252194819717777387e-02 6.301394467242279682e-03 1.252194782623406236e-02 6.301394466770708983e-03 1.252176733706296570e-02 6.301213960428886547e-03 6.301213960428886547e-03
1.390489523751457790e-02 1.390489523751457790e-02 2.740928700976216770e-02 1.390691373860699492e-02 2.741130499364667628e-02 1.390691376534266069e-02 2.741131439296195030e-02 1.390692305294306645e-02 2.783206698368842144e-02 1.432777999965660284e-02 9.721678400875920500e-01 9.860930679140114119e-01 9.721678400875923831e-01 1.432777999965639468e-02 2.783206698368804327e-02 1.390692305294292767e-02 2.741131439296153396e-02 1.390691376534236925e-02 2.741130499364618014e-02 1.390691373860677635e-02 2.740928700976163687e-02 1.390489523751428126e-02 1.390489523751428126e-02
2.405701637364451861e-02 2.405701637364451861e-02 4.688218916931083391e-02 2.406806871498142972e-02 4.689323531361974662e-02 2.406806917858347189e-02 4.689332771603871297e-02 2.406815965257826095e-02 4.818903722057070460e-02 2.536452593349210194e-02 9.518104162753646680e-01 9.759317523754101886e-01 9.518104162753652231e-01 2.536452593349166479e-02 4.818903722056990663e-02 2.406815965257786544e-02 4.689332771603769989e-02 2.406806917858277106e-02 4.689323531361837272e-02 2.406806871498077399e-02 4.688218916930923796e-02 2.405701637364351247e-02 2.405701637364351247e-02
3.629999919064864911e-02 3.629999919064864911e-02 6.969606260359884065e-02 3.634078595312662668e-02 6.973680500191500875e-02 3.634079014145514402e-02 6.973734458147451409e-02 3.634131240274958430e-02 7.279679876693613549e-02 3.940359407025741806e-02 9.272010023769098330e-01 9.636581800763424077e-01 9.272010023769103881e-01 3.940359407025664090e-02 7.279679876693471996e-02 3.634131240274881408e-02 6.973734458147241855e-02 3.634079014145379788e-02 6.973680500191245524e-02 3.634078595312529442e-02 6.969606260359571814e-02 3.629999919064675479e-02 3.629999919064675479e-02
5.009341462789491245e-02 5.009341462789491245e-02 9.441812592660632497e-02 5.021037361230216295e-02 9.453485807858140466e-02 5.021039860640260505e-02 9.453712067298514210e-02 5.021255863004931569e-02 1.006272968304395832e-01 5.631225201934385999e-02 8.993657448819205591e-01 9.497853447099390278e-01 8.993657448819216693e-01 5.631225201934266650e-02 1.006272968304374460e-01 5.021255863004814995e-02 9.453712067298196409e-02 5.021039860640040542e-02 9.453485807857731071e-02 5.021037361229986618e-02 9.441812592660123182e-02 5.009341462789156096e-02 5.009341462789156096e-02
6.484529102196738559e-02 6.484529102196738559e-02 1.195332536515378435e-01 6.512646486710553517e-02 1.198135161920940578e-01 6.512657669544974492e-02 1.198210546839435786e-01 6.513366050047518507e-02 1.305717458708107737e-01 7.591121460714811420e-02 8.694096201681578151e-01 9.348594769197198229e-01 8.694096201681595915e-01 7.591121460714653213e-02 1.305717458708075540e-01 6.513366050047332545e-02 1.198210546839392349e-01 6.512657669544660854e-02 1.198135161920881042e-01 6.512646486710194083e-02 1.195332536515300720e-01 6.484529102196205652e-02 6.484529102196205652e-02
7.994570197720816951e-02 7.994570197720816951e-02 1.435541903330921631e-01 8.053867366094773217e-02 1.441441135147247810e-01 8.053907829771886351e-02 1.441653126018624942e-01 8.055865042303117507e-02 1.615103730120770464e-01 9.796999435704166481e-02 8.384455447093450697e-01 9.194224465944994540e-01 8.384455447093468461e-01 9.796999435703940273e-02 1.615103730120729664e-01 8.055865042302887136e-02 1.441653126018569431e-01 8.053907829771470017e-02 1.441441135147170927e-01 8.053867366094295821e-02 1.435541903330820324e-01 7.994570197720118898e-02 7.994570197720118898e-02
9.480040050717572497e-02 9.480040050717572497e-02 1.651270836875459724e-01 9.592998099835965686e-02 1.662478412581846476e-01 9.593122444933925574e-02 1.663001552658817939e-01 9.597860462669752235e-02 1.923799578566227908e-01 1.222053146891492470e-01 8.075253683973923069e-01 9.039758403382581742e-01 8.075253683973946384e-01 1.222053146891462355e-01 1.923799578566179891e-01 9.597860462669456638e-02 1.663001552658747995e-01 9.593122444933398218e-02 1.662478412581749887e-01 9.592998099835356451e-02 1.651270836875337877e-01 9.480040050716719013e-02 9.480040050716719013e-02
1.088623157542617653e-01 1.088623157542617653e-01 1.831240056673426042e-01 1.108452367474007660e-01 1.850842334025684932e-01 1.108485925199434730e-01 1.852005737222034987e-01 1.109518232494960260e-01 2.222341279146021475e-01 1.482834125708508421e-01 7.775778535307142914e-01 8.889495460750452827e-01 7.775778535307170669e-01 1.482834125708470674e-01 2.222341279145962911e-01 1.109518232494925705e-01 1.852005737221955883e-01 1.108485925199371863e-01 1.850842334025571967e-01 1.108452367473934108e-01 1.831240056673277827e-01 1.088623157542513431e-01 1.088623157542513431e-01
1.216589368925745374e-01 1.216589368925745374e-01 1.967153745029599221e-01 1.249127633390282183e-01 1.999163008811254416e-01 1.249209099012852375e-01 2.001539203737190131e-01 1.251272752927418963e-01 2.502920970795809996e-01 1.758265928708213355e-01 7.493580802485430015e-01 8.746772253370059813e-01 7.493580802485459991e-01 1.758265928708167281e-01 2.502920970795743383e-01 1.251272752927377885e-01 2.001539203737104089e-01 1.249209099012779517e-01 1.999163008811133679e-01 1.249127633390196140e-01 1.967153745029442125e-01 1.216589368925625608e-01 1.216589368925625608e-01
1.328139562963741027e-01 1.328139562963741027e-01 2.054170200931058621e-01 1.378578036080534974e-01 2.103474412094850088e-01 1.378759129530165162e-01 2.107994462039870509e-01 1.382598790375108300e-01 2.759726098093520097e-01 2.044238856643413593e-01 7.234117077015732589e-01 8.613804021360045304e-01 7.234117077015768116e-01 2.044238856643360580e-01 2.759726098093445157e-01 1.382598790375057785e-01 2.107994462039774197e-01 1.378759129530080507e-01 2.103474412094718804e-01 1.378578036080434777e-01 2.054170200930895140e-01 1.328139562963605025e-01 1.328139562963605025e-01
1.420620005298929567e-01 1.420620005298929567e-01 2.091088781906178251e-01 1.495073746146290405e-01 2.163279788091462819e-01 1.495447408955616619e-01 2.171372934730371185e-01 1.502169898623767486e-01 2.989111732373194164e-01 2.336451682817899389e-01 7.000562502431821876e-01 8.491621087788728817e-01 7.000562502431869616e-01 2.336451682817838327e-01 2.989111732373109787e-01 1.502169898623710587e-01 2.171372934730270154e-01 1.495447408955524471e-01 2.163279788091327094e-01 1.495073746146180493e-01 2.091088781906006999e-01 1.420620005298784960e-01 1.420620005298784960e-01
1.492558050276564241e-01 1.492558050276564241e-01 2.080247495618870179e-01 1.597868837392317498e-01 2.181320558482142402e-01 1.598592144288683015e-01 2.195072909812772199e-01 1.609762698000458125e-01 3.189601006415494489e-01 2.630577060576341220e-01 6.793801113542410341e-01 8.380101789661696943e-01 6.793801113542451420e-01 2.630577060576269610e-01 3.189601006415408446e-01 1.609762698000395953e-01 2.195072909812672279e-01 1.598592144288585037e-01 2.181320558482011396e-01 1.597868837392198149e-01 2.080247495618705589e-01 1.492558050276416304e-01 1.492558050276416304e-01
1.543657436982376618e-01 1.543657436982376618e-01 2.027149978223924121e-01 1.687095561448434256e-01 2.163083133216685550e-01 1.688420252590228654e-01 2.185405868815663566e-01 1.706158345660534204e-01 3.361723217071965752e-01 2.922437841116373725e-01 6.612586774320758920e-01 8.278094471509215291e-01 6.612586774320801108e-01 2.922437841116292678e-01 3.361723217071869718e-01 1.706158345660461206e-01 2.185405868815567532e-01 1.688420252590120130e-01 2.163083133216559262e-01 1.687095561448299641e-01 2.027149978223770910e-01 1.543657436982220077e-01 1.543657436982220077e-01
1.574721643379504155e-01 1.574721643379504155e-01 1.939862688808537128e-01 1.763602570694881577e-01 2.116101158727643483e-01 1.765913802716075898e-01 2.150894802416360163e-01 1.792981476274135844e-01 3.507712113463990478e-01 3.208179720922278988e-01 6.453854312161377837e-01 8.183613774380162909e-01 6.453854312161418916e-01 3.208179720922189615e-01 3.507712113463886672e-01 1.792981476274053132e-01 2.150894802416262186e-01 1.765913802715964598e-01 2.116101158727521636e-01 1.763602570694741412e-01 1.939862688808403901e-01 1.574721643379349834e-01 1.574721643379349834e-01
1.587514636041358618e-01 1.587514636041358618e-01 1.828241062414123208e-01 1.828756348919861330e-01 2.049127655109579116e-01 1.832619704476665945e-01 2.101425663548770473e-01 1.872495129472472875e-01 3.631097391233628624e-01 3.484425894924007006e-01 6.313149116879315237e-01 8.094090715636059752e-01 6.313149116879354095e-01 3.484425894923909861e-01 3.631097391233518157e-01 1.872495129472386000e-01 2.101425663548678602e-01 1.832619704476550204e-01 2.049127655109465873e-01 1.828756348919718666e-01 1.828241062414012463e-01 1.587514636041208460e-01 1.587514636041208460e-01
1.584572262965789624e-01 1.584572262965789624e-01 1.703055625809118123e-01 1.884226513004106651e-01 1.971260692160624328e-01 1.890442600397275186e-01 2.047333423987821310e-01 1.947371898382167232e-01 3.736229612692720803e-01 3.748401079572399319e-01 6.185135143832812821e-01 8.006652427033146280e-01 6.185135143832840576e-01 3.748401079572294958e-01 3.736229612692608670e-01 1.947371898382069810e-01 2.047333423987733325e-01 1.890442600397150841e-01 1.971260692160518579e-01 1.884226513003953718e-01 1.703055625809026807e-01 1.584572262965650291e-01 1.584572262965650291e-01
1.568980264777710687e-01 1.568980264777710687e-01 1.575094767662618134e-01 1.931775132769951997e-01 1.891107038429150622e-01 1.941440262264701178e-01 1.998506540352600336e-01 2.020461216915514779e-01 3.827782157755258985e-01 3.998015124236716233e-01 6.064136556583615834e-01 7.918406169172402809e-01 6.064136556583641369e-01 3.998015124236613538e-01 3.827782157755150183e-01 2.020461216915407920e-01 1.998506540352513183e-01 1.941440262264570449e-01 1.891107038429051534e-01 1.931775132769796011e-01 1.575094767662552908e-01 1.568980264777579126e-01 1.568980264777579126e-01
1.544136267822711350e-01 1.544136267822711350e-01 1.454319666551773249e-01 1.973068036335091369e-01 1.816060746942074200e-01 1.987638494937291611e-01 1.963588044668984067e-01 2.094570635996044761e-01 3.910273239795245548e-01 4.231900099041911445e-01 5.944667459643484531e-01 7.826703392881705357e-01 5.944667459643497853e-01 4.231900099041804308e-01 3.910273239795128974e-01 2.094570635995928742e-01 1.963588044668898303e-01 1.987638494937161715e-01 1.816060746941981774e-01 1.973068036334934550e-01 1.454319666551729950e-01 1.544136267822587838e-01 1.544136267822587838e-01
1.513513128959741716e-01 1.513513128959741716e-01 1.349139147699755237e-01 2.009522583178222910e-01 1.751758897202899956e-01 2.030878975931039998e-01 1.949338771930019254e-01 2.172275558073411272e-01 3.987646722299932889e-01 4.449398844287823507e-01 5.821907250803285416e-01 7.729362952480228754e-01 5.821907250803295408e-01 4.449398844287706378e-01 3.987646722299798552e-01 2.172275558073286095e-01 1.949338771929923775e-01 2.030878975930908714e-01 1.751758897202808085e-01 2.009522583178061650e-01 1.349139147699740526e-01 1.513513128959624032e-01 1.513513128959624032e-01
1.480439698134407567e-01 1.480439698134407567e-01 1.265858878801149334e-01 2.042202007050770429e-01 1.701756381641417737e-01 2.072709050501894967e-01 1.960209911718974740e-01 2.255767721765347122e-01 4.062943008782688992e-01 4.650507104659798996e-01 5.692085673507620847e-01 7.624837658163736709e-01 5.692085673507624177e-01 4.650507104659677982e-01 4.062943008782557985e-01 2.255767721765211675e-01 1.960209911718884257e-01 2.072709050501761185e-01 1.701756381641327809e-01 2.042202007050607782e-01 1.265858878801147391e-01 1.480439698134307369e-01 1.480439698134307369e-01
1.447912626179653217e-01 1.447912626179653217e-01 1.208341726414952910e-01 2.071761578365908241e-01 1.667437911365175218e-01 2.114317724109959773e-01 1.998150114399877553e-01 2.346748275758846758e-01 4.138081479800033713e-01 4.835775194973029878e-01 5.552750987280749007e-01 7.512314590156700111e-01 5.552750987280732353e-01 4.835775194972908864e-01 4.138081479799906037e-01 2.346748275758699098e-01 1.998150114399779853e-01 2.114317724109824326e-01 1.667437911365089176e-01 2.071761578365751977e-01 1.208341726414966372e-01 1.447912626179559403e-01 1.447912626179559403e-01
1.418449530804089531e-01 1.418449530804089531e-01 1.177896015945686797e-01 2.098446917218955710e-01 1.648160809752059475e-01 2.156517403557007551e-01 2.062649073983166825e-01 2.446367016537487060e-01 4.213764824568699829e-01 5.006178347689854702e-01 5.402905887711740851e-01 7.391746300866692820e-01 5.402905887711715316e-01 5.006178347689727026e-01 4.213764824568558831e-01 2.446367016537330519e-01 2.062649073983056913e-01 2.156517403556868218e-01 1.648160809751968159e-01 2.098446917218791674e-01 1.177896015945706087e-01 1.418449530804010428e-01 1.418449530804010428e-01
1.393989960586936860e-01 1.393989960586936860e-01 1.173387775894465940e-01 2.122140176126035005e-01 1.641599175685785061e-01 2.199766749348501804e-01 2.150997179155819949e-01 2.555205649014164471e-01 4.289504242199373985e-01 5.162967233522621768e-01 5.243007848614850142e-01 7.263816506881880519e-01 5.243007848614817945e-01 5.162967233522492982e-01 4.289504242199229656e-01 2.555205649013996272e-01 2.150997179155701433e-01 2.199766749348363859e-01 1.641599175685694578e-01 2.122140176125881239e-01 1.173387775894488561e-01 1.393989960586860810e-01 1.393989960586860810e-01
1.375846510614625595e-01 1.375846510614625595e-01 1.191553690632320139e-01 2.142445832549245976e-01 1.644240909992053801e-01 2.244226658602406776e-01 2.258721615112816161e-01 2.673299999033111884e-01 4.363753918469066573e-01 5.307511455733190386e-01 5.074842339681858716e-01 7.129849490072456275e-01 5.074842339681818748e-01 5.307511455733058270e-01 4.363753918468923354e-01 2.673299999032934249e-01 2.258721615112682102e-01 2.244226658602264390e-01 1.644240909991953603e-01 2.142445832549091933e-01 1.191553690632341095e-01 1.375846510614555374e-01 1.375846510614555374e-01
1.364704487342225381e-01 1.364704487342225381e-01 1.227475133460690926e-01 2.158804756639469968e-01 1.651975726139315037e-01 2.289839146951184456e-01 2.380144960098113660e-01 2.800194072286984470e-01 4.434134337488876421e-01 5.441149008594855507e-01 4.901287865005840017e-01 6.991676687711111393e-01 4.901287865005788391e-01 5.441149008594726721e-01 4.434134337488729871e-01 2.800194072286788516e-01 2.380144960097963502e-01 2.289839146951036519e-01 1.651975726139211786e-01 2.158804756639318700e-01 1.227475133460708412e-01 1.364704487342159323e-01 1.364704487342159323e-01
1.360665005886292633e-01 1.360665005886292633e-01 1.275161657303922613e-01 2.170623254892896370e-01 1.660705789362874329e-01 2.336417869218389565e-01 2.509004041517993722e-01 2.935017715132045013e-01 4.497717571283725846e-01 5.565053762118591374e-01 4.726000094406558327e-01 6.851476534910986294e-01 4.726000094406505592e-01 5.565053762118459257e-01 4.497717571283574300e-01 2.935017715131841842e-01 2.509004041517834405e-01 2.336417869218239129e-01 1.660705789362769413e-01 2.170623254892751208e-01 1.275161657303931495e-01 1.360665005886230183e-01 1.360665005886230183e-01
1.363323585175845454e-01 1.363323585175845454e-01 1.328185579692877372e-01 2.177403062914202436e-01 1.666911483318438691e-01 2.383739214032731535e-01 2.639065127147430245e-01 3.076579303926984532e-01 4.551344143832719014e-01 5.680131082477172244e-01 4.553047870336834335e-01 6.711604408873672600e-01 4.553047870336774383e-01 5.680131082477035687e-01 4.551344143832572464e-01 3.076579303926770814e-01 2.639065127147260381e-01 2.383739214032576381e-01 1.666911483318332943e-01 2.177403062914062548e-01 1.328185579692878204e-01 1.363323585175782726e-01 1.363323585175782726e-01
1.371874364761647980e-01 1.371874364761647980e-01 1.380308181938219581e-01 2.178858806534662851e-01 1.668112656115891823e-01 2.431624202295060433e-01 2.764676268181686103e-01 3.223465230959640659e-01 4.591940533407816716e-01 5.786948904670127236e-01 4.386536197147665739e-01 6.574428591692205170e-01 4.386536197147597460e-01 5.786948904669978466e-01 4.591940533407665725e-01 3.223465230959414729e-01 2.764676268181502916e-01 2.431624202294902226e-01 1.668112656115786074e-01 2.178858806534529069e-01 1.380308181938211809e-01 1.371874364761580811e-01 1.371874364761580811e-01
1.385229094709092557e-01 1.385229094709092557e-01 1.426042379779684233e-01 2.175011205456879038e-01 1.663179497750750802e-01 2.480003578465867775e-01 2.881207976984385688e-01 3.374138800967867446e-01 4.616808708770500647e-01 5.885708203652253445e-01 4.230250389543178113e-01 6.442185768227171039e-01 4.230250389543101508e-01 5.885708203652096904e-01 4.616808708770358538e-01 3.374138800967624308e-01 2.881207976984190844e-01 2.480003578465703185e-01 1.663179497750643665e-01 2.175011205456749974e-01 1.426042379779657310e-01 1.385229094709022890e-01 1.385229094709022890e-01
1.402140050699639540e-01 1.402140050699639540e-01 1.461105842361287155e-01 2.166247088430698353e-01 1.652465309421896622e-01 2.528961191794389940e-01 2.985348069264011084e-01 3.527032335003552066e-01 4.623863879486593276e-01 5.976253182410242726e-01 4.087351606062802345e-01 6.316866090258004274e-01 4.087351606062718523e-01 5.976253182410075082e-01 4.623863879486451167e-01 3.527032335003302266e-01 2.985348069263810689e-01 2.528961191794212304e-01 1.652465309421793371e-01 2.166247088430574841e-01 1.461105842361255236e-01 1.402140050699561269e-01 1.402140050699561269e-01
1.421316920090913982e-01 1.421316920090913982e-01 1.482731348583694320e-01 2.153340857423456933e-01 1.637753800478498611e-01 2.578753667646334624e-01 3.075233706114036680e-01 3.680627645581144303e-01 4.611803259814396538e-01 6.058117956994724107e-01 3.960147522298504974e-01 6.200133728269746625e-01 3.960147522298426148e-01 6.058117956994563125e-01 4.611803259814268308e-01 3.680627645580880625e-01 3.075233706113839616e-01 2.578753667646155878e-01 1.637753800478404242e-01 2.153340857423342025e-01 1.482731348583655184e-01 1.421316920090826830e-01 1.421316920090826830e-01
1.441529339639333052e-01 1.441529339639333052e-01 1.489816289253956538e-01 2.137436035660625344e-01 1.622033971155993903e-01 2.629807119877020094e-01 3.150421530358887834e-01 3.833521471980282924e-01 4.580196346219518322e-01 6.130603406335501937e-01 3.849953620051559389e-01 6.093284580636395553e-01 3.849953620051465575e-01 6.130603406335335404e-01 4.580196346219388981e-01 3.833521471980005368e-01 3.150421530358674671e-01 2.629807119876833577e-01 1.622033971155903143e-01 2.137436035660516542e-01 1.489816289253914627e-01 1.441529339639241458e-01 1.441529339639241458e-01
1.461688937038435054e-01 1.461688937038435054e-01 1.482909114026639830e-01 2.119989568184317830e-01 1.609133948953786197e-01 2.682693957657383277e-01 3.211713421422960346e-01 3.984473850345177093e-01 4.529495184459880197e-01 6.192875458893580820e-01 3.757051333055825282e-01 5.997238868998250316e-01 3.757051333055732023e-01 6.192875458893414287e-01 4.529495184459761958e-01 3.984473850344888435e-01 3.211713421422749959e-01 2.682693957657196759e-01 1.609133948953705984e-01 2.119989568184218742e-01 1.482909114026595976e-01 1.461688937038334857e-01 1.461688937038334857e-01
1.480907200223645359e-01 1.480907200223645359e-01 1.464045651550196503e-01 2.102685212334221010e-01 1.603259469233294654e-01 2.738094484039159671e-01 3.260869130411418459e-01 4.132438672233327281e-01 4.460970576355404726e-01 6.244074619390987957e-01 3.680740000197621486e-01 5.912563096400703655e-01 3.680740000197511574e-01 6.244074619390800329e-01 4.460970576355295925e-01 4.132438672233026966e-01 3.260869130411203631e-01 2.738094484038957610e-01 1.603259469233220824e-01 2.102685212334121923e-01 1.464045651550154037e-01 1.480907200223536002e-01 1.480907200223536002e-01
1.498528026473679720e-01 1.498528026473679720e-01 1.436461218030791465e-01 2.087325292259291365e-01 1.608491628099514015e-01 2.796748864734175943e-01 3.300246624519532213e-01 4.276576815450386371e-01 4.376586475192832948e-01 6.283426104863759631e-01 3.619471101914203404e-01 5.839513553170745386e-01 3.619471101914089051e-01 6.283426104863564232e-01 4.376586475192730807e-01 4.276576815450072178e-01 3.300246624519315164e-01 2.796748864733965001e-01 1.608491628099440185e-01 2.087325292259197551e-01 1.436461218030753162e-01 1.498528026473566477e-01 1.498528026473566477e-01
1.514136158338677818e-01 1.514136158338677818e-01 1.404214169227741560e-01 2.075712004837388103e-01 1.628301300884870684e-01 2.859405169432369109e-01 3.332415593449659097e-01 4.416253190276869245e-01 4.278829431454099774e-01 6.310340555195275147e-01 3.571046348038209861e-01 5.778092372138556865e-01 3.571046348038094398e-01 6.310340555195081969e-01 4.278829431454011512e-01 4.416253190276545060e-01 3.332415593449437052e-01 2.859405169432143734e-01 1.628301300884801850e-01 2.075712004837296787e-01 1.404214169227709086e-01 1.514136158338559857e-01 1.514136158338559857e-01
1.527544700474788575e-01 1.527544700474788575e-01 1.371762309906255639e-01 2.069530172279968605e-01 1.665134104061514464e-01 2.926768656267794144e-01 3.359789040539164495e-01 4.551019824187786944e-01 4.170512568634684447e-01 6.324496795593208542e-01 3.532856416961679402e-01 5.728107078666417884e-01 3.532856416961555612e-01 6.324496795593006482e-01 4.170512568634604511e-01 4.551019824187448326e-01 3.359789040538936900e-01 2.926768656267564883e-01 1.665134104061441467e-01 2.069530172279879787e-01 1.371762309906223720e-01 1.527544700474668948e-01 1.527544700474668948e-01
1.538766385461094732e-01 1.538766385461094732e-01 1.343535042630688014e-01 2.070242788257569966e-01 1.720110545583668771e-01 2.999456455110255382e-01 3.384312549713157647e-01 4.680587708299306926e-01 4.054574102445257511e-01 6.325900352530391402e-01 3.502134858419198582e-01 5.689225551023470162e-01 3.502134858419064245e-01 6.325900352530198223e-01 4.054574102445189232e-01 4.680587708298962202e-01 3.384312549712918394e-01 2.999456455110016129e-01 1.720110545583592443e-01 2.070242788257474209e-01 1.343535042630656651e-01 1.538766385460968722e-01 1.538766385460968722e-01
1.547974131888421589e-01 1.547974131888421589e-01 1.323541436230804558e-01 2.079008985780491925e-01 1.792872216021751119e-01 3.077960516882205511e-01 3.407241536844883290e-01 4.804790551327257631e-01 3.933888987679307059e-01 6.314914092458936423e-01 3.476201954380213621e-01 5.661020101455754849e-01 3.476201954380083170e-01 6.314914092458743244e-01 3.933888987679237670e-01 4.804790551326896253e-01 3.407241536844639040e-01 3.077960516881961817e-01 1.792872216021661469e-01 2.079008985780396446e-01 1.323541436230772084e-01 1.547974131888297522e-01 1.547974131888297522e-01
1.555456691479393527e-01 1.555456691479393527e-01 1.315048042727423039e-01 2.096631379603966228e-01 1.881588132864747687e-01 3.162620346535419680e-01 3.429024795839241135e-01 4.923543833684248527e-01 3.811109191564728271e-01 6.292260166501290053e-01 3.452676022379652654e-01 5.642996733816463273e-01 3.452676022379519982e-01 6.292260166501075780e-01 3.811109191564656107e-01 4.923543833683877158e-01 3.429024795838994666e-01 3.162620346535157112e-01 1.881588132864640828e-01 2.096631379603858814e-01 1.315048042727391120e-01 1.555456691479270293e-01 1.555456691479270293e-01
1.561574850785248103e-01 1.561574850785248103e-01 1.320351134849153674e-01 2.123536418948339666e-01 1.983117546302277656e-01 3.253605811627628408e-01 3.449299404148145620e-01 5.036802625667805566e-01 3.688543795979277728e-01 6.258995112067679001e-01 3.429634355978414262e-01 5.634608216667871261e-01 3.429634355978277149e-01 6.258995112067469169e-01 3.688543795979208340e-01 5.036802625667428090e-01 3.449299404147876391e-01 3.253605811627349742e-01 1.983117546302155809e-01 2.123536418948226701e-01 1.320351134849117869e-01 1.561574850785127921e-01 1.561574850785127921e-01
1.566722825972766409e-01 1.566722825972766409e-01 1.340657143873131008e-01 2.159787808272592147e-01 2.093308592297034310e-01 3.350909352062837465e-01 3.466989090379731797e-01 5.144521528705172653e-01 3.568085152607148314e-01 6.216462228773543819e-01 3.405712162779876429e-01 5.635252114585130867e-01 3.405712162779739871e-01 6.216462228773331766e-01 3.568085152607072263e-01 5.144521528704787405e-01 3.466989090379462568e-01 3.350909352062546032e-01 2.093308592296885262e-01 2.159787808272461140e-01 1.340657143873083823e-01 1.566722825972642064e-01 1.566722825972642064e-01
1.571298294495830639e-01 1.571298294495830639e-01 1.376073624934324169e-01 2.205129615865978332e-01 2.207397936026587737e-01 3.454346283792124606e-01 3.480486910883874851e-01 5.246619817933724228e-01 3.451182207428900584e-01 6.166227017865076876e-01 3.380134800992788402e-01 5.644257058914533554e-01 3.380134800992657396e-01 6.166227017864861493e-01 3.451182207428826754e-01 5.246619817933324548e-01 3.480486910883594520e-01 3.454346283791819849e-01 2.207397936026412599e-01 2.205129615865830395e-01 1.376073624934261164e-01 1.571298294495706849e-01 1.571298294495706849e-01
1.575683097076690242e-01 1.575683097076690242e-01 1.425702223082375431e-01 2.259052767539470596e-01 2.320466447830416556e-01 3.563561602083809010e-01 3.487894695171962489e-01 5.342954413424814142e-01 3.338857391599846514e-01 6.110002435911535690e-01 3.352685606587734179e-01 5.660862086647120428e-01 3.352685606587606504e-01 6.110002435911331409e-01 3.338857391599768243e-01 5.342954413424407800e-01 3.487894695171672721e-01 3.563561602083486490e-01 2.320466447830219214e-01 2.259052767539302953e-01 1.425702223082297715e-01 1.575683097076572836e-01 1.575683097076572836e-01
1.580235176838406530e-01 1.580235176838406530e-01 1.487815885785759851e-01 2.320876522348171433e-01 2.427900972518569067e-01 3.678041705910130577e-01 3.487286986737791472e-01 5.433302699909323685e-01 3.231759577774530046e-01 6.049570932245554866e-01 3.323617949729971710e-01 5.684194688645346494e-01 3.323617949729861798e-01 6.049570932245339483e-01 3.231759577774445669e-01 5.433302699908904021e-01 3.487286986737493932e-01 3.678041705909798620e-01 2.427900972518345080e-01 2.320876522347986304e-01 1.487815885785662984e-01 1.580235176838295785e-01 1.580235176838295785e-01
1.585290950498879636e-01 1.585290950498879636e-01 1.560095767178746595e-01 2.389835452424465823e-01 2.525812792694717146e-01 3.797129701717474881e-01 3.476966462872974062e-01 5.517356476021465506e-01 3.130242835374100752e-01 5.986709762127846446e-01 3.293525263399749714e-01 5.713253236451076855e-01 3.293525263399650349e-01 5.986709762127636614e-01 3.130242835374013044e-01 5.517356476021038070e-01 3.476966462872669861e-01 3.797129701717116279e-01 2.525812792694465125e-01 2.389835452424262097e-01 1.560095767178625026e-01 1.585290950498770002e-01 1.585290950498770002e-01
1.591176157642279765e-01 1.591176157642279765e-01 1.639899403144985390e-01 2.465162477869279611e-01 2.611369244471043460e-01 3.920043298442448254e-01 3.455680934380348512e-01 5.594727481633056110e-01 3.034459253039273330e-01 5.923125007449500101e-01 3.263186203163143673e-01 5.746898745208168791e-01 3.263186203163058186e-01 5.923125007449306922e-01 3.034459253039177851e-01 5.594727481632620902e-01 3.455680934380037095e-01 3.920043298442071333e-01 2.611369244470776452e-01 2.465162477869054236e-01 1.639899403144839951e-01 1.591176157642175959e-01 1.591176157642175959e-01
1.598222403480792086e-01 1.598222403480792086e-01 1.724530983910602666e-01 2.546159586734665914e-01 2.683005349464254174e-01 4.045894669937277199e-01 3.422778441620892287e-01 5.664964075831008250e-01 2.944453951763768007e-01 5.860398256476817558e-01 3.233403569352165663e-01 5.783859608101050709e-01 3.233403569352092943e-01 5.860398256476623269e-01 2.944453951763660315e-01 5.664964075830573043e-01 3.422778441620589751e-01 4.045894669936896393e-01 2.683005349463957745e-01 2.546159586734419444e-01 1.724530983910432802e-01 1.598222403480684117e-01 1.598222403480684117e-01
1.606786153765557279e-01 1.606786153765557279e-01 1.811486766041208452e-01 2.632249823801897648e-01 2.740496040745665218e-01 4.173711945252767674e-01 3.378285764747615549e-01 5.727577778209376191e-01 2.860251472050671095e-01 5.799948183824448211e-01 3.204855103488328250e-01 5.822751198952602625e-01 3.204855103488266077e-01 5.799948183824239489e-01 2.860251472050551746e-01 5.727577778208934323e-01 3.378285764747308018e-01 4.173711945252379096e-01 2.740496040745361572e-01 2.632249823801635080e-01 1.811486766041019436e-01 1.606786153765465130e-01 1.606786153765465130e-01
1.617266871310264753e-01 1.617266871310264753e-01 1.898653411779221978e-01 2.723006686957655798e-01 2.784885019252456573e-01 4.302462130215268798e-01 3.322905708812235459e-01 5.782077607407762887e-01 2.781924755854127684e-01 5.743007527307205651e-01 3.177971915175530349e-01 5.862110316079163219e-01 3.177971915175490381e-01 5.743007527307006921e-01 2.781924755853987241e-01 5.782077607407328790e-01 3.322905708811927927e-01 4.302462130214860792e-01 2.784885019252142935e-01 2.723006686957382128e-01 1.898653411779012146e-01 1.617266871310167053e-01 1.617266871310167053e-01
1.630121275970187189e-01 1.630121275970187189e-01 1.984443655960035913e-01 2.818159892384359821e-01 2.818281770988869117e-01 4.431075242180750884e-01 3.257938572102769270e-01 5.828009517678214291e-01 2.709640655491981076e-01 5.690614360751717893e-01 3.152856438406554385e-01 5.900442572296593635e-01 3.152856438406523298e-01 5.690614360751524714e-01 2.709640655491835082e-01 5.828009517677769091e-01 3.257938572102465069e-01 4.431075242180334550e-01 2.818281770988539936e-01 2.818159892384066167e-01 1.984443655959804986e-01 1.630121275970085326e-01 1.630121275970085326e-01
1.645871304105475663e-01 1.645871304105475663e-01 2.067861369806716088e-01 2.917579208220046350e-01 2.843552135415235993e-01 4.558469270664887718e-01 3.185142075293379560e-01 5.864997803993254877e-01 2.643678946510045757e-01 5.643615261156598173e-01 3.129246929061170746e-01 5.936279242477671136e-01 3.129246929061159643e-01 5.643615261156401663e-01 2.643678946509885330e-01 5.864997803992806347e-01 3.185142075293086461e-01 4.558469270664449735e-01 2.843552135414904036e-01 2.917579208219746589e-01 2.067861369806469896e-01 1.645871304105374078e-01 1.645871304105374078e-01
1.665104154781694712e-01 1.665104154781694712e-01 2.148495955214929920e-01 3.021240387546652029e-01 2.863938593187027037e-01 4.683575312090852982e-01 3.106550723891594035e-01 5.892785162281519717e-01 2.584424861555040254e-01 5.602677071539206022e-01 3.106530153366637848e-01 5.968238935074372531e-01 3.106530153366648950e-01 5.602677071539026166e-01 2.584424861554870945e-01 5.892785162281078959e-01 3.106550723891305377e-01 4.683575312090410003e-01 2.863938593186689530e-01 3.021240387546335060e-01 2.148495955214672348e-01 1.665104154781598678e-01 1.665104154781598678e-01
1.688463739005746644e-01 1.688463739005746644e-01 2.226453241924642723e-01 3.129178900772593974e-01 2.882653058928524303e-01 4.805361943978650463e-01 3.024279396585048962e-01 5.911268177553076208e-01 2.532337897396066406e-01 5.568303524565207940e-01 3.083798658141210236e-01 5.995088868115552305e-01 3.083798658141223559e-01 5.568303524565021423e-01 2.532337897395884885e-01 5.911268177552645442e-01 3.024279396584763080e-01 4.805361943978201933e-01 2.882653058928186240e-01 3.129178900772277561e-01 2.226453241924382098e-01 1.688463739005645892e-01 1.688463739005645892e-01
1.716633792602021702e-01 1.716633792602021702e-01 2.302235975981533900e-01 3.241438018659951181e-01 2.902486821093914204e-01 4.922857688093892348e-01 2.940336562744892968e-01 5.920525368697434621e-01 2.487901842259331864e-01 5.540853023082129569e-01 3.059944398162634527e-01 6.015800541903078003e-01 3.059944398162664503e-01 5.540853023081954154e-01 2.487901842259141461e-01 5.920525368697012736e-01 2.940336562744606530e-01 4.922857688093438822e-01 2.902486821093570035e-01 3.241438018659631437e-01 2.302235975981259675e-01 1.716633792601915676e-01 1.716633792601915676e-01
1.750313777501830703e-01 1.750313777501830703e-01 2.376591072038260477e-01 3.358017788973307050e-01 2.925479294291978838e-01 5.035170339849565080e-01 2.856469990577897855e-01 5.920835518334337522e-01 2.451562472957506400e-01 5.520554331367024670e-01 3.033776972828166052e-01 6.029595176953437274e-01 3.033776972828201024e-01 5.520554331366848144e-01 2.451562472957305727e-01 5.920835518333903424e-01 2.856469990577620299e-01 5.035170339849112109e-01 2.925479294291638555e-01 3.358017788972999518e-01 2.376591072037988750e-01 1.750313777501713020e-01 1.750313777501713020e-01
1.790189400879467208e-01 1.790189400879467208e-01 2.450342774100124632e-01 3.478830654667634525e-01 2.952679890192650425e-01 5.141502063142455725e-01 2.774062541861070930e-01 5.912684807866414038e-01 2.423660116734144276e-01 5.507517735082779753e-01 3.004152608174507355e-01 6.035975331129399546e-01 3.004152608174544548e-01 5.507517735082610999e-01 2.423660116733934722e-01 5.912684807865992154e-01 2.774062541860802256e-01 5.141502063142001644e-01 2.952679890192289602e-01 3.478830654667331990e-01 2.450342774099849574e-01 1.790189400879344528e-01 1.790189400879344528e-01
1.836900069857363427e-01 1.836900069857363427e-01 2.524230691649232972e-01 3.603668050073596807e-01 2.984026481072803993e-01 5.241159477943215794e-01 2.694088397575783445e-01 5.896762189299161738e-01 2.404364281056831087e-01 5.501740269124697491e-01 2.970099465132710059e-01 6.034740482001874629e-01 2.970099465132745586e-01 5.501740269124519855e-01 2.404364281056614872e-01 5.896762189298769830e-01 2.694088397575511995e-01 5.241159477942760603e-01 2.984026481072444281e-01 3.603668050073299822e-01 2.524230691648958191e-01 1.836900069857234086e-01 1.836900069857234086e-01
1.891005840691027673e-01 1.891005840691027673e-01 2.598769542630117724e-01 3.732180522389160759e-01 3.018350883218066660e-01 5.333558470777272076e-01 2.617131771536681528e-01 5.873943369793058755e-01 2.393616915968809489e-01 5.503104763736896832e-01 2.930925844416913950e-01 6.025985889967372389e-01 2.930925844416950588e-01 5.503104763736730298e-01 2.393616915968585224e-01 5.873943369792679059e-01 2.617131771536408413e-01 5.333558470776815774e-01 3.018350883217709169e-01 3.732180522388868771e-01 2.598769542629844609e-01 1.891005840690895001e-01 1.891005840690895001e-01
1.952956411481652776e-01 1.952956411481652776e-01 2.674143726245646335e-01 3.863872028360503252e-01 3.053507986328105051e-01 5.418224063880517916e-01 2.543461891256008633e-01 5.845264670789430683e-01 2.391089728907305756e-01 5.511373588448205130e-01 2.886300215554498672e-01 6.010085569559691088e-01 2.886300215554528092e-01 5.511373588448028604e-01 2.391089728907082879e-01 5.845264670789066530e-01 2.543461891255739404e-01 5.418224063880067165e-01 3.053507986327735346e-01 3.863872028360224586e-01 2.674143726245379882e-01 1.952956411481507060e-01 1.952956411481507060e-01
2.023064467256256160e-01 2.023064467256256160e-01 2.750145089193849479e-01 3.998107310577261320e-01 3.086612099283578825e-01 5.494786287110547951e-01 2.473150770490931405e-01 5.811888765067273477e-01 2.396159489740982418e-01 5.526178955569860385e-01 2.836295409741724227e-01 5.987661530228116646e-01 2.836295409741748097e-01 5.526178955569691631e-01 2.396159489740760373e-01 5.811888765066938189e-01 2.473150770490660511e-01 5.494786287110104972e-01 3.086612099283210231e-01 3.998107310576983209e-01 2.750145089193582471e-01 2.023064467256107668e-01 2.023064467256107668e-01
2.101485256635262922e-01 2.101485256635262922e-01 2.826157032391310442e-01 4.134129879355508685e-01 3.114353147461593752e-01 5.562973497681993340e-01 2.406214929974973271e-01 5.775064822324148528e-01 2.407903617734751811e-01 5.547012373521011952e-01 2.781393374364703464e-01 5.959542474157629721e-01 2.781393374364710680e-01 5.547012373520854300e-01 2.407903617734525326e-01 5.775064822323822122e-01 2.406214929974709316e-01 5.562973497681555912e-01 3.114353147461217386e-01 4.134129879355238901e-01 2.826157032391052870e-01 2.101485256635108045e-01 2.101485256635108045e-01
2.188203715385186598e-01 2.188203715385186598e-01 2.901183026476515936e-01 4.271087257586648200e-01 3.133357648434214604e-01 5.622604888277062951e-01 2.342759357601979231e-01 5.736085861338231506e-01 2.425116690852525958e-01 5.573216236178057947e-01 2.722451132925351458e-01 5.926715770765409452e-01 2.722451132925350903e-01 5.573216236177893634e-01 2.425116690852305301e-01 5.736085861337916203e-01 2.342759357601713333e-01 5.622604888276629964e-01 3.133357648433834908e-01 4.271087257586391739e-01 2.901183026476251703e-01 2.188203715385023951e-01 2.188203715385023951e-01
2.283029816331678119e-01 2.283029816331678119e-01 2.973913195107273366e-01 4.408059843531042521e-01 3.140555636906235959e-01 5.673583947842336661e-01 2.283101938192757530e-01 5.696246098813181336e-01 2.446346990226722640e-01 5.603980553936608322e-01 2.660632571115416622e-01 5.890276727263387135e-01 2.660632571115405520e-01 5.603980553936446229e-01 2.446346990226505869e-01 5.696246098812892678e-01 2.283101938192488578e-01 5.673583947841915887e-01 3.140555636905846826e-01 4.408059843530793831e-01 2.973913195107009688e-01 2.283029816331514084e-01 2.283029816331514084e-01
2.385602180165101727e-01 2.385602180165101727e-01 3.042819299898142926e-01 4.544089979810632118e-01 3.133515184120266306e-01 5.715894371741078173e-01 2.227859284568969311e-01 5.656800817341787191e-01 2.469950879720676784e-01 5.638347470946013518e-01 2.597313971332063098e-01 5.851378952935621935e-01 2.597313971332035343e-01 5.638347470945852535e-01 2.469950879720457515e-01 5.656800817341512966e-01 2.227859284568699805e-01 5.715894371740665170e-01 3.133515184119882724e-01 4.544089979810395641e-01 3.042819299897889240e-01 2.385602180164933528e-01 2.385602180164933528e-01
2.495399384560801348e-01 2.495399384560801348e-01 3.106266480589074397e-01 4.678208481176628353e-01 3.110710675786801382e-01 5.749599391479909283e-01 2.177979994273180619e-01 5.618930792010727870e-01 2.494161773551899497e-01 5.675225507411651993e-01 2.533973528713390766e-01 5.811189026323209106e-01 2.533973528713348022e-01 5.675225507411498782e-01 2.494161773551695771e-01 5.618930792010474740e-01 2.177979994272910003e-01 5.749599391479499610e-01 3.110710675786418911e-01 4.678208481176387434e-01 3.106266480588834589e-01 2.495399384560629263e-01 2.495399384560629263e-01
2.611757905973856042e-01 2.611757905973856042e-01 3.162629558600579815e-01 4.809456813123758057e-01 3.071698960701436665e-01 5.774844789335316086e-01 2.134718188498394842e-01 5.583712683991730596e-01 2.517169679729397980e-01 5.713414490298005521e-01 2.472076207382638002e-01 5.770847809241685944e-01 2.472076207382584989e-01 5.713414490297851200e-01 2.517169679729196474e-01 5.583712683991498560e-01 2.134718188498120617e-01 5.774844789334914186e-01 3.071698960701059189e-01 4.809456813123519359e-01 3.162629558600343338e-01 2.611757905973682847e-01 2.611757905973682847e-01
2.733895251701200513e-01 2.733895251701200513e-01 3.210402523865635849e-01 4.936904149630083616e-01 3.017187895336844172e-01 5.791865094036700023e-01 2.099547912696935470e-01 5.552096110666333573e-01 2.537206812584844040e-01 5.751640995738538376e-01 2.412965177918617032e-01 5.731439722992035524e-01 2.412965177918548476e-01 5.751640995738385165e-01 2.537206812584648086e-01 5.552096110666117079e-01 2.099547912696660967e-01 5.791865094036316997e-01 3.017187895336466141e-01 4.936904149629844363e-01 3.210402523865404367e-01 2.733895251701020102e-01 2.733895251701020102e-01
2.860936606227186263e-01 2.860936606227186263e-01 3.248291770610267637e-01 5.059659499663747839e-01 2.948993490249874339e-01 5.800991747565430456e-01 2.074026649006851519e-01 5.524887419583441872e-01 2.552634517199389719e-01 5.788602948166687856e-01 2.357769794306085187e-01 5.693970234620261417e-01 2.357769794306007471e-01 5.788602948166541307e-01 2.552634517199202646e-01 5.524887419583250914e-01 2.074026649006579515e-01 5.800991747565064083e-01 2.948993490249511296e-01 5.059659499663508031e-01 3.248291770610041707e-01 2.860936606227008072e-01 2.860936606227008072e-01
2.991943227422488305e-01 2.991943227422488305e-01 3.275286396066095507e-01 5.176879839602195332e-01 2.869893518732999915e-01 5.802661507483166670e-01 2.059622884593441117e-01 5.502739605489282981e-01 2.562026710814675479e-01 5.823020937909234584e-01 2.307337820420295171e-01 5.659350817019038749e-01 2.307337820420202468e-01 5.823020937909088035e-01 2.562026710814491737e-01 5.502739605489112007e-01 2.059622884593166059e-01 5.802661507482806957e-01 2.869893518732640758e-01 5.176879839601945532e-01 3.275286396065884564e-01 2.991943227422301232e-01 2.991943227422301232e-01
3.125940873759595617e-01 3.125940873759595617e-01 3.290702033911177549e-01 5.287775633981213197e-01 2.783395831233177464e-01 5.797423090428412973e-01 2.057527599417902919e-01 5.486147378141206232e-01 2.564245195058498794e-01 5.853692955837783707e-01 2.262196696132434126e-01 5.628389854607913634e-01 2.262196696132334484e-01 5.853692955837641598e-01 2.564245195058314497e-01 5.486147378141053021e-01 2.057527599417622588e-01 5.797423090428058812e-01 2.783395831232834405e-01 5.287775633980966727e-01 3.290702033910964386e-01 3.125940873759411875e-01 3.125940873759411875e-01
3.261946702263380793e-01 3.261946702263380793e-01 3.294197857658814899e-01 5.391615240666314257e-01 2.693447666846290334e-01 5.785940111209306735e-01 2.068472102107239696e-01 5.475446154037756363e-01 2.558502512578516574e-01 5.879548702438959218e-01 2.222545392469588432e-01 5.601787450872256491e-01 2.222545392469474912e-01 5.879548702438831542e-01 2.558502512578334498e-01 5.475446154037620916e-01 2.068472102106956589e-01 5.785940111208979220e-01 2.693447666845958377e-01 5.391615240666062236e-01 3.294197857658610062e-01 3.261946702263198161e-01 3.261946702263198161e-01
3.398993321039541216e-01 3.398993321039541216e-01 3.285769191773958431e-01 5.487729506469932739e-01 2.604117193248692286e-01 5.768988717379012199e-01 2.092574556484122217e-01 5.470813722091785181e-01 2.544408509519566208e-01 5.899699474821561429e-01 2.188275211094757311e-01 5.580131907912460054e-01 2.188275211094632966e-01 5.899699474821428202e-01 2.544408509519376915e-01 5.470813722091666387e-01 2.092574556483833004e-01 5.768988717378700226e-01 2.604117193248363660e-01 5.487729506469674057e-01 3.285769191773763032e-01 3.398993321039355253e-01 3.398993321039355253e-01
3.536148980000591857e-01 3.536148980000591857e-01 3.265720321361400558e-01 5.575517439767310179e-01 2.519279931900779701e-01 5.747448902647754876e-01 2.129234820215893387e-01 5.472273509163920746e-01 2.521997427909808409e-01 5.913479889080160978e-01 2.159015077651855463e-01 5.563895806964623825e-01 2.159015077651719183e-01 5.913479889080031082e-01 2.521997427909623557e-01 5.472273509163809724e-01 2.129234820215600288e-01 5.747448902647461777e-01 2.519279931900451630e-01 5.575517439767033734e-01 3.265720321361211820e-01 3.536148980000393682e-01 3.536148980000393682e-01
3.672533209836072454e-01 3.672533209836072454e-01 3.234623412328916370e-01 5.654453301515354191e-01 2.442340626598736020e-01 5.722289209807128740e-01 2.177092184373670969e-01 5.479698708548286223e-01 2.491733199220128869e-01 5.920478329116374283e-01 2.134194741351885805e-01 5.553430098890429489e-01 2.134194741351745916e-01 5.920478329116255489e-01 2.491733199219938466e-01 5.479698708548184083e-01 2.177092184373372596e-01 5.722289209806853405e-01 2.442340626598407116e-01 5.654453301515062202e-01 3.234623412328725967e-01 3.672533209835878165e-01 3.672533209835878165e-01
3.807327546983805266e-01 3.807327546983805266e-01 3.193269880116347270e-01 5.724094898218855532e-01 2.376015864895542617e-01 5.694545293257277097e-01 2.234053847320742192e-01 5.492816974489744819e-01 2.454491646022174955e-01 5.920553953422517113e-01 2.113118014718226578e-01 5.548955353036265636e-01 2.113118014718083637e-01 5.920553953422403870e-01 2.454491646021978724e-01 5.492816974489672655e-01 2.234053847320436603e-01 5.694545293257019525e-01 2.376015864895212049e-01 5.724094898218549110e-01 3.193269880116149095e-01 3.807327546983605426e-01 3.807327546983605426e-01
3.939781291382958850e-01 3.939781291382958850e-01 3.142620131230784430e-01 5.784092392393170856e-01 2.322195067083365483e-01 5.665293493126734026e-01 2.297394260884959571e-01 5.511215856296737270e-01 2.411519511297662011e-01 5.913839229650622586e-01 2.095037851184107236e-01 5.550550216529920311e-01 2.095037851183961519e-01 5.913839229650519336e-01 2.411519511297466611e-01 5.511215856296665105e-01 2.297394260884650929e-01 5.665293493126495328e-01 2.322195067083030473e-01 5.784092392392857773e-01 3.142620131230573488e-01 3.939781291382737916e-01 3.939781291382737916e-01
4.069212520281572099e-01 4.069212520281572099e-01 3.083756504184513303e-01 5.834196644156686151e-01 2.281888259447221734e-01 5.635621087700151133e-01 2.363917734615529342e-01 5.534349569290961668e-01 2.364371589572621390e-01 5.900728172734296395e-01 2.079225637263276694e-01 5.558138084429683490e-01 2.079225637263132642e-01 5.900728172734213128e-01 2.364371589572412946e-01 5.534349569290902826e-01 2.363917734615214317e-01 5.635621087699939080e-01 2.281888259446874512e-01 5.834196644156346423e-01 3.083756504184292924e-01 4.069212520281341172e-01 4.069212520281341172e-01
4.195004817360126204e-01 4.195004817360126204e-01 3.017842684877076742e-01 5.874266001544624638e-01 2.255259417121507071e-01 5.606595181433817743e-01 2.430169756182201934e-01 5.561548004439244020e-01 2.314828667387146544e-01 5.881851601237263472e-01 2.065028441699532091e-01 5.571473842501347695e-01 2.065028441699389705e-01 5.881851601237192417e-01 2.314828667386939487e-01 5.561548004439199611e-01 2.430169756181881913e-01 5.606595181433638997e-01 2.255259417121152909e-01 5.874266001544287130e-01 3.017842684876823611e-01 4.195004817359866411e-01 4.195004817359866411e-01
4.316600368794262232e-01 4.316600368794262232e-01 2.946091134270668044e-01 5.904270567319592766e-01 2.241735170372176900e-01 5.579232233733093516e-01 2.492677160253988222e-01 5.592029006940396618e-01 2.264800400832471805e-01 5.858041676868817049e-01 2.051909906233816416e-01 5.590133190312176481e-01 2.051909906233677916e-01 5.858041676868751546e-01 2.264800400832262806e-01 5.592029006940359981e-01 2.492677160253672919e-01 5.579232233732941415e-01 2.241735170371804142e-01 5.904270567319223062e-01 2.946091134270389933e-01 4.316600368793970799e-01 4.316600368793970799e-01
4.433490226810238855e-01 4.433490226810238855e-01 2.869738412144038908e-01 5.924293251210946964e-01 2.240171274016584946e-01 5.554470057429632401e-01 2.548194140965464038e-01 5.624914873205092425e-01 2.216218549638291069e-01 5.830288660399690626e-01 2.039472718335244295e-01 5.613507374285431339e-01 2.039472718335114954e-01 5.830288660399640666e-01 2.216218549638075963e-01 5.624914873205064669e-01 2.548194140965152621e-01 5.554470057429516938e-01 2.240171274016200531e-01 5.924293251210585032e-01 2.869738412143729711e-01 4.433490226809924661e-01 4.433490226809924661e-01
4.545202648606456175e-01 4.545202648606456175e-01 2.790026943310063290e-01 5.934527307238369742e-01 2.249054182614999287e-01 5.533143763559035255e-01 2.593930485421975796e-01 5.659253722636432560e-01 2.170927021837581739e-01 5.799693149306170969e-01 2.027462892732834199e-01 5.640806085919454205e-01 2.027462892732713462e-01 5.799693149306135442e-01 2.170927021837358584e-01 5.659253722636422568e-01 2.593930485421671039e-01 5.533143763558947548e-01 2.249054182614605712e-01 5.934527307237983385e-01 2.790026943309729113e-01 4.545202648606109785e-01 4.545202648606109785e-01
4.651290486123138002e-01 4.651290486123138002e-01 2.708190921133165618e-01 5.935270481439645085e-01 2.266712801575008485e-01 5.515966666582590161e-01 2.627740349422925670e-01 5.694045924746747867e-01 2.130575832525853919e-01 5.767417048313956407e-01 2.015758137599446553e-01 5.671070786226406479e-01 2.015758137599338029e-01 5.767417048313935313e-01 2.130575832525623547e-01 5.694045924746728993e-01 2.627740349422626465e-01 5.515966666582523548e-01 2.266712801574606584e-01 5.935270481439264278e-01 2.708190921132801465e-01 4.651290486122757750e-01 4.651290486122757750e-01
4.751318630889506678e-01 4.751318630889506678e-01 2.625443763158645805e-01 5.926916282027471228e-01 2.291516113095400931e-01 5.503516662672083282e-01 2.648254154097687274e-01 5.728275162419782518e-01 2.096526234402041056e-01 5.734636196591739177e-01 2.004344169705111756e-01 5.703199836837508085e-01 2.004344169705012668e-01 5.734636196591728075e-01 2.096526234401803745e-01 5.728275162419781408e-01 2.648254154097401947e-01 5.503516662672064408e-01 2.291516113094994866e-01 5.926916282027085980e-01 2.625443763158245569e-01 4.751318630889079797e-01 4.751318630889079797e-01
4.844852507341116388e-01 4.844852507341116388e-01 2.542964820165788953e-01 5.909943171035810794e-01 2.322035691607519381e-01 5.496228117529889934e-01 2.654942249439121160e-01 5.760943069695501073e-01 2.069773860845748326e-01 5.702497003827566857e-01 1.993283816833552879e-01 5.735985640815053355e-01 1.993283816833464339e-01 5.702497003827561306e-01 2.069773860845497693e-01 5.760943069695499963e-01 2.654942249438845825e-01 5.496228117529897705e-01 2.322035691607111374e-01 5.909943171035441090e-01 2.542964820165358186e-01 4.844852507340657866e-01 4.844852507340657866e-01
4.931448555424384206e-01 4.931448555424384206e-01 2.461883802544579669e-01 5.884902625382493202e-01 2.357157617910804470e-01 5.494388898766975338e-01 2.648106169089837758e-01 5.791105789200703402e-01 2.050895707611560259e-01 5.672078725887685913e-01 1.982684035026817393e-01 5.768162659359452604e-01 1.982684035026742730e-01 5.672078725887685913e-01 2.050895707611305463e-01 5.791105789200710063e-01 2.648106169089576301e-01 5.494388898767003093e-01 2.357157617910400627e-01 5.884902625382122388e-01 2.461883802544120592e-01 4.931448555423888491e-01 4.931448555423888491e-01
5.010647546177093847e-01 5.010647546177093847e-01 2.383262467239012916e-01 5.852407014007009467e-01 2.396135241764934254e-01 5.498141890983936353e-01 2.628800779655710573e-01 5.817910339189674707e-01 2.040025199438507408e-01 5.644362244301185383e-01 1.972665590164701666e-01 5.798463842517469491e-01 1.972665590164635885e-01 5.644362244301200926e-01 2.040025199438238734e-01 5.817910339189678037e-01 2.628800779655465769e-01 5.498141890983994085e-01 2.396135241764543733e-01 5.852407014006646424e-01 2.383262467238527194e-01 5.010647546176554279e-01 5.010647546176554279e-01
5.081971430053457972e-01 5.081971430053457972e-01 2.308074301657224714e-01 5.813118100256973175e-01 2.438581764097062787e-01 5.507490149763060172e-01 2.598697578965917243e-01 5.840628435311379096e-01 2.036857538604396889e-01 5.620205504028419341e-01 1.963339206090859435e-01 5.825681868846854794e-01 1.963339206090800593e-01 5.620205504028443766e-01 2.036857538604117668e-01 5.840628435311384647e-01 2.598697578965675214e-01 5.507490149763141218e-01 2.438581764096684201e-01 5.813118100256631227e-01 2.308074301656720395e-01 5.081971430052881766e-01 5.081971430052881766e-01
5.144924226863130112e-01 5.144924226863130112e-01 2.237184031857617772e-01 5.767736739741129437e-01 2.484408818628587590e-01 5.522304778021451810e-01 2.559905069183500692e-01 5.858685421792364512e-01 2.040685168504669245e-01 5.600325195735511574e-01 1.954790627413335868e-01 5.848730789262098773e-01 1.954790627413286741e-01 5.600325195735550432e-01 2.040685168504373648e-01 5.858685421792383385e-01 2.559905069183266435e-01 5.522304778021560612e-01 2.484408818628224824e-01 5.767736739740807472e-01 2.237184031857098188e-01 5.144924226862535033e-01 5.144924226862535033e-01
5.198997231603500468e-01 5.198997231603500468e-01 2.171329573360198106e-01 5.716994050907521219e-01 2.533723310246585037e-01 5.542334628126893703e-01 2.514765930633298674e-01 5.871682239656388358e-01 2.050460709148722582e-01 5.585283899955486575e-01 1.947075487565542440e-01 5.866703330666402927e-01 1.947075487565493312e-01 5.585283899955528764e-01 2.050460709148419491e-01 5.871682239656398350e-01 2.514765930633063307e-01 5.542334628127010276e-01 2.533723310246245863e-01 5.716994050907214797e-01 2.171329573359673248e-01 5.198997231602864311e-01 5.198997231602864311e-01
5.243678540046512460e-01 5.243678540046512460e-01 2.111109383382572535e-01 5.661644039396217520e-01 2.586699061960556767e-01 5.567217024535990877e-01 2.465652282377323590e-01 5.879408868190754145e-01 2.064882364673978621e-01 5.575481765605501128e-01 1.940223328492416688e-01 5.878919291952621196e-01 1.940223328492369226e-01 5.575481765605559970e-01 2.064882364673663595e-01 5.879408868190778570e-01 2.465652282377086835e-01 5.567217024536119663e-01 2.586699061960237023e-01 5.661644039395933303e-01 2.111109383382048510e-01 5.243678540045862979e-01 5.243678540045862979e-01
5.278466604654299399e-01 5.278466604654299399e-01 2.056977981009983636e-01 5.602457402872961234e-01 2.643441917327929991e-01 5.596488843250146950e-01 2.414779527875519083e-01 5.881848360094386052e-01 2.082494802786702959e-01 5.571151863964440842e-01 1.934248789781018996e-01 5.884961145509864933e-01 1.934248789780977085e-01 5.571151863964505235e-01 2.082494802786375721e-01 5.881848360094402706e-01 2.414779527875272613e-01 5.596488843250277956e-01 2.643441917327635782e-01 5.602457402872698111e-01 2.056977981009467937e-01 5.278466604653625494e-01 5.278466604653625494e-01
5.302887233078930063e-01 5.302887233078930063e-01 2.009251675309684515e-01 5.540216063193516005e-01 2.703866699045005539e-01 5.629597457947093098e-01 2.364056306744784230e-01 5.879171367560219741e-01 2.101797079030436333e-01 5.572358599224723763e-01 1.929167035263913699e-01 5.884694060617263744e-01 1.929167035263871233e-01 5.572358599224803699e-01 2.101797079030101045e-01 5.879171367560243056e-01 2.364056306744532210e-01 5.629597457947227435e-01 2.703866699044726873e-01 5.540216063193285079e-01 2.009251675309179364e-01 5.302887233078251716e-01 5.302887233078251716e-01
5.316513159845157599e-01 5.316513159845157599e-01 1.968125360957542203e-01 5.475707883736713466e-01 2.767601976027471711e-01 5.665911253940909553e-01 2.314983306618613457e-01 5.871721832412803987e-01 2.121348495154730396e-01 5.578998901553955392e-01 1.925010019031384301e-01 5.878268954661232115e-01 1.925010019031337949e-01 5.578998901554048651e-01 2.121348495154394553e-01 5.871721832412837294e-01 2.314983306618338121e-01 5.665911253941042780e-01 2.767601976027219690e-01 5.475707883736502524e-01 1.968125360957056758e-01 5.316513159844475922e-01 5.316513159844475922e-01
5.318985080599246684e-01 5.318985080599246684e-01 1.933699758461080997e-01 5.409721031342836772e-01 2.833934333776155778e-01 5.704729608613114955e-01 2.268607722389406889e-01 5.859995197882430507e-01 2.139863442292379014e-01 5.590806297989606710e-01 1.921840246456306411e-01 5.866108683079779285e-01 1.921840246456260337e-01 5.590806297989707740e-01 2.139863442292040119e-01 5.859995197882470475e-01 2.268607722389119896e-01 5.704729608613241520e-01 2.833934333775918191e-01 5.409721031342651365e-01 1.933699758460615536e-01 5.318985080598562787e-01 5.318985080598562787e-01
5.310032861042063290e-01 5.310032861042063290e-01 1.906016895189346916e-01 5.343037520444705590e-01 2.901798367571876147e-01 5.745292429676854828e-01 2.225533691446059392e-01 5.844611017629276484e-01 2.156287303734621685e-01 5.607358269091300418e-01 1.919759224861857794e-01 5.848878919678693888e-01 1.919759224861797287e-01 5.607358269091422542e-01 2.156287303734290839e-01 5.844611017629325334e-01 2.225533691445748807e-01 5.745292429676968071e-01 2.901798367571644111e-01 5.343037520444549049e-01 1.906016895188900329e-01 5.310032861041400487e-01 5.310032861041400487e-01
5.289495539921369449e-01 5.289495539921369449e-01 1.885100172442822630e-01 5.276425608752781660e-01 2.969812637882933704e-01 5.786789518009687328e-01 2.185982824430015847e-01 5.826282138934321120e-01 2.169847305529203907e-01 5.628087485358099773e-01 1.918908725439662510e-01 5.827446493183991993e-01 1.918908725439595897e-01 5.628087485358216346e-01 2.169847305528884718e-01 5.826282138934379962e-01 2.185982824429683891e-01 5.786789518009778366e-01 2.969812637882711659e-01 5.276425608752637331e-01 1.885100172442399913e-01 5.289495539920714418e-01 5.289495539920714418e-01
5.257338752210565236e-01 5.257338752210565236e-01 1.870994264814017372e-01 5.210630873356183468e-01 3.036356087675698978e-01 5.828370164430638489e-01 2.149893681052741090e-01 5.805782700993545875e-01 2.180074645103271258e-01 5.652297529876251225e-01 1.919464147781816954e-01 5.802828810573222862e-01 1.919464147781743124e-01 5.652297529876381121e-01 2.180074645102973996e-01 5.805782700993618040e-01 2.149893681052390260e-01 5.828370164430719536e-01 3.036356087675475268e-01 5.210630873356055792e-01 1.870994264813614361e-01 5.257338752209930188e-01 5.257338752209930188e-01
