# L = 12 / J = 1 / lamb = 0.8
# particle_position = 5
# final_time = 10 / steps = 100
0.000000000000000000e+00 0.000000000000000000e+00 0.000000000000000000e+00 0.000000000000000000e+00 0.000000000000000000e+00 0.000000000000000000e+00 0.000000000000000000e+00 0.000000000000000000e+00 0.000000000000000000e+00 0.000000000000000000e+00 1.000000000000000000e+00 1.000000000000000000e+00 1.000000000000000000e+00 0.000000000000000000e+00 0.000000000000000000e+00 0.000000000000000000e+00 0.000000000000000000e+00 0.000000000000000000e+00 0.000000000000000000e+00 0.000000000000000000e+00 0.000000000000000000e+00 0.000000000000000000e+00 0.000000000000000000e+00
6.297546174373907894e-03 6.297546174373907894e-03 1.251448627916255940e-02 6.297733563293735244e-03 1.251467356224031727e-02 6.297733563841089073e-03 1.251467399727502691e-02 6.297733996987887883e-03 1.260290293477541596e-02 6.386017422353017052e-03 9.873970430342065008e-01 9.937022656448004643e-01 9.873970430342063898e-01 6.386017422353029195e-03 1.260290293477541422e-02 6.297733996987869669e-03 1.251467399727499395e-02 6.297733563841072593e-03 1.251467356224032247e-02 6.297733563293749122e-03 1.251448627916262012e-02 6.297546174373933915e-03 6.297546174373933915e-03
2.400084003868778113e-02 2.400084003868778113e-02 4.677316942645742132e-02 2.401230289369563412e-02 4.678460450745666743e-02 2.401230343155166813e-02 4.678471251392810754e-02 2.401240959956537496e-02 4.813255394891427508e-02 2.536371063847397272e-02 9.518640965910851737e-01 9.759875025145392513e-01 9.518640965910851737e-01 2.536371063847400395e-02 4.813255394891424038e-02 2.401240959956529170e-02 4.678471251392796876e-02 2.401230343155157446e-02 4.678460450745677845e-02 2.401230289369575208e-02 4.677316942645799724e-02 2.400084003868821828e-02 2.400084003868821828e-02
4.982895939796267576e-02 4.982895939796267576e-02 9.392438952495246740e-02 4.995006960293980891e-02 9.404476509553365282e-02 4.995009858410053016e-02 9.404739554049146300e-02 4.995263152122393635e-02 1.003644533857576820e-01 5.630845153848707679e-02 8.995993367907897387e-01 9.500452709847112542e-01 8.995993367907897387e-01 5.630845153848716700e-02 1.003644533857576404e-01 4.995263152122386696e-02 9.404739554049126871e-02 4.995009858410045384e-02 9.404476509553370833e-02 4.995006960294004483e-02 9.392438952495350823e-02 4.982895939796346679e-02 4.982895939796346679e-02
7.919054103563911984e-02 7.919054103563911984e-02 1.422214285422525870e-01 7.980318066291196277e-02 1.428265250690359534e-01 7.980364944478368638e-02 1.428509932401283156e-01 7.982657720567945536e-02 1.607731695366096669e-01 9.796029054838031880e-02 8.390373953779265426e-01 9.201544768801973584e-01 8.390373953779260985e-01 9.796029054838036043e-02 1.607731695366096669e-01 7.982657720567959414e-02 1.428509932401278437e-01 7.980364944478374190e-02 1.428265250690361199e-01 7.980318066291260115e-02 1.422214285422541136e-01 7.919054103564072966e-02 7.919054103564072966e-02
1.072431901588345310e-01 1.072431901588345310e-01 1.804757213985422049e-01 1.092858879647849446e-01 1.824728595207183446e-01 1.092897709013112423e-01 1.826059688981135354e-01 1.094105339298250268e-01 2.206943568288704527e-01 1.482693749780006898e-01 7.786444603985429591e-01 8.904903808866855286e-01 7.786444603985429591e-01 1.482693749780008285e-01 2.206943568288706470e-01 1.094105339298256790e-01 1.826059688981139240e-01 1.092897709013118390e-01 1.824728595207196491e-01 1.092858879647861658e-01 1.804757213985448416e-01 1.072431901588370012e-01 1.072431901588370012e-01
1.299460496901192197e-01 1.299460496901192197e-01 2.011682184100146431e-01 1.351229728763435611e-01 2.061510925329162192e-01 1.351438910326014931e-01 2.066631147303419624e-01 1.355922630066479506e-01 2.733441645906748430e-01 2.044232636805574654e-01 7.248775001142634400e-01 8.640453623244486181e-01 7.248775001142629959e-01 2.044232636805578818e-01 2.733441645906756201e-01 1.355922630066493106e-01 2.066631147303430172e-01 1.351438910326027698e-01 2.061510925329181620e-01 1.351229728763456983e-01 2.011682184100178905e-01 1.299460496901219675e-01 1.299460496901219675e-01
1.448365711869576411e-01 1.448365711869576411e-01 2.022522351168401233e-01 1.555973892021851879e-01 2.123721640162542224e-01 1.556807447199172190e-01 2.139131756052238542e-01 1.569822056652388775e-01 3.151115124513393928e-01 2.631216066045571900e-01 6.809042032084878793e-01 8.419935103805220589e-01 6.809042032084871021e-01 2.631216066045580781e-01 3.151115124513403920e-01 1.569822056652405984e-01 2.139131756052254640e-01 1.556807447199193284e-01 2.123721640162571367e-01 1.555973892021887406e-01 2.022522351168432320e-01 1.448365711869617489e-01 1.448365711869617489e-01
1.513556724812925858e-01 1.513556724812925858e-01 1.871608548189502008e-01 1.705523962726914478e-01 2.046218280851737348e-01 1.708179358604575426e-01 2.084762825282661380e-01 1.739626322602575159e-01 3.458031862642019783e-01 3.210482015541322176e-01 6.464012659074701572e-01 8.236635452142624381e-01 6.464012659074686029e-01 3.210482015541333833e-01 3.458031862642030885e-01 1.739626322602599862e-01 2.084762825282690524e-01 1.708179358604609011e-01 2.046218280851774540e-01 1.705523962726963882e-01 1.871608548189531707e-01 1.513556724812970822e-01 1.513556724812970822e-01
1.506830896708274969e-01 1.506830896708274969e-01 1.631523045577296105e-01 1.809426546405514258e-01 1.894168156879737497e-01 1.816540471518164612e-01 1.977458459721061490e-01 1.882453553218936815e-01 3.678765686626367937e-01 3.753986973684567685e-01 6.183835841022018442e-01 8.070723940694528586e-01 6.183835841021997348e-01 3.753986973684580453e-01 3.678765686626379594e-01 1.882453553218969011e-01 1.977458459721093131e-01 1.816540471518214572e-01 1.894168156879783016e-01 1.809426546405585035e-01 1.631523045577325248e-01 1.506830896708328260e-01 1.506830896708328260e-01
1.451821745072135739e-01 1.451821745072135739e-01 1.386639263201553118e-01 1.881634646239754849e-01 1.736414664492096360e-01 1.898229307554197831e-01 1.896041393466680047e-01 2.021533862742138921e-01 3.850133967416308756e-01 4.242937728601615111e-01 5.926952480224334519e-01 7.897913023344264039e-01 5.926952480224331188e-01 4.242937728601621772e-01 3.850133967416323189e-01 2.021533862742178056e-01 1.896041393466717795e-01 1.898229307554256118e-01 1.736414664492149096e-01 1.881634646239844777e-01 1.386639263201576433e-01 1.451821745072200132e-01 1.451821745072200132e-01
1.376491339694754790e-01 1.376491339694754790e-01 1.206179380169847271e-01 1.934217128433460275e-01 1.622015935828976796e-01 1.968761922735526027e-01 1.898408250981635792e-01 2.178866786021904089e-01 4.005633115569363079e-01 4.669477619002225799e-01 5.656202965761669699e-01 7.698301314968529763e-01 5.656202965761670809e-01 4.669477619002235791e-01 4.005633115569374736e-01 2.178866786021950719e-01 1.898408250981681034e-01 1.968761922735605130e-01 1.622015935829032307e-01 1.934217128433568245e-01 1.206179380169872251e-01 1.376491339694825844e-01 1.376491339694825844e-01
1.305906571533458904e-01 1.305906571533458904e-01 1.125537253281482103e-01 1.973532860120988108e-01 1.568083718437606466e-01 2.038849987492031834e-01 2.006282474147018102e-01 2.369808387828075402e-01 4.163693285911473363e-01 5.035485589474429924e-01 5.350929609689039079e-01 7.462569147101748568e-01 5.350929609689047961e-01 5.035485589474435475e-01 4.163693285911486686e-01 2.369808387828128415e-01 2.006282474147074169e-01 2.038849987492127036e-01 1.568083718437665586e-01 1.973532860121114119e-01 1.125537253281511246e-01 1.305906571533545779e-01 1.305906571533545779e-01
1.257142035974004868e-01 1.257142035974004868e-01 1.141011318530326391e-01 1.999752533376802088e-01 1.561915562598010787e-01 2.113378356147468662e-01 2.204374871490903942e-01 2.600608337979625762e-01 4.323017960327419362e-01 5.349011703101866910e-01 5.011787004096570630e-01 7.193961255364607066e-01 5.011787004096568410e-01 5.349011703101873572e-01 4.323017960327436016e-01 2.600608337979684048e-01 2.204374871490963339e-01 2.113378356147579962e-01 1.561915562598068796e-01 1.999752533376943364e-01 1.141011318530368024e-01 1.257142035974099792e-01 1.257142035974099792e-01
1.237269539556795500e-01 1.237269539556795500e-01 1.218058232975141458e-01 2.009324863547057860e-01 1.574589717482142159e-01 2.192914522456282378e-01 2.452183988129803538e-01 2.868803650680391004e-01 4.465533355019043471e-01 5.619612722953900574e-01 4.657770516058754029e-01 6.906136472148154404e-01 4.657770516058756805e-01 5.619612722953887252e-01 4.465533355019051798e-01 2.868803650680455397e-01 2.452183988129868208e-01 2.192914522456410886e-01 1.574589717482194617e-01 2.009324863547210516e-01 1.218058232975188365e-01 1.237269539556905967e-01 1.237269539556905967e-01
1.244357931368357956e-01 1.244357931368357956e-01 1.308592979515748322e-01 1.998991492139823856e-01 1.579008619086209875e-01 2.276509112924976486e-01 2.702336235439710688e-01 3.165598587753857829e-01 4.564879848567170995e-01 5.854136934758638056e-01 4.317601583568631551e-01 6.618336508719256939e-01 4.317601583568632662e-01 5.854136934758632504e-01 4.564879848567176546e-01 3.165598587753924997e-01 2.702336235439775636e-01 2.276509112925119704e-01 1.579008619086255394e-01 1.998991492139978454e-01 1.308592979515798560e-01 1.244357931368477305e-01 1.244357931368477305e-01
1.270559147599058247e-01 1.270559147599058247e-01 1.370293949093775998e-01 1.969544517868689060e-01 1.564358354658439698e-01 2.364350066586784760e-01 2.917809313993015019e-01 3.479064696398975753e-01 4.596803891793129204e-01 6.054261458964641518e-01 4.019179810531396391e-01 6.349955856454397862e-01 4.019179810531400832e-01 6.054261458964632636e-01 4.596803891793149188e-01 3.479064696399048473e-01 2.917809313993078302e-01 2.364350066586944910e-01 1.564358354658476891e-01 1.969544517868855593e-01 1.370293949093830399e-01 1.270559147599192584e-01 1.270559147599192584e-01
1.305934730349959660e-01 1.305934730349959660e-01 1.381035870017384704e-01 1.927788603662240752e-01 1.541256196604287587e-01 2.459224103393403971e-01 3.081894133854679030e-01 3.797117692777065012e-01 4.547673880004179381e-01 6.216407564221970716e-01 3.780906484005712165e-01 6.116364951244908088e-01 3.780906484005720491e-01 6.216407564221938520e-01 4.547673880004194924e-01 3.797117692777123854e-01 3.081894133854738982e-01 2.459224103393577165e-01 1.541256196604314233e-01 1.927788603662414224e-01 1.381035870017434386e-01 1.305934730350103434e-01 1.305934730350103434e-01
1.341748160920392119e-01 1.341748160920392119e-01 1.344135104408749337e-01 1.885986306031496029e-01 1.536292914240076080e-01 2.566453940385843291e-01 3.198405685288421840e-01 4.109595148680161292e-01 4.418517923602630071e-01 6.333804396088225097e-01 3.607457996212626306e-01 5.926981335370244963e-01 3.607457996212634632e-01 6.333804396088190680e-01 4.418517923602649500e-01 4.109595148680218468e-01 3.198405685288485678e-01 2.566453940386027588e-01 1.536292914240091900e-01 1.885986306031677273e-01 1.344135104408796244e-01 1.341748160920544219e-01 1.341748160920544219e-01
1.372406635180042356e-01 1.372406635180042356e-01 1.283878197126783471e-01 1.859103659789701490e-01 1.579262766506225601e-01 2.692658165239170120e-01 3.283785375166996534e-01 4.409186113520563444e-01 4.223892507621287984e-01 6.399759385130910916e-01 3.490652302445093058e-01 5.785535296750755618e-01 3.490652302445093613e-01 6.399759385130846523e-01 4.223892507621325176e-01 4.409186113520610628e-01 3.283785375167049270e-01 2.692658165239359414e-01 1.579262766506242255e-01 1.859103659789899110e-01 1.283878197126824272e-01 1.372406635180203616e-01 1.372406635180203616e-01
1.395862574553773661e-01 1.395862574553773661e-01 1.234312212460844244e-01 1.861021858362580106e-01 1.689209560948638500e-01 2.844043973383711399e-01 3.355669046300635561e-01 4.691318306515919190e-01 3.986773225872100590e-01 6.410879602546846190e-01 3.414194625309213138e-01 5.691674153517020107e-01 3.414194625309214248e-01 6.410879602546797340e-01 3.986773225872135007e-01 4.691318306515953052e-01 3.355669046300686631e-01 2.844043973383909574e-01 1.689209560948661260e-01 1.861021858362786330e-01 1.234312212460886710e-01 1.395862574553937974e-01 1.395862574553937974e-01
1.412839087907329649e-01 1.412839087907329649e-01 1.226260913502847938e-01 1.901209710746702142e-01 1.865457333120901506e-01 3.024913367824097477e-01 3.423210855447194056e-01 4.953329639521520389e-01 3.731848501273042351e-01 6.369155058277763404e-01 3.359960440577459129e-01 5.642760155143310419e-01 3.359960440577457463e-01 6.369155058277710113e-01 3.731848501273058449e-01 4.953329639521535377e-01 3.423210855447232359e-01 3.024913367824299537e-01 1.865457333120939254e-01 1.901209710746922521e-01 1.226260913502896926e-01 1.412839087907497015e-01 1.412839087907497015e-01
1.425548554045888150e-01 1.425548554045888150e-01 1.277451374735094625e-01 1.983053140610263332e-01 2.087229789274907266e-01 3.236763268018262307e-01 3.482942260359773168e-01 5.193337401656871188e-01 3.479761395200733354e-01 6.282347229576482617e-01 3.313365478617175675e-01 5.634962400014051909e-01 3.313365478617172899e-01 6.282347229576414893e-01 3.479761395200748897e-01 5.193337401656873409e-01 3.482942260359795372e-01 3.236763268018472139e-01 2.087229789274956115e-01 1.983053140610504528e-01 1.277451374735158185e-01 1.425548554046064953e-01 1.425548554046064953e-01
1.436570556708811341e-01 1.436570556708811341e-01 1.388780952617393039e-01 2.104274269446167467e-01 2.321557876928275199e-01 3.478008532215307591e-01 3.521101094939937393e-01 5.409200606880825157e-01 3.244065382479296988e-01 6.162778236582812097e-01 3.266159168634583665e-01 5.663328226317815295e-01 3.266159168634585330e-01 6.162778236582753255e-01 3.244065382479311976e-01 5.409200606880812945e-01 3.521101094939960152e-01 3.478008532215507431e-01 2.321557876928333486e-01 2.104274269446425039e-01 1.388780952617476028e-01 1.436570556708992585e-01 1.436570556708992585e-01
1.448305873907978214e-01 1.448305873907978214e-01 1.547046580811351213e-01 2.258998346431369819e-01 2.535667336503109603e-01 3.744139092260772572e-01 3.520525084530660154e-01 5.597883406335977252e-01 3.031356114767790322e-01 6.025129123225949623e-01 3.216226193775238995e-01 5.721140078719468836e-01 3.216226193775234554e-01 6.025129123225894112e-01 3.031356114767786436e-01 5.597883406335960599e-01 3.520525084530675697e-01 3.744139092260958535e-01 2.535667336503173996e-01 2.258998346431637938e-01 1.547046580811455296e-01 1.448305873908161678e-01 1.448305873908161678e-01
1.463067451885888548e-01 1.463067451885888548e-01 1.732027376482969117e-01 2.440425230590606287e-01 2.708379844697723082e-01 4.028103116325620348e-01 3.468547852287805489e-01 5.755395869856927415e-01 2.843771465070303317e-01 5.884063573289542992e-01 3.165156340436399152e-01 5.799243061824334022e-01 3.165156340436395821e-01 5.884063573289477489e-01 2.843771465070294435e-01 5.755395869856898550e-01 3.468547852287808819e-01 4.028103116325808530e-01 2.708379844697782479e-01 2.440425230590885508e-01 1.732027376483095960e-01 1.463067451886076453e-01 1.463067451886076453e-01
1.483562558395272180e-01 1.483562558395272180e-01 1.924537126009388532e-01 2.642970463998324804e-01 2.835828436111184070e-01 4.320824933807641544e-01 3.362411042879990264e-01 5.877331865623132146e-01 2.682287652233408815e-01 5.752373034151577746e-01 3.115025247529319419e-01 5.886027739721901852e-01 3.115025247529313868e-01 5.752373034151535558e-01 2.682287652233396602e-01 5.877331865623085516e-01 3.362411042879979717e-01 4.320824933807829171e-01 2.835828436111246242e-01 2.642970463998612352e-01 1.924537126009528143e-01 1.483562558395463693e-01 1.483562558395463693e-01
1.513372804906821245e-01 1.513372804906821245e-01 2.112264491981445946e-01 2.863148126303302066e-01 2.929495625196669728e-01 4.611889687878894528e-01 3.210263113153850600e-01 5.959864237670052800e-01 2.549196346783930700e-01 5.639994896925377699e-01 3.065850523732499555e-01 5.968415190583642449e-01 3.065850523732474575e-01 5.639994896925332180e-01 2.549196346783899614e-01 5.959864237670007281e-01 3.210263113153835057e-01 4.611889687879078825e-01 2.929495625196731345e-01 2.863148126303594054e-01 2.112264491981604708e-01 1.513372804907013869e-01 1.513372804907013869e-01
1.557081590104995306e-01 1.557081590104995306e-01 2.291601120960214399e-01 3.099133715494467034e-01 3.007959450813922908e-01 4.890447753774362361e-01 3.027995181004937142e-01 6.000926401593257298e-01 2.448739451997260508e-01 5.553856857102136280e-01 3.014655972291824804e-01 6.033703278555079264e-01 3.014655972291799269e-01 5.553856857102115185e-01 2.448739451997226091e-01 6.000926401593227322e-01 3.027995181004916048e-01 4.890447753774536666e-01 3.007959450813985081e-01 3.099133715494772345e-01 2.291601120960382876e-01 1.557081590105192648e-01 1.557081590105192648e-01
1.619884887981118682e-01 1.619884887981118682e-01 2.465509156057172357e-01 3.349532032479946575e-01 3.086308829811145182e-01 5.146291301834519105e-01 2.833934749126103547e-01 6.001243463495947728e-01 2.385789162404397534e-01 5.498208577071104219e-01 2.956286702378569387e-01 6.071727599463964120e-01 2.956286702378536080e-01 5.498208577071085346e-01 2.385789162404360897e-01 6.001243463495927744e-01 2.833934749126073571e-01 5.146291301834690080e-01 3.086308829811207910e-01 3.349532032480252997e-01 2.465509156057350548e-01 1.619884887981317412e-01 1.619884887981317412e-01
1.706756706512259358e-01 1.706756706512259358e-01 2.639008567147447248e-01 3.612119508225536957e-01 3.167931666419196990e-01 5.370910560409948298e-01 2.644042024303209226e-01 5.964902437746975039e-01 2.363299241928948358e-01 5.475010885648647907e-01 2.885410085959433935e-01 6.076639797760337025e-01 2.885410085959396187e-01 5.475010885648645687e-01 2.363299241928904781e-01 5.964902437746953945e-01 2.644042024303177585e-01 5.370910560410118162e-01 3.167931666419275816e-01 3.612119508225853370e-01 2.639008567147640427e-01 1.706756706512461974e-01 1.706756706512461974e-01
1.821426408286603571e-01 1.821426408286603571e-01 2.814525968099819142e-01 3.883169452024829993e-01 3.242096366372361760e-01 5.558265109644278112e-01 2.469584912438776148e-01 5.899271344085430524e-01 2.379711432804340610e-01 5.484068047984849148e-01 2.798761184707902472e-01 6.047752702591054907e-01 2.798761184707848071e-01 5.484068047984838046e-01 2.379711432804295645e-01 5.899271344085422752e-01 2.469584912438741731e-01 5.558265109644435764e-01 3.242096366372442251e-01 3.883169452025163615e-01 2.814525968100017317e-01 1.821426408286803966e-01 1.821426408286803966e-01
1.965496643314183223e-01 1.965496643314183223e-01 2.989022476512778748e-01 4.157549676383734405e-01 3.288112477333304251e-01 5.705075813353343017e-01 2.317759964050121468e-01 5.814257745806952205e-01 2.427458232405412253e-01 5.522836235514498870e-01 2.696727147776100120e-01 5.989256076409843477e-01 2.696727147776052380e-01 5.522836235514507752e-01 2.427458232405358962e-01 5.814257745806959976e-01 2.317759964050082888e-01 5.705075813353497338e-01 3.288112477333400840e-01 4.157549676384069692e-01 2.989022476512990245e-01 1.965496643314386671e-01 1.965496643314386671e-01
2.137975622145489307e-01 2.137975622145489307e-01 3.153800388405660349e-01 4.429360680186423260e-01 3.284059831914400429e-01 5.810626388876851678e-01 2.194169496441091827e-01 5.721079553059749134e-01 2.493242653825254729e-01 5.586102791952167745e-01 2.583725770668970911e-01 5.909001276835820216e-01 2.583725770668923727e-01 5.586102791952193281e-01 2.493242653825196442e-01 5.721079553059770229e-01 2.194169496441057132e-01 5.810626388876992676e-01 3.284059831914502570e-01 4.429360680186759658e-01 3.153800388405882393e-01 2.137975622145704413e-01 2.137975622145704413e-01
2.335351761521204383e-01 2.335351761521204383e-01 3.296696029947829287e-01 4.692674008069501745e-01 3.216289722439029108e-01 5.876252191478688047e-01 2.105204122383343146e-01 5.630842751525257928e-01 2.560118225896017008e-01 5.665888544028617746e-01 2.467327906254893344e-01 5.816823820447267757e-01 2.467327906254853931e-01 5.665888544028651053e-01 2.560118225895948174e-01 5.630842751525291234e-01 2.105204122383312337e-01 5.876252191478833486e-01 3.216289722439141796e-01 4.692674008069854796e-01 3.296696029948057993e-01 2.335351761521433367e-01 2.335351761521433367e-01
2.552164948491851826e-01 2.552164948491851826e-01 3.405498890835596537e-01 4.942000148324574016e-01 3.085792917841947980e-01 5.904778476172469759e-01 2.058577718635707099e-01 5.553243289691000006e-01 2.610792663385367862e-01 5.751906272735024528e-01 2.356499244585930908e-01 5.722927179951469157e-01 2.356499244585902597e-01 5.751906272735068937e-01 2.610792663385286261e-01 5.553243289691054407e-01 2.058577718635682674e-01 5.904778476172620749e-01 3.085792917842054561e-01 4.942000148324936504e-01 3.405498890835835235e-01 2.552164948492085528e-01 2.552164948492085528e-01
2.781888772805145016e-01 2.781888772805145016e-01 3.471176589830798354e-01 5.172368103127408245e-01 2.909021876844188337e-01 5.900114747713881558e-01 2.061361335042962706e-01 5.495633104975434780e-01 2.631225947122575737e-01 5.832714425099464473e-01 2.259559017974490380e-01 5.636696890702861396e-01 2.259559017974468731e-01 5.832714425099519984e-01 2.631225947122483588e-01 5.495633104975488070e-01 2.061361335042948828e-01 5.900114747714024777e-01 2.909021876844287147e-01 5.172368103127784611e-01 3.471176589831042603e-01 2.781888772805395926e-01 2.781888772805395926e-01
3.017871829355748825e-01 3.017871829355748825e-01 3.489818533283270963e-01 5.379157660949132058e-01 2.713119354967276076e-01 5.867067978640668757e-01 2.116290213239129525e-01 5.462549481093300630e-01 2.613559635669891468e-01 5.897416296722967077e-01 2.182440600549440946e-01 5.566043915797335151e-01 2.182440600549435950e-01 5.897416296723027029e-01 2.613559635669787107e-01 5.462549481093379455e-01 2.116290213239130080e-01 5.867067978640818637e-01 2.713119354967356567e-01 5.379157660949508424e-01 3.489818533283514101e-01 3.017871829356013058e-01 3.017871829356013058e-01
3.254102060842559707e-01 3.254102060842559707e-01 3.462889500784567809e-01 5.557944133450833935e-01 2.527712495143780713e-01 5.811299472228020901e-01 2.218168503258590440e-01 5.455660593739533049e-01 2.557655230683527625e-01 5.937498810355600343e-01 2.127653027099450922e-01 5.517121651635977786e-01 2.127653027099460914e-01 5.937498810355663625e-01 2.557655230683416048e-01 5.455660593739631858e-01 2.218168503258599045e-01 5.811299472228179663e-01 2.527712495143862870e-01 5.557944133451216961e-01 3.462889500784798735e-01 3.254102060842843924e-01 3.254102060842843924e-01
3.485637299460532801e-01 3.485637299460532801e-01 3.396069235072746162e-01 5.704554775183778847e-01 2.376596811525235331e-01 5.739287258084206922e-01 2.352361651323915115e-01 5.473985418106375178e-01 2.470919747539249700e-01 5.948299768800686671e-01 2.094089665711214021e-01 5.494135912835506064e-01 2.094089665711229842e-01 5.948299768800751064e-01 2.470919747539135347e-01 5.473985418106487311e-01 2.352361651323937597e-01 5.739287258084369014e-01 2.376596811525311936e-01 5.704554775184168536e-01 3.396069235072980419e-01 3.485637299460829786e-01 3.485637299460829786e-01
3.708654080580766621e-01 3.708654080580766621e-01 3.297374515989596189e-01 5.815367259598186456e-01 2.272373096267050474e-01 5.658176875085569879e-01 2.496563173940073432e-01 5.514236093683881901e-01 2.366525422266418932e-01 5.929689261125513644e-01 2.077607691405903290e-01 5.499022011911066654e-01 2.077607691405929935e-01 5.929689261125575817e-01 2.366525422266309575e-01 5.514236093684018458e-01 2.496563173940096469e-01 5.658176875085743074e-01 2.272373096267128467e-01 5.815367259598586136e-01 3.297374515989812127e-01 3.708654080581090806e-01 3.708654080581090806e-01
3.920171166471038138e-01 3.920171166471038138e-01 3.175312839235266416e-01 5.887723868188771137e-01 2.215643509524607146e-01 5.575469335464976472e-01 2.625617719475670797e-01 5.571197694609025808e-01 2.260484312236916149e-01 5.885807491760945975e-01 2.072160679097798108e-01 5.530962782985823223e-01 2.072160679097825309e-01 5.885807491761021470e-01 2.260484312236824556e-01 5.571197694609182349e-01 2.625617719475694112e-01 5.575469335465147447e-01 2.215643509524687915e-01 5.887723868189160825e-01 3.175312839235470141e-01 3.920171166471375646e-01 3.920171166471375646e-01
4.117579219528765266e-01 4.117579219528765266e-01 3.037575306624332172e-01 5.920281264336554328e-01 2.198421821787448216e-01 5.498559523931104698e-01 2.717815838500952652e-01 5.638156771422132563e-01 2.168258351457297006e-01 5.824003324658736380e-01 2.071206561558709136e-01 5.585958293694778254e-01 2.071206561558727732e-01 5.824003324658810765e-01 2.168258351457222344e-01 5.638156771422302427e-01 2.717815838500974301e-01 5.498559523931291215e-01 2.198421821787530650e-01 5.920281264336948457e-01 3.037575306624537563e-01 4.117579219529117207e-01 4.117579219529117207e-01
4.298142081186978603e-01 4.298142081186978603e-01 2.890421611449200956e-01 5.913177433864260646e-01 2.209807348637493341e-01 5.434178497496311433e-01 2.760365123047050506e-01 5.707452455334990349e-01 2.101651242108100170e-01 5.753337122836363893e-01 2.069105423632505991e-01 5.656797656710758071e-01 2.069105423632512653e-01 5.753337122836431616e-01 2.101651242108054096e-01 5.707452455335176866e-01 2.760365123047059943e-01 5.434178497496499061e-01 2.209807348637571056e-01 5.913177433864650334e-01 2.890421611449388584e-01 4.298142081187346641e-01 4.298142081187346641e-01
4.458628008970842438e-01 4.458628008970842438e-01 2.738626306667554244e-01 5.868014620640276124e-01 2.241331721475731120e-01 5.387812689936691823e-01 2.752005704655214879e-01 5.771209386689317711e-01 2.066645307335434889e-01 5.683068430597004728e-01 2.062239711250316021e-01 5.733731080288760884e-01 2.062239711250303809e-01 5.683068430597074672e-01 2.066645307335424064e-01 5.771209386689528653e-01 2.752005704655222096e-01 5.387812689936901656e-01 2.241331721475803562e-01 5.868014620640661372e-01 2.738626306667730770e-01 4.458628008971223800e-01 4.458628008971223800e-01
4.595188165258921043e-01 4.595188165258921043e-01 2.585744742654428330e-01 5.787745810221258669e-01 2.289872808849505170e-01 5.363183215663807069e-01 2.701859685524622967e-01 5.822225309794222259e-01 2.062633321744671289e-01 5.621445654523173907e-01 2.049629890119737952e-01 5.805896822511746880e-01 2.049629890119701592e-01 5.621445654523246072e-01 2.062633321744693771e-01 5.822225309794444303e-01 2.701859685524624077e-01 5.363183215664029113e-01 2.289872808849565955e-01 5.787745810221630594e-01 2.585744742654594308e-01 4.595188165259305180e-01 4.595188165259305180e-01
4.703535411787538867e-01 4.703535411787538867e-01 2.434507852190702648e-01 5.676560069375933271e-01 2.357318549497168514e-01 5.361870696386328294e-01 2.625094926491039482e-01 5.854878821059638083e-01 2.083184812145624787e-01 5.574924200104649508e-01 2.032898159198203436e-01 5.863229868979266124e-01 2.032898159198149035e-01 5.574924200104723893e-01 2.083184812145680853e-01 5.854878821059870120e-01 2.625094926491050584e-01 5.361870696386565882e-01 2.357318549497216253e-01 5.676560069376287432e-01 2.434507852190852806e-01 4.703535411787915232e-01 4.703535411787915232e-01
4.779401668988949026e-01 4.779401668988949026e-01 2.287272834025126100e-01 5.539796109607129093e-01 2.447631348739465751e-01 5.383156020707895451e-01 2.537205076177804774e-01 5.865859358231705345e-01 2.118129499932119852e-01 5.547762344099621545e-01 2.015566416687339657e-01 5.898330266324354199e-01 2.015566416687271378e-01 5.547762344099692600e-01 2.118129499932202287e-01 5.865859358231947374e-01 2.537205076177833085e-01 5.383156020708157463e-01 2.447631348739510992e-01 5.539796109607474373e-01 2.287272834025250168e-01 4.779401668989319840e-01 4.779401668989319840e-01
4.819180905849305141e-01 4.819180905849305141e-01 2.146531406618763516e-01 5.383828096034499744e-01 2.562977807709813649e-01 5.424109363232951786e-01 2.449153532687010637e-01 5.854540861581296607e-01 2.156410565347048613e-01 5.541857970825301294e-01 2.001849820554429671e-01 5.907731132788338613e-01 2.001849820554350567e-01 5.541857970825376789e-01 2.156410565347149089e-01 5.854540861581540856e-01 2.449153532687057822e-01 5.424109363233236003e-01 2.562977807709845846e-01 5.383828096034831701e-01 2.146531406618867321e-01 4.819180905849659302e-01 4.819180905849659302e-01
4.820612376891617035e-01 4.820612376891617035e-01 2.015448963791102721e-01 5.215824365749199831e-01 2.700775173947337349e-01 5.479909168134463604e-01 2.365140197393272858e-01 5.822914221201558327e-01 2.188944365859747110e-01 5.556714063740023635e-01 1.995274385802472128e-01 5.892205509332133495e-01 1.995274385802404127e-01 5.556714063740106901e-01 2.188944365859849250e-01 5.822914221201807017e-01 2.365140197393344190e-01 5.479909168134783348e-01 2.700775173947367880e-01 5.215824365749534008e-01 2.015448963791191817e-01 4.820612376891952322e-01 4.820612376891952322e-01
4.783338885260363660e-01 4.783338885260363660e-01 1.898299257318111777e-01 5.043308131131454264e-01 2.852883455892349374e-01 5.544333670920342794e-01 2.283570683491420727e-01 5.775115734904512355e-01 2.210699175335367472e-01 5.589515388548118580e-01 1.997535433871793775e-01 5.856093368986543535e-01 1.997535433871738819e-01 5.589515388548205177e-01 2.210699175335462119e-01 5.775115734904752163e-01 2.283570683491517594e-01 5.544333670920668089e-01 2.852883455892386566e-01 5.043308131131769567e-01 1.898299257318192823e-01 4.783338885260671192e-01 4.783338885260671192e-01
4.709196089062066548e-01 4.709196089062066548e-01 1.800558085029359268e-01 4.873533413641510936e-01 3.007102937813190269e-01 5.610359155681139409e-01 2.200464139513500506e-01 5.716685922315073443e-01 2.221410009507927552e-01 5.635388112799128990e-01 2.007967191288675124e-01 5.805956057850536478e-01 2.007967191288643483e-01 5.635388112799226690e-01 2.221410009508008043e-01 5.716685922315312141e-01 2.200464139513624295e-01 5.610359155681488019e-01 3.007102937813235233e-01 4.873533413641829015e-01 1.800558085029438093e-01 4.709196089062353541e-01 4.709196089062353541e-01
4.602149766293511801e-01 4.602149766293511801e-01 1.728424821495366248e-01 4.712782601894749401e-01 3.150135057677553307e-01 5.670818013076904807e-01 2.113597365615091650e-01 5.653732650227933920e-01 2.224747257856642679e-01 5.687932764487498849e-01 2.023806232529933025e-01 5.749038278739573293e-01 2.023806232529935800e-01 5.687932764487610982e-01 2.224747257856702909e-01 5.653732650228167067e-01 2.113597365615240697e-01 5.670818013077264519e-01 3.150135057677617145e-01 4.712782601895066925e-01 1.728424821495450625e-01 4.602149766293784916e-01 4.602149766293784916e-01
4.467884887531125004e-01 4.467884887531125004e-01 1.687700458170255102e-01 4.565746893811598595e-01 3.270657043178757384e-01 5.719089164090298549e-01 2.025516049154739429e-01 5.592153580403339541e-01 2.226245982305622984e-01 5.740049974545310407e-01 2.041160082907597650e-01 5.691988208183471620e-01 2.041160082907633733e-01 5.740049974545429201e-01 2.226245982305667948e-01 5.592153580403560476e-01 2.025516049154901521e-01 5.719089164090661592e-01 3.270657043178838430e-01 4.565746893811922780e-01 1.687700458170350026e-01 4.467884887531382576e-01 4.467884887531382576e-01
4.313139436798602566e-01 4.313139436798602566e-01 1.682225522835902320e-01 4.435144676014670106e-01 3.361308699930156130e-01 5.749784408506805056e-01 1.944167037070244353e-01 5.537017707274413114e-01 2.230722302497459841e-01 5.784954851510876184e-01 2.056339060591601542e-01 5.640102123709137549e-01 2.056339060591668710e-01 5.784954851511001639e-01 2.230722302497496756e-01 5.537017707274646261e-01 1.944167037070424209e-01 5.749784408507179201e-01 3.361308699930231625e-01 4.435144676015004284e-01 1.682225522836014453e-01 4.313139436798851256e-01 4.313139436798851256e-01
4.144939715648656153e-01 4.144939715648656153e-01 1.712352893153230304e-01 4.321673618422388619e-01 3.419045071692803361e-01 5.759351297916616153e-01 1.881001577676490455e-01 5.492143439544239225e-01 2.240097368027429980e-01 5.817169159403638989e-01 2.067077163958947195e-01 5.597124109757722898e-01 2.067077163959035735e-01 5.817169159403767775e-01 2.240097368027463287e-01 5.492143439544465711e-01 1.881001577676682524e-01 5.759351297916978085e-01 3.419045071692898285e-01 4.321673618422728902e-01 1.712352893153357147e-01 4.144939715648898182e-01 4.144939715648898182e-01
3.969910881483944554e-01 3.969910881483944554e-01 1.774055657262688379e-01 4.224307256016150980e-01 3.444110931933687669e-01 5.746464479187243235e-01 1.847472888163555205e-01 5.459864402849217146e-01 2.252426786492200961e-01 5.833251460639308217e-01 2.073213301934407615e-01 5.565443962862103300e-01 2.073213301934503094e-01 5.833251460639428121e-01 2.252426786492231769e-01 5.459864402849433640e-01 1.847472888163761706e-01 5.746464479187594065e-01 3.444110931933784259e-01 4.224307256016486267e-01 1.774055657262826324e-01 3.969910881484191578e-01 3.969910881484191578e-01
3.793799976213320657e-01 3.793799976213320657e-01 1.859152057374697242e-01 4.140864987954979148e-01 3.438453599305477670e-01 5.712068682583496537e-01 1.851452093766081386e-01 5.440955114902711331e-01 2.262513676888124325e-01 5.832092467674755421e-01 2.076611541339145051e-01 5.546452776025349030e-01 2.076611541339235256e-01 5.832092467674879765e-01 2.262513676888169289e-01 5.440955114902925605e-01 1.851452093766295659e-01 5.712068682583837376e-01 3.438453599305573705e-01 4.140864987955309995e-01 1.859152057374834910e-01 3.793799976213563241e-01 3.793799976213563241e-01
3.621270775343593540e-01 3.621270775343593540e-01 1.956774669288246504e-01 4.068724504744026249e-01 3.404474021888054813e-01 5.658998085424704616e-01 1.894999319904246970e-01 5.434695298136863473e-01 2.263903627076001568e-01 5.814735658339122981e-01 2.080386084257370705e-01 5.540837486485168384e-01 2.080386084257441204e-01 5.814735658339256208e-01 2.263903627076052638e-01 5.434695298137059982e-01 1.894999319904474566e-01 5.658998085425029911e-01 3.404474021888169721e-01 4.068724504744352100e-01 1.956774669288378066e-01 3.621270775343845560e-01 3.621270775343845560e-01
3.455938246822116700e-01 3.455938246822116700e-01 2.055740401061520728e-01 4.005515573078483049e-01 3.344637529310981461e-01 5.591218652181919602e-01 1.974246452670479768e-01 5.439070524427699338e-01 2.251531279813281106e-01 5.783823328266276542e-01 2.087750307363792079e-01 5.548687113571320051e-01 2.087750307363847591e-01 5.783823328266416430e-01 2.251531279813347997e-01 5.439070524427884745e-01 1.974246452670724850e-01 5.591218652182236015e-01 3.344637529311116353e-01 4.005515573078798353e-01 2.055740401061639799e-01 3.455938246822362059e-01 3.455938246822362059e-01
3.300539021823398755e-01 3.300539021823398755e-01 2.147083987666361382e-01 3.949636908471750862e-01 3.261864684343221410e-01 5.512872083371394005e-01 2.081215817569962989e-01 5.451117336248507694e-01 2.224017983502891982e-01 5.742860787751803420e-01 2.100932879435392919e-01 5.569396692858272768e-01 2.100932879435426781e-01 5.742860787751951079e-01 2.224017983502971918e-01 5.451117336248695322e-01 2.081215817570210014e-01 5.512872083371695986e-01 3.261864684343379062e-01 3.949636908472046182e-01 2.147083987666460192e-01 3.300539021823643004e-01 3.300539021823643004e-01
3.157109706550542128e-01 3.157109706550542128e-01 2.225882194708396489e-01 3.900475950368351707e-01 3.160132993197895535e-01 5.427378583477466822e-01 2.206635484643131861e-01 5.467404323707358849e-01 2.184725141428045525e-01 5.695508408063745254e-01 2.120555931124772642e-01 5.601450220985629835e-01 2.120555931124785964e-01 5.695508408063889583e-01 2.184725141428138506e-01 5.467404323707536484e-01 2.206635484643377498e-01 5.427378583477765472e-01 3.160132993198071505e-01 3.900475950368633149e-01 2.225882194708473649e-01 3.157109706550774164e-01 3.157109706550774164e-01
3.027075540842603663e-01 3.027075540842603663e-01 2.291705382767233734e-01 3.858283885727921136e-01 3.044600572549267525e-01 5.336839837501605732e-01 2.342528269972588006e-01 5.484592987062970604e-01 2.141121962103535170e-01 5.645057599972275186e-01 2.145676978724279094e-01 5.642217745876950685e-01 2.145676978724278261e-01 5.645057599972427287e-01 2.141121962103638698e-01 5.484592987063141578e-01 2.342528269972817823e-01 5.336839837501894390e-01 3.044600572549472917e-01 3.858283885728180373e-01 2.291705382767282306e-01 3.027075540842813495e-01 3.027075540842813495e-01
2.911223736647437499e-01 2.911223736647437499e-01 2.347530345390244633e-01 3.823754014687805736e-01 2.920870174910759620e-01 5.241878242856599091e-01 2.483621512876545701e-01 5.499961791159179159e-01 2.102661733161697855e-01 5.594151695451151651e-01 2.174438076606488301e-01 5.687905613538339900e-01 2.174438076606476367e-01 5.594151695451310413e-01 2.102661733161818591e-01 5.499961791159337920e-01 2.483621512876750537e-01 5.241878242856872205e-01 2.920870174910987216e-01 3.823754014688048875e-01 2.347530345390262674e-01 2.911223736647629012e-01 2.911223736647629012e-01
2.809616997397589300e-01 2.809616997397589300e-01 2.397546108488782246e-01 3.797444780417204013e-01 2.793576352886658065e-01 5.141900956832546887e-01 2.627270607210223097e-01 5.511738327471742416e-01 2.077931504267858664e-01 5.544714966682143809e-01 2.205042316020041082e-01 5.733755270242941737e-01 2.205042316020025539e-01 5.544714966682305901e-01 2.077931504268007712e-01 5.511738327471902288e-01 2.627270607210399067e-01 5.141900956832816671e-01 2.793576352886917302e-01 3.797444780417423837e-01 2.397546108488782524e-01 2.809616997397747507e-01 2.809616997397747507e-01
2.721556246090992004e-01 2.721556246090992004e-01 2.444738055573453250e-01 3.779244789200079668e-01 2.664990344138544187e-01 5.035650947569143554e-01 2.772281042202607293e-01 5.519101460761974831e-01 2.072119876025169116e-01 5.497987933780157377e-01 2.236669909716306748e-01 5.774506654714925968e-01 2.236669909716282878e-01 5.497987933780315029e-01 2.072119876025343976e-01 5.519101460762133593e-01 2.772281042202747181e-01 5.035650947569396685e-01 2.664990344138825629e-01 3.779244789200286725e-01 2.444738055573447144e-01 2.721556246091125786e-01 2.721556246091125786e-01
2.645700755798697235e-01 2.645700755798697235e-01 2.489246603143690229e-01 3.768067344434695154e-01 2.534503603392505022e-01 4.921848019376126038e-01 2.917430850499796446e-01 5.521800158945326942e-01 2.085723273584640380e-01 5.454556524192220035e-01 2.269986744908092102e-01 5.805048980315696827e-01 2.269986744908062404e-01 5.454556524192383238e-01 2.085723273584855209e-01 5.521800158945476822e-01 2.917430850499909134e-01 4.921848019376360295e-01 2.534503603392788129e-01 3.768067344434888888e-01 2.489246603143681347e-01 2.645700755798791604e-01 2.645700755798791604e-01
2.580394210121995657e-01 2.580394210121995657e-01 2.528200688016306596e-01 3.761880929284452946e-01 2.399545966480449710e-01 4.799739426403449305e-01 3.060474424542217742e-01 5.519469024287695369e-01 2.114930975950537473e-01 5.414308375465257672e-01 2.307064056251539597e-01 5.821104912529289077e-01 2.307064056251492412e-01 5.414308375465408663e-01 2.114930975950797265e-01 5.519469024287850800e-01 3.060474424542308780e-01 4.799739426403664688e-01 2.399545966480726156e-01 3.761880929284641684e-01 2.528200688016311037e-01 2.580394210122060050e-01 2.580394210122060050e-01
2.524147809139852261e-01 2.524147809139852261e-01 2.557128506763867715e-01 3.758055502116427471e-01 2.257830285819622529e-01 4.669446445683837488e-01 3.198009316516834954e-01 5.510855319436754884e-01 2.153484636618474279e-01 5.376330996458550393e-01 2.350750665554133256e-01 5.819763705145341026e-01 2.350750665554079688e-01 5.376330996458698053e-01 2.153484636618778203e-01 5.510855319436930300e-01 3.198009316516910450e-01 4.669446445684044544e-01 2.257830285819887317e-01 3.758055502116598445e-01 2.557128506763882703e-01 2.524147809139885568e-01 2.524147809139885568e-01
2.476135829209523131e-01 2.476135829209523131e-01 2.572384547553753231e-01 3.753882142597588234e-01 2.110097501313961676e-01 4.532070936695982710e-01 3.326049741738560384e-01 5.493250722882453418e-01 2.195255008018273946e-01 5.338845179801036123e-01 2.403733053803107922e-01 5.799710443852150732e-01 2.403733053803046305e-01 5.338845179801176011e-01 2.195255008018609233e-01 5.493250722882622172e-01 3.326049741738622001e-01 4.532070936696181995e-01 2.110097501314204538e-01 3.753882142597755323e-01 2.572384547553798750e-01 2.476135829209529515e-01 2.476135829209529515e-01
2.436507654135508238e-01 2.436507654135508238e-01 2.573575060626001054e-01 3.747058095426405444e-01 1.962122252866136951e-01 4.389585442197725951e-01 3.440766620776953277e-01 5.462398402640890049e-01 2.236532597274620282e-01 5.299300531969928230e-01 2.467611840493386666e-01 5.761083671514377613e-01 2.467611840493327546e-01 5.299300531970061456e-01 2.236532597274975831e-01 5.462398402641082118e-01 3.440766620777006013e-01 4.389585442197920240e-01 1.962122252866345395e-01 3.747058095426560320e-01 2.573575060626074329e-01 2.436507654135494361e-01 2.436507654135494361e-01
2.406341691823553064e-01 2.406341691823553064e-01 2.564908174963160814e-01 3.735951263208751039e-01 1.824867030138452029e-01 4.244564351732725838e-01 3.538821130089228051e-01 5.413013233022746507e-01 2.277178500923052740e-01 5.254721869530928346e-01 2.542285972049987408e-01 5.705002277972034408e-01 2.542285972049946330e-01 5.254721869531057132e-01 2.277178500923418281e-01 5.413013233022939685e-01 3.538821130089284672e-01 4.244564351732907914e-01 1.824867030138622170e-01 3.735951263208907580e-01 2.564908174963266285e-01 2.406341691823525863e-01 2.406341691823525863e-01
2.387162663555642550e-01 2.387162663555642550e-01 2.554773902070506253e-01 3.719560582803020377e-01 1.712338482279417984e-01 4.099830713856436049e-01 3.617041525440077288e-01 5.339848283042779586e-01 2.320255793004998013e-01 5.202292390237266417e-01 2.625791172671212981e-01 5.632897957430506031e-01 2.625791172671213536e-01 5.202292390237396313e-01 2.320255793005357170e-01 5.339848283042994970e-01 3.617041525440150562e-01 4.099830713856621456e-01 1.712338482279545104e-01 3.719560582803151383e-01 2.554773902070642255e-01 2.387162663555608411e-01 2.387162663555608411e-01
2.380087372832501991e-01 2.380087372832501991e-01 2.553530536878816370e-01 3.697228147697450562e-01 1.637645456186975212e-01 3.958103197151444097e-01 3.671684441283467604e-01 5.239040154908581881e-01 2.370363852362538104e-01 5.140035063430887785e-01 2.714554106404124534e-01 5.545845738217979326e-01 2.714554106404179490e-01 5.140035063431012130e-01 2.370363852362880885e-01 5.239040154908797264e-01 3.671684441283555311e-01 3.958103197151637276e-01 1.637645456187066806e-01 3.697228147697597112e-01 2.553530536878976798e-01 2.380087372832463966e-01 2.380087372832463966e-01
2.384807849602228469e-01 2.384807849602228469e-01 2.570175446865099467e-01 3.668274497560517489e-01 1.608580841162948472e-01 3.821729699024823401e-01 3.697900090936883655e-01 5.109351754399674705e-01 2.431388286599126813e-01 5.067370058570386249e-01 2.803881305056467599e-01 5.444094353231758721e-01 2.803881305056585282e-01 5.067370058570518365e-01 2.431388286599436566e-01 5.109351754399890089e-01 3.697900090936991346e-01 3.821729699025032678e-01 1.608580841162994546e-01 3.668274497560661263e-01 2.570175446865289870e-01 2.384807849602190166e-01 2.384807849602190166e-01
2.398713827973503743e-01 2.398713827973503743e-01 2.609035481045141602e-01 3.631768589421679461e-01 1.624377177519996385e-01 3.692577441657605708e-01 3.690054471102988676e-01 4.952951801662799913e-01 2.504571839565488678e-01 4.985334151978362827e-01 2.888464856005788506e-01 5.326965676785201387e-01 2.888464856005981130e-01 4.985334151978491057e-01 2.504571839565764013e-01 4.952951801663023068e-01 3.690054471103116351e-01 3.692577441657832749e-01 1.624377177520010540e-01 3.631768589421847104e-01 2.609035481045349769e-01 2.398713827973471546e-01 2.398713827973471546e-01
2.416462756339637641e-01 2.416462756339637641e-01 2.667649303287296103e-01 3.586589007690815789e-01 1.674950110029455319e-01 3.572104908350820507e-01 3.643193083619805650e-01 4.775513714871088555e-01 2.587646306215679592e-01 4.896358009807881828e-01 2.962768230993152452e-01 5.193224942632533869e-01 2.962768230993408358e-01 4.896358009808015055e-01 2.587646306215915515e-01 4.775513714871321702e-01 3.643193083619940542e-01 3.572104908351066421e-01 1.674950110029446437e-01 3.586589007690997311e-01 2.667649303287522589e-01 2.416462756339605444e-01 2.416462756339605444e-01
2.430216656091653271e-01 2.430216656091653271e-01 2.736622095421606393e-01 3.531804013929256136e-01 1.743059092706622237e-01 3.461574137729487299e-01 3.555315373650431710e-01 4.585616567984107106e-01 2.675325459761762059e-01 4.803667777417566787e-01 3.021310975461226622e-01 5.041923945817062824e-01 3.021310975461531934e-01 4.803667777417701124e-01 2.675325459761958014e-01 4.585616567984326930e-01 3.555315373650576039e-01 3.461574137729757639e-01 1.743059092706595870e-01 3.531804013929465969e-01 2.736622095421855083e-01 2.430216656091623295e-01 2.430216656091623295e-01
2.430603577202967158e-01 2.430603577202967158e-01 2.801569392698717853e-01 3.467248325612641291e-01 1.808735991272776567e-01 3.362296641756598592e-01 3.429569673440902022e-01 4.393605029042723653e-01 2.760931872444870594e-01 4.710532213802681722e-01 3.059015874642579957e-01 4.873592161371976261e-01 3.059015874642918575e-01 4.710532213802814949e-01 2.760931872445030466e-01 4.393605029042952359e-01 3.429569673441046906e-01 3.362296641756888360e-01 1.808735991272744925e-01 3.467248325612872217e-01 2.801569392698987637e-01 2.430603577202947452e-01 2.430603577202947452e-01
2.408272483662000640e-01 2.408272483662000640e-01 2.846585599754495322e-01 3.394068061666962177e-01 1.854501611776151193e-01 3.275775126528879810e-01 3.275280402401135604e-01 4.210158435986943171e-01 2.838526967059557538e-01 4.619641130039812693e-01 3.071829396340207685e-01 4.691512322476177332e-01 3.071829396340559626e-01 4.619641130039944810e-01 2.838526967059699091e-01 4.210158435987157444e-01 3.275280402401259394e-01 3.275775126529187342e-01 1.854501611776121217e-01 3.394068061667226410e-01 2.846585599754768992e-01 2.408272483661984542e-01 2.408272483661984542e-01
2.355747089438788577e-01 2.355747089438788577e-01 2.858220191316296899e-01 3.314990883260682808e-01 1.869644952804228044e-01 3.203629260306019577e-01 3.107035644640693817e-01 4.044827320909543666e-01 2.904779694253116773e-01 4.532840975239519898e-01 3.057726759276807593e-01 4.502703396692715465e-01 3.057726759277143991e-01 4.532840975239642578e-01 2.904779694253238898e-01 4.044827320909747947e-01 3.107035644640793182e-01 3.203629260306339877e-01 1.869644952804205285e-01 3.314990883260969246e-01 2.858220191316583891e-01 2.355747089438779973e-01 2.355747089438779973e-01
2.269190200273973890e-01 2.269190200273973890e-01 2.828862179572901869e-01 3.234168291911362902e-01 1.852265933462843017e-01 3.147275024640245333e-01 2.941804411066610281e-01 3.904754961271886815e-01 2.959969141923763924e-01 4.451294502189550029e-01 3.017984294067845297e-01 4.318194910437095912e-01 3.017984294068171147e-01 4.451294502189662161e-01 2.959969141923879388e-01 3.904754961272076663e-01 2.941804411066676339e-01 3.147275024640580066e-01 1.852265933462837189e-01 3.234168291911655446e-01 2.828862179573182756e-01 2.269190200273971392e-01 2.269190200273971392e-01
2.149687705435362750e-01 2.149687705435362750e-01 2.758709764022038158e-01 3.156598745118075477e-01 1.808679293771118801e-01 3.107434345729542802e-01 2.794910410761868857e-01 3.793754412627154404e-01 3.007870892424016618e-01 4.375946066351183994e-01 2.958329392072762687e-01 4.152257600481598643e-01 2.958329392073035802e-01 4.375946066351274477e-01 3.007870892424142073e-01 3.793754412627342587e-01 2.794910410761887176e-01 3.107434345729888636e-01 1.808679293771144059e-01 3.156598745118381899e-01 2.758709764022320710e-01 2.149687705435373020e-01 2.149687705435373020e-01
2.003747119367849938e-01 2.003747119367849938e-01 2.655991364080089179e-01 3.087305884360941333e-01 1.750751940904393678e-01 3.083640225017957315e-01 2.676269292243848574e-01 3.711875033965360560e-01 3.054657188429988901e-01 4.308043747322233830e-01 2.889388478390251813e-01 4.020472891538316440e-01 2.889388478390483295e-01 4.308043747322305994e-01 3.054657188430119352e-01 3.711875033965549298e-01 2.676269292243829145e-01 3.083640225018315917e-01 1.750751940904442527e-01 3.087305884361247199e-01 2.655991364080351747e-01 2.003747119367881302e-01 2.003747119367881302e-01
1.842854992063747699e-01 1.842854992063747699e-01 2.535599639037300901e-01 3.030539985433025607e-01 1.692389672509710952e-01 3.073933113428593544e-01 2.588305248151764326e-01 3.655551360449775244e-01 3.107192436635112243e-01 4.249443670865309941e-01 2.825864658613069236e-01 3.936846070937120579e-01 2.825864658613254643e-01 4.249443670865358236e-01 3.107192436635253796e-01 3.655551360449952325e-01 2.588305248151715476e-01 3.073933113428954367e-01 1.692389672509791165e-01 3.030539985433323147e-01 2.535599639037544595e-01 1.842854992063797381e-01 1.842854992063797381e-01
1.682114993816492265e-01 1.682114993816492265e-01 2.416627171046158706e-01 2.989245277695803393e-01 1.646460162438818098e-01 3.074900300775806894e-01 2.526355536186682960e-01 3.618354267451988626e-01 3.171161165884444078e-01 4.202500019817458354e-01 2.784147987585273154e-01 3.910512739810645955e-01 2.784147987585419148e-01 4.202500019817476673e-01 3.171161165884589517e-01 3.618354267452168482e-01 2.526355536186624673e-01 3.074900300776174378e-01 1.646460162438929675e-01 2.989245277696090941e-01 2.416627171046368538e-01 1.682114993816565818e-01 1.682114993816565818e-01
1.538158283483185007e-01 1.538158283483185007e-01 2.319379801713786771e-01 2.964900075144773495e-01 1.622965056630525649e-01 3.082105038806278174e-01 2.481388638736616303e-01 3.592252066359565288e-01 3.249370231434062783e-01 4.169488602168753277e-01 2.778556205365981802e-01 3.942840884887572339e-01 2.778556205366080056e-01 4.169488602168743285e-01 3.249370231434199896e-01 3.592252066359759022e-01 2.481388638736566066e-01 3.082105038806646768e-01 1.622965056630664427e-01 2.964900075145031622e-01 2.319379801713975786e-01 1.538158283483289923e-01 1.538158283483289923e-01
1.426651719678742325e-01 1.426651719678742325e-01 2.262339730030165919e-01 2.957658377116084703e-01 1.628528798598905258e-01 3.090823751739554814e-01 2.443930551404413509e-01 3.569165352256204460e-01 3.340439668366574910e-01 4.151676607708096878e-01 2.816985223634643765e-01 4.025783246766764245e-01 2.816985223634703717e-01 4.151676607708055800e-01 3.340439668366699810e-01 3.569165352256400414e-01 2.443930551404390195e-01 3.090823751739915637e-01 1.628528798599062077e-01 2.957658377116313964e-01 2.262339730030325791e-01 1.426651719678873609e-01 1.426651719678873609e-01
1.359809681547483329e-01 1.359809681547483329e-01 2.259382297183325783e-01 2.966595868818627801e-01 1.666637519478314788e-01 3.096905242425420646e-01 2.407632646968552170e-01 3.542514970429830878e-01 3.438048061648163456e-01 4.148300166993653670e-01 2.897210781545384584e-01 4.142128110112142103e-01 2.897210781545411784e-01 4.148300166993593163e-01 3.438048061648257270e-01 3.542514970430043486e-01 2.407632646968562440e-01 3.096905242425770921e-01 1.666637519478488816e-01 2.966595868818816539e-01 2.259382297183463451e-01 1.359809681547640980e-01 1.359809681547640980e-01
1.344332716125909155e-01 1.344332716125909155e-01 2.317446253302680170e-01 2.989860803241309872e-01 1.737842194770548021e-01 3.097523740027493533e-01 2.371134775675798612e-01 3.508458769670559363e-01 3.530952818978091434e-01 4.155813232748196140e-01 3.005214941939314266e-01 4.267856910449243646e-01 3.005214941939309825e-01 4.155813232748123420e-01 3.530952818978139729e-01 3.508458769670784183e-01 2.371134775675848017e-01 3.097523740027818828e-01 1.737842194770730653e-01 2.989860803241481957e-01 2.317446253302800907e-01 1.344332716126094562e-01 1.344332716126094562e-01
1.380148093085196148e-01 1.380148093085196148e-01 2.434875008655466855e-01 3.024653628295694285e-01 1.839417144485608613e-01 3.091632673664299613e-01 2.337676620637647307e-01 3.466593749694821813e-01 3.604075175461051161e-01 4.167786704915363849e-01 3.116578675727438852e-01 4.376260451944211094e-01 3.116578675727409986e-01 4.167786704915281693e-01 3.604075175461066705e-01 3.466593749695051629e-01 2.337676620637741953e-01 3.091632673664595488e-01 1.839417144485796796e-01 3.024653628295835839e-01 2.434875008655571216e-01 1.380148093085403482e-01 1.380148093085403482e-01
1.460215882477516047e-01 1.460215882477516047e-01 2.600742899475229630e-01 3.067135846881558492e-01 1.964560778037163502e-01 3.080023213609566213e-01 2.312916329881838928e-01 3.420029695668197478e-01 3.640874153752012843e-01 4.175723143914915059e-01 3.201196387786276465e-01 4.442966422624751166e-01 3.201196387786234832e-01 4.175723143914836788e-01 3.640874153751989528e-01 3.420029695668432845e-01 2.312916329881971322e-01 3.080023213609849320e-01 1.964560778037354738e-01 3.067135846881688388e-01 2.600742899475331216e-01 1.460215882477735039e-01 1.460215882477735039e-01
1.571498431678216567e-01 1.571498431678216567e-01 2.795538658707442670e-01 3.112488980792185722e-01 2.101797901413718361e-01 3.065012374704345066e-01 2.302159490318603230e-01 3.374866255325167930e-01 3.626925058764214338e-01 4.170796359790682750e-01 3.230517723058607404e-01 4.450755217121834528e-01 3.230517723058556889e-01 4.170796359790612251e-01 3.626925058764164378e-01 3.374866255325412734e-01 2.302159490318770318e-01 3.065012374704612075e-01 2.101797901413907932e-01 3.112488980792325055e-01 2.795538658707548141e-01 1.571498431678437502e-01 1.571498431678437502e-01
1.696990263160040591e-01 1.696990263160040591e-01 2.993475923799891469e-01 3.155325698224723530e-01 2.235458154697189392e-01 3.049884227352419597e-01 2.308342038565410481e-01 3.339190527782019968e-01 3.554097598204805641e-01 4.146178874633554279e-01 3.185535490467405473e-01 4.393074359338753343e-01 3.185535490467350517e-01 4.146178874633510980e-01 3.554097598204734587e-01 3.339190527782257001e-01 2.308342038565596444e-01 3.049884227352651078e-01 2.235458154697378408e-01 3.155325698224879516e-01 2.993475923800005822e-01 1.696990263160259027e-01 1.696990263160259027e-01
1.818500640386169487e-01 1.818500640386169487e-01 3.166386203086439255e-01 3.190491839738510138e-01 2.347807645120168207e-01 3.038251545823831834e-01 2.331597321969389458e-01 3.321750539459119578e-01 3.424193803163328997e-01 4.099307011560877068e-01 3.063186270343133955e-01 4.275473498811723783e-01 3.063186270343082884e-01 4.099307011560862080e-01 3.424193803163232963e-01 3.321750539459343843e-01 2.331597321969593184e-01 3.038251545824059430e-01 2.347807645120353059e-01 3.190491839738693325e-01 3.166386203086580808e-01 1.818500640386378486e-01 1.818500640386378486e-01
1.919713114615260174e-01 1.919713114615260174e-01 3.288684797805718762e-01 3.214070090139837244e-01 2.422705322598409650e-01 3.033487233659820648e-01 2.370336198717598042e-01 3.330469955669539406e-01 3.250648734698911579e-01 4.033303152156320071e-01 2.878986743694018080e-01 4.114652038290145253e-01 2.878986743693960904e-01 4.033303152156332283e-01 3.250648734698799447e-01 3.330469955669753679e-01 2.370336198717802600e-01 3.033487233660031035e-01 2.422705322598593669e-01 3.214070090140056513e-01 3.288684797805883075e-01 1.919713114615451965e-01 1.919713114615451965e-01
1.988957497603684177e-01 1.988957497603684177e-01 3.342445767904493326e-01 3.224227179116326836e-01 2.449862057146218464e-01 3.038314943610078700e-01 2.422935522623276272e-01 3.370975358225630214e-01 3.057160908383353415e-01 3.956928430948428166e-01 2.664649970458630723e-01 3.935302509870034493e-01 2.664649970458569106e-01 3.956928430948484232e-01 3.057160908383217968e-01 3.370975358225812291e-01 2.422935522623466953e-01 3.038314943610276320e-01 2.449862057146402483e-01 3.224227179116584963e-01 3.342445767904686504e-01 1.988957497603854041e-01 1.988957497603854041e-01
2.021151484393981512e-01 2.021151484393981512e-01 3.321373725634017005e-01 3.221537864948019192e-01 2.428283539254855183e-01 3.054580215258146381e-01 2.488791099093627113e-01 3.445324102018278434e-01 2.872953227103336449e-01 3.882864868165923355e-01 2.460892929426435338e-01 3.765353450671998226e-01 2.460892929426353459e-01 3.882864868165996630e-01 2.872953227103178242e-01 3.445324102018416657e-01 2.488791099093804748e-01 3.054580215258329567e-01 2.428283539255030876e-01 3.221537864948307850e-01 3.321373725634240159e-01 2.021151484394141662e-01 2.021151484394141662e-01
2.018510453572426866e-01 2.018510453572426866e-01 3.232561348776383792e-01 3.208593884060719770e-01 2.367544397679625934e-01 3.083176045653434061e-01 2.567835087920815607e-01 3.551146707375670286e-01 2.725552292487026795e-01 3.824686907587870888e-01 2.307209291400823259e-01 3.630528440786982003e-01 2.307209291400721396e-01 3.824686907587961926e-01 2.725552292486856931e-01 3.551146707375775757e-01 2.567835087920968817e-01 3.083176045653606145e-01 2.367544397679789414e-01 3.208593884061036738e-01 3.232561348776656907e-01 2.018510453572567864e-01 2.018510453572567864e-01
1.989863895740154043e-01 1.989863895740154043e-01 3.095394005111528624e-01 3.188995247190221649e-01 2.286188953252682177e-01 3.124080161769427488e-01 2.658496766437418724e-01 3.681433887012390826e-01 2.633082301571538220e-01 3.793367784230973205e-01 2.231498366773098374e-01 3.549317536783761495e-01 2.231498366772970698e-01 3.793367784231067019e-01 2.633082301571352812e-01 3.681433887012465211e-01 2.658496766437539738e-01 3.124080161769600683e-01 2.286188953252834832e-01 3.188995247190551385e-01 3.095394005111838931e-01 1.989863895740290878e-01 1.989863895740290878e-01
1.948706324870593254e-01 1.948706324870593254e-01 2.937687607054303429e-01 3.166094740786890571e-01 2.207540109814409568e-01 3.176466134237052041e-01 2.755073632810551842e-01 3.825169128953639364e-01 2.598614155434603723e-01 3.794381699192244106e-01 2.242676108463356188e-01 3.529451142616134574e-01 2.242676108463203810e-01 3.794381699192326263e-01 2.598614155434412765e-01 3.825169128953674891e-01 2.755073632810638440e-01 3.176466134237232453e-01 2.207540109814553064e-01 3.166094740787229189e-01 2.937687607054653149e-01 1.948706324870723983e-01 1.948706324870723983e-01
