# L = 12 / J = 1 / lamb = 0.9
# particle_position = 5
# final_time = 4 / steps = 15
0.000000000000000000e+00 0.000000000000000000e+00 0.000000000000000000e+00 0.000000000000000000e+00 0.000000000000000000e+00 0.000000000000000000e+00 0.000000000000000000e+00 0.000000000000000000e+00 0.000000000000000000e+00 0.000000000000000000e+00 1.000000000000000000e+00 1.000000000000000000e+00 1.000000000000000000e+00 0.000000000000000000e+00 0.000000000000000000e+00 0.000000000000000000e+00 0.000000000000000000e+00 0.000000000000000000e+00 0.000000000000000000e+00 0.000000000000000000e+00 0.000000000000000000e+00 0.000000000000000000e+00 0.000000000000000000e+00
5.117407137571478720e-02 5.117407137571478720e-02 9.648285468586345615e-02 5.127131808275080249e-02 9.657952558498418549e-02 5.127133635651484611e-02 9.658118331330335649e-02 5.127293194301750512e-02 1.016246187548877078e-01 5.634719750423550222e-02 8.983466194245459668e-01 9.487257468721420617e-01 8.983466194245453007e-01 5.634719750423596019e-02 1.016246187548886237e-01 5.127293194301796309e-02 9.658118331330450834e-02 5.127133635651560939e-02 9.657952558498542062e-02 5.127131808275146169e-02 9.648285468586480229e-02 5.117407137571564762e-02 5.117407137571564762e-02
1.447116836202404500e-01 1.447116836202404500e-01 2.249180931661056704e-01 1.490755883168644047e-01 2.291274138328536769e-01 1.490891105395334981e-01 2.294591606439937426e-01 1.493776946806474881e-01 2.842366601877474586e-01 2.059096885630399554e-01 7.143355625238207995e-01 8.503879077491323102e-01 7.143355625238202444e-01 2.059096885630414264e-01 2.842366601877502896e-01 1.493776946806495698e-01 2.294591606439969622e-01 1.490891105395362182e-01 2.291274138328568966e-01 1.490755883168668472e-01 2.249180931661089178e-01 1.447116836202431422e-01 1.447116836202431422e-01
1.904803507289891396e-01 1.904803507289891396e-01 2.085624875550377566e-01 2.182380964351091912e-01 2.328742466976686798e-01 2.187117846644714148e-01 2.385196420046129251e-01 2.230479447126423043e-01 3.833015297764179596e-01 3.823684398133398998e-01 6.055999335541680795e-01 7.737946886381845690e-01 6.055999335541679685e-01 3.823684398133416207e-01 3.833015297764214568e-01 2.230479447126446080e-01 2.385196420046150345e-01 2.187117846644739405e-01 2.328742466976707060e-01 2.182380964351121611e-01 2.085624875550390889e-01 1.904803507289922482e-01 1.904803507289922482e-01
1.835541162011503358e-01 1.835541162011503358e-01 1.470196571349254022e-01 2.536199580169088419e-01 1.943193528192020680e-01 2.581182949237234570e-01 2.259227166623431204e-01 2.802588631796609220e-01 4.120035303275240701e-01 5.114184916466386621e-01 5.489850634159078036e-01 7.078909876586216843e-01 5.489850634159093579e-01 5.114184916466402164e-01 4.120035303275277894e-01 2.802588631796626983e-01 2.259227166623440919e-01 2.581182949237242896e-01 1.943193528192024566e-01 2.536199580169116730e-01 1.470196571349247083e-01 1.835541162011527228e-01 1.835541162011527228e-01
1.720248849035771466e-01 1.720248849035771466e-01 1.615208395766226379e-01 2.701328123588682129e-01 1.945235896776706108e-01 2.903029366503382946e-01 2.820106551243828918e-01 3.509661056566353854e-01 4.378711884198626669e-01 5.758688128525311090e-01 4.738487164845593957e-01 6.333321483522256212e-01 4.738487164845617272e-01 5.758688128525322192e-01 4.378711884198673854e-01 3.509661056566372173e-01 2.820106551243849458e-01 2.903029366503383502e-01 1.945235896776715823e-01 2.701328123588695451e-01 1.615208395766217775e-01 1.720248849035788952e-01 1.720248849035788952e-01
1.738188490013830578e-01 1.738188490013830578e-01 1.903611485576533202e-01 2.671143491624360378e-01 1.929827075092579725e-01 3.207960764668910114e-01 3.330755993992032260e-01 4.289775434154464717e-01 4.421459854146987944e-01 5.991218763357792909e-01 4.056720334479531620e-01 5.743907541137001083e-01 4.056720334479554380e-01 5.991218763357825106e-01 4.421459854147038460e-01 4.289775434154495803e-01 3.330755993992076669e-01 3.207960764668907894e-01 1.929827075092578614e-01 2.671143491624355382e-01 1.903611485576523210e-01 1.738188490013839460e-01 1.738188490013839460e-01
1.773767462951896523e-01 1.773767462951896523e-01 1.796044177959792432e-01 2.584147508112737412e-01 2.045468538304162087e-01 3.546661877571175014e-01 3.411524280315258451e-01 4.928748539359740222e-01 4.017798759334350045e-01 5.950386461187388010e-01 3.780226730055805673e-01 5.488165786035212879e-01 3.780226730055840645e-01 5.950386461187425757e-01 4.017798759334403336e-01 4.928748539359781300e-01 3.411524280315310076e-01 3.546661877571181121e-01 2.045468538304150985e-01 2.584147508112724645e-01 1.796044177959770227e-01 1.773767462951895968e-01 1.773767462951895968e-01
1.785841018700041472e-01 1.785841018700041472e-01 1.824166943344802116e-01 2.697788138216883347e-01 2.631318271328534353e-01 4.010790659201789454e-01 3.431313497507507693e-01 5.342843877558177690e-01 3.497808501597724495e-01 5.706865711238525707e-01 3.656330520239404192e-01 5.463386068477416035e-01 3.656330520239450266e-01 5.706865711238571226e-01 3.497808501597760578e-01 5.342843877558217658e-01 3.431313497507575971e-01 4.010790659201807218e-01 2.631318271328525471e-01 2.697788138216880571e-01 1.824166943344784075e-01 1.785841018700047855e-01 1.785841018700047855e-01
1.822611075704218264e-01 1.822611075704218264e-01 2.226199197191741919e-01 3.078273526746584943e-01 3.123023937798048988e-01 4.597125299647181751e-01 3.352191366321778943e-01 5.552252555248579080e-01 3.115551880506186588e-01 5.430136501655079551e-01 3.477444112191901415e-01 5.531867379460342349e-01 3.477444112191927506e-01 5.430136501655110637e-01 3.115551880506242655e-01 5.552252555248625709e-01 3.352191366321856658e-01 4.597125299647195074e-01 3.123023937798052319e-01 3.078273526746616584e-01 2.226199197191750800e-01 1.822611075704234640e-01 1.822611075704234640e-01
1.939919477234062217e-01 1.939919477234062217e-01 2.677379445380270173e-01 3.658560718279352808e-01 3.209134324560211637e-01 5.170222375448310093e-01 3.046718525198203187e-01 5.575152684928290636e-01 2.863764785167950411e-01 5.267882293342635025e-01 3.301816638691453254e-01 5.578845303657247179e-01 3.301816638691462691e-01 5.267882293342653899e-01 2.863764785168015914e-01 5.575152684928325053e-01 3.046718525198294780e-01 5.170222375448311203e-01 3.209134324560237173e-01 3.658560718279393331e-01 2.677379445380291823e-01 1.939919477234089140e-01 1.939919477234089140e-01
2.230729711017122585e-01 2.230729711017122585e-01 3.086202998970165035e-01 4.366695428065377471e-01 3.260600878092418387e-01 5.555728948004488021e-01 2.738243726806037781e-01 5.450897124300989605e-01 2.808888219256872598e-01 5.248990407943721070e-01 3.087545611491491759e-01 5.508797573750807697e-01 3.087545611491492314e-01 5.248990407943724401e-01 2.808888219256920893e-01 5.450897124301007368e-01 2.738243726806130485e-01 5.555728948004469148e-01 3.260600878092452248e-01 4.366695428065413553e-01 3.086202998970191680e-01 2.230729711017155059e-01 2.230729711017155059e-01
2.756881083473316507e-01 2.756881083473316507e-01 3.455174238806381082e-01 5.062200698403557242e-01 3.197933812631634232e-01 5.676336885326985771e-01 2.562934288294165253e-01 5.294679108195543549e-01 2.941211880261539457e-01 5.335902690913386648e-01 2.773799426256836620e-01 5.340832290172909946e-01 2.773799426256859935e-01 5.335902690913384427e-01 2.941211880261569989e-01 5.294679108195536887e-01 2.562934288294249630e-01 5.676336885326954684e-01 3.197933812631670869e-01 5.062200698403556132e-01 3.455174238806381082e-01 2.756881083473353145e-01 2.756881083473353145e-01
3.431209783699464277e-01 3.431209783699464277e-01 3.556222630973380205e-01 5.577916373789388871e-01 2.790546995483970671e-01 5.584734321438813431e-01 2.606765876109679025e-01 5.231290167271072100e-01 2.982201777694330480e-01 5.437520392938635094e-01 2.503372869856406724e-01 5.185319039237572536e-01 2.503372869856437255e-01 5.437520392938625102e-01 2.982201777694349909e-01 5.231290167271053226e-01 2.606765876109748414e-01 5.584734321438786786e-01 2.790546995484003978e-01 5.577916373789362225e-01 3.556222630973359111e-01 3.431209783699475935e-01 3.431209783699475935e-01
4.066560876689248594e-01 4.066560876689248594e-01 3.274617089504875955e-01 5.814580272962532881e-01 2.473137749661650231e-01 5.401354742987330981e-01 2.939677950406976437e-01 5.298700633088233580e-01 2.736193873661295628e-01 5.438772973740322314e-01 2.415264716074015661e-01 5.136853959503476785e-01 2.415264716074035645e-01 5.438772973740302330e-01 2.736193873661308951e-01 5.298700633088209155e-01 2.939677950407030838e-01 5.401354742987312108e-01 2.473137749661725449e-01 5.814580272962509566e-01 3.274617089504855416e-01 4.066560876689275794e-01 4.066560876689275794e-01
4.519579832519833307e-01 4.519579832519833307e-01 2.797736216884065263e-01 5.754943689457541200e-01 2.606841242652126467e-01 5.251210262136991602e-01 3.202620095117479360e-01 5.440492917076271695e-01 2.411885127420114461e-01 5.323902910497583241e-01 2.442880197790302521e-01 5.231233533186385731e-01 2.442880197790297248e-01 5.323902910497556595e-01 2.411885127420153041e-01 5.440492917076235058e-01 3.202620095117502119e-01 5.251210262136976059e-01 2.606841242652225277e-01 5.754943689457527878e-01 2.797736216884059157e-01 4.519579832519873275e-01 4.519579832519873275e-01
