# L = 12 / J = 1 / lamb = 0.9
# particle_position = 5
# final_time = 4 / steps = 20
0.000000000000000000e+00 0.000000000000000000e+00 0.000000000000000000e+00 0.000000000000000000e+00 0.000000000000000000e+00 0.000000000000000000e+00 0.000000000000000000e+00 0.000000000000000000e+00 0.000000000000000000e+00 0.000000000000000000e+00 1.000000000000000000e+00 1.000000000000000000e+00 1.000000000000000000e+00 0.000000000000000000e+00 0.000000000000000000e+00 0.000000000000000000e+00 0.000000000000000000e+00 0.000000000000000000e+00 0.000000000000000000e+00 0.000000000000000000e+00 0.000000000000000000e+00 0.000000000000000000e+00 0.000000000000000000e+00
3.031026515800695764e-02 3.031026515800695764e-02 5.866159054585914912e-02 3.032849966996700036e-02 5.867976864937166775e-02 3.032850075081226435e-02 5.867994070073098700e-02 3.032866909808218381e-02 6.036800482037586735e-02 3.202227679489696999e-02 9.396266732947730072e-01 9.696711915383587899e-01 9.396266732947730072e-01 3.202227679489701162e-02 6.036800482037586041e-02 3.032866909808213871e-02 5.867994070073084822e-02 3.032850075081210475e-02 5.867976864937129305e-02 3.032849966996675750e-02 5.866159054585889238e-02 3.031026515800691254e-02 3.031026515800691254e-02
9.948496834080357287e-02 9.948496834080357287e-02 1.735494058817595164e-01 1.004398371535127343e-01 1.744889435823823443e-01 1.004407552234149598e-01 1.745272800058756402e-01 1.004760443379053153e-01 1.962618684642973566e-01 1.225480785803074596e-01 8.034441792868451948e-01 8.994948417365153936e-01 8.034441792868453058e-01 1.225480785803073347e-01 1.962618684642969402e-01 1.004760443379053153e-01 1.745272800058753349e-01 1.004407552234144324e-01 1.744889435823810953e-01 1.004398371535118739e-01 1.735494058817584062e-01 9.948496834080347573e-02 9.948496834080347573e-02
1.625966126598063499e-01 1.625966126598063499e-01 2.348625546386240159e-01 1.704063095784014159e-01 2.422805772294139570e-01 1.704456376378955251e-01 2.430608508657008393e-01 1.711036801842593102e-01 3.195057875917023948e-01 2.509080678603879955e-01 6.778360489012082990e-01 8.283699630422567406e-01 6.778360489012097423e-01 2.509080678603877734e-01 3.195057875917018952e-01 1.711036801842590604e-01 2.430608508657003397e-01 1.704456376378948590e-01 2.422805772294127080e-01 1.704063095784007775e-01 2.348625546386239882e-01 1.625966126598064887e-01 1.625966126598064887e-01
1.904803507289886400e-01 1.904803507289886400e-01 2.085624875550367852e-01 2.182380964351094410e-01 2.328742466976681524e-01 2.187117846644716923e-01 2.385196420046128418e-01 2.230479447126423598e-01 3.833015297764182372e-01 3.823684398133395668e-01 6.055999335541698558e-01 7.737946886381874556e-01 6.055999335541693007e-01 3.823684398133391227e-01 3.833015297764181817e-01 2.230479447126421932e-01 2.385196420046121202e-01 2.187117846644707209e-01 2.328742466976674030e-01 2.182380964351089137e-01 2.085624875550366741e-01 1.904803507289886955e-01 1.904803507289886955e-01
1.875080720705896431e-01 1.875080720705896431e-01 1.567117785450741207e-01 2.467737239949951422e-01 2.004809827024282565e-01 2.495604417247369589e-01 2.226428815355056545e-01 2.653521712218755990e-01 4.064460025895070272e-01 4.856992147520226011e-01 5.635889446029849204e-01 7.252738981416346764e-01 5.635889446029848093e-01 4.856992147520212133e-01 4.064460025895064721e-01 2.653521712218750994e-01 2.226428815355048496e-01 2.495604417247360152e-01 2.004809827024281454e-01 2.467737239949947259e-01 1.567117785450742040e-01 1.875080720705889770e-01 1.875080720705889770e-01
1.760780009627940790e-01 1.760780009627940790e-01 1.454674374367690148e-01 2.641824297129374277e-01 1.913204934624811171e-01 2.744530848015834801e-01 2.479908474270090812e-01 3.134563038481175123e-01 4.246522338988151235e-01 5.504509203476688484e-01 5.141368372719149482e-01 6.708189362328850214e-01 5.141368372719153923e-01 5.504509203476681822e-01 4.246522338988145684e-01 3.134563038481171793e-01 2.479908474270078045e-01 2.744530848015824254e-01 1.913204934624815889e-01 2.641824297129372612e-01 1.454674374367691536e-01 1.760780009627934961e-01 1.760780009627934961e-01
1.715243660221591748e-01 1.715243660221591748e-01 1.716468933654195506e-01 2.711436535375995605e-01 1.956520682423891211e-01 2.980457295560864361e-01 2.989078318450581473e-01 3.706851770426213277e-01 4.428588750325261336e-01 5.846479954791703459e-01 4.538478115071840069e-01 6.158659353694327931e-01 4.538478115071841734e-01 5.846479954791677924e-01 4.428588750325259671e-01 3.706851770426202730e-01 2.989078318450569260e-01 2.980457295560860476e-01 1.956520682423889268e-01 2.711436535375990053e-01 1.716468933654194395e-01 1.715243660221582034e-01 1.715243660221582034e-01
1.738188490013812537e-01 1.738188490013812537e-01 1.903611485576496565e-01 2.671143491624306532e-01 1.929827075092539479e-01 3.207960764668852938e-01 3.330755993992009500e-01 4.289775434154430855e-01 4.421459854146937984e-01 5.991218763357770705e-01 4.056720334479488876e-01 5.743907541136898942e-01 4.056720334479486101e-01 5.991218763357757382e-01 4.421459854146937984e-01 4.289775434154411982e-01 3.330755993991992292e-01 3.207960764668841835e-01 1.929827075092537814e-01 2.671143491624297095e-01 1.903611485576495455e-01 1.738188490013804210e-01 1.738188490013804210e-01
1.768125376637872392e-01 1.768125376637872392e-01 1.837841297728914636e-01 2.595461455948381846e-01 1.970513334453118659e-01 3.453123858719463479e-01 3.410221827092189684e-01 4.789650344410786298e-01 4.147316864494917654e-01 5.983836891043520234e-01 3.819582391552639455e-01 5.524022839784554773e-01 3.819582391552634459e-01 5.983836891043516903e-01 4.147316864494917654e-01 4.789650344410771865e-01 3.410221827092169700e-01 3.453123858719456263e-01 1.970513334453115606e-01 2.595461455948369633e-01 1.837841297728917134e-01 1.768125376637865176e-01 1.768125376637865176e-01
1.780085545651595158e-01 1.780085545651595158e-01 1.756713413088603903e-01 2.605837909344498327e-01 2.299238913269218698e-01 3.759844556322270992e-01 3.417367900843357176e-01 5.163400737215920744e-01 3.746943378148501202e-01 5.845307488425239839e-01 3.721462269660322786e-01 5.456807013840969667e-01 3.721462269660320010e-01 5.845307488425240949e-01 3.746943378148493986e-01 5.163400737215901870e-01 3.417367900843338302e-01 3.759844556322256559e-01 2.299238913269214257e-01 2.605837909344480563e-01 1.756713413088603626e-01 1.780085545651589329e-01 1.780085545651589329e-01
1.790775351664244397e-01 1.790775351664244397e-01 1.899724201521518219e-01 2.770124650472822747e-01 2.792531962498486786e-01 4.149275261897559797e-01 3.432093407246487593e-01 5.413298749915301800e-01 3.388175983974985317e-01 5.633129176347193567e-01 3.616140247152645482e-01 5.476089682350712140e-01 3.616140247152650478e-01 5.633129176347185796e-01 3.388175983974983652e-01 5.413298749915295138e-01 3.432093407246470385e-01 4.149275261897543698e-01 2.792531962498484011e-01 2.770124650472804984e-01 1.899724201521511557e-01 1.790775351664236070e-01 1.790775351664236070e-01
1.822611075704162198e-01 1.822611075704162198e-01 2.226199197191702506e-01 3.078273526746522770e-01 3.123023937797975713e-01 4.597125299647096264e-01 3.352191366321715105e-01 5.552252555248501364e-01 3.115551880506129967e-01 5.430136501654940773e-01 3.477444112191845349e-01 5.531867379460234657e-01 3.477444112191841463e-01 5.430136501654941883e-01 3.115551880506129412e-01 5.552252555248488042e-01 3.352191366321696231e-01 4.597125299647082386e-01 3.123023937797962946e-01 3.078273526746507227e-01 2.226199197191693901e-01 1.822611075704148320e-01 1.822611075704148320e-01
1.898569300069221921e-01 1.898569300069221921e-01 2.571501472823489176e-01 3.498088707603813630e-01 3.205284302572463107e-01 5.038491029296922052e-01 3.134160174900935680e-01 5.585965522782081472e-01 2.912713260458148490e-01 5.294494352309212504e-01 3.344578989495048393e-01 5.575630498065932139e-01 3.344578989495049504e-01 5.294494352309209173e-01 2.912713260458147935e-01 5.585965522782052606e-01 3.134160174900924023e-01 5.038491029296906509e-01 3.205284302572445898e-01 3.498088707603797531e-01 2.571501472823475298e-01 1.898569300069206933e-01 1.898569300069206933e-01
2.057192859452219857e-01 2.057192859452219857e-01 2.881659995258727403e-01 4.003338165449960573e-01 3.226028371075759793e-01 5.394665515991511340e-01 2.878653188532974694e-01 5.525862071734837233e-01 2.805743277688940718e-01 5.241887468528949601e-01 3.207310450596345675e-01 5.560641891000510650e-01 3.207310450596359552e-01 5.241887468528935168e-01 2.805743277688941273e-01 5.525862071734831682e-01 2.878653188532975249e-01 5.394665515991486915e-01 3.226028371075739254e-01 4.003338165449938924e-01 2.881659995258716300e-01 2.057192859452202094e-01 2.057192859452202094e-01
2.340693556540742737e-01 2.340693556540742737e-01 3.188169703666898780e-01 4.548849214190771595e-01 3.272575346068118396e-01 5.610526930961756698e-01 2.680739045620404992e-01 5.409157303586068499e-01 2.831697910081509284e-01 5.263258973521753870e-01 3.016163711357404686e-01 5.472300515662897880e-01 3.016163711357406352e-01 5.263258973521747208e-01 2.831697910081518166e-01 5.409157303586057397e-01 2.680739045620404437e-01 5.610526930961731162e-01 3.272575346068111735e-01 4.548849214190748835e-01 3.188169703666881571e-01 2.340693556540723863e-01 2.340693556540723863e-01
2.756881083473227134e-01 2.756881083473227134e-01 3.455174238806289488e-01 5.062200698403441779e-01 3.197933812631530426e-01 5.676336885326829229e-01 2.562934288294103635e-01 5.294679108195362582e-01 2.941211880261435652e-01 5.335902690913237878e-01 2.773799426256734479e-01 5.340832290172712327e-01 2.773799426256737255e-01 5.335902690913235658e-01 2.941211880261450640e-01 5.294679108195349260e-01 2.562934288294105301e-01 5.676336885326805914e-01 3.197933812631524320e-01 5.062200698403410692e-01 3.455174238806272280e-01 2.756881083473214367e-01 2.756881083473214367e-01
3.258736194442419243e-01 3.258736194442419243e-01 3.568277763419185344e-01 5.472713086750878864e-01 2.909570538126106110e-01 5.621443748489717285e-01 2.566376518967905529e-01 5.234510897439462740e-01 2.997513489725244784e-01 5.417710275837671619e-01 2.556031250799956633e-01 5.217002153814886967e-01 2.556031250799954413e-01 5.417710275837676059e-01 2.997513489725260882e-01 5.234510897439456079e-01 2.566376518967898868e-01 5.621443748489699521e-01 2.909570538126099448e-01 5.472713086750859990e-01 3.568277763419164250e-01 3.258736194442398704e-01 3.258736194442398704e-01
3.765027041211426728e-01 3.765027041211426728e-01 3.456653690484893793e-01 5.734099024675781697e-01 2.582295445960921532e-01 5.496183340136027162e-01 2.748159312811836452e-01 5.250347119271219221e-01 2.891267951910742040e-01 5.455330367334829678e-01 2.436235169626243535e-01 5.143784342726180903e-01 2.436235169626244090e-01 5.455330367334835229e-01 2.891267951910763134e-01 5.250347119271205898e-01 2.748159312811825905e-01 5.496183340135999407e-01 2.582295445960912095e-01 5.734099024675749501e-01 3.456653690484878250e-01 3.765027041211411740e-01 3.765027041211411740e-01
4.200270061754479700e-01 4.200270061754479700e-01 3.162769986048222792e-01 5.826341983844416372e-01 2.466235787781664579e-01 5.356459844803894699e-01 3.034134678092572646e-01 5.330970137611581450e-01 2.647074179424431795e-01 5.418128830522577211e-01 2.417291611023970610e-01 5.147460310517228965e-01 2.417291611023972830e-01 5.418128830522582762e-01 2.647074179424447893e-01 5.330970137611579229e-01 3.034134678092569870e-01 5.356459844803876935e-01 2.466235787781657918e-01 5.826341983844388617e-01 3.162769986048203918e-01 4.200270061754451389e-01 4.200270061754451389e-01
4.519579832519662332e-01 4.519579832519662332e-01 2.797736216883957017e-01 5.754943689457315825e-01 2.606841242652027102e-01 5.251210262136786211e-01 3.202620095117361676e-01 5.440492917076115154e-01 2.411885127420023145e-01 5.323902910497383401e-01 2.442880197790186503e-01 5.231233533186251394e-01 2.442880197790197883e-01 5.323902910497382290e-01 2.411885127420030084e-01 5.440492917076098500e-01 3.202620095117362786e-01 5.251210262136761786e-01 2.606841242652025992e-01 5.754943689457279188e-01 2.797736216883938698e-01 4.519579832519636797e-01 4.519579832519636797e-01
