# L = 12 / J = 1 / lamb = 0.5
# particle_position = 5
# final_time = 10 / steps = 100
0.000000000000000000e+00 0.000000000000000000e+00 0.000000000000000000e+00 0.000000000000000000e+00 0.000000000000000000e+00 0.000000000000000000e+00 0.000000000000000000e+00 0.000000000000000000e+00 0.000000000000000000e+00 0.000000000000000000e+00 1.000000000000000000e+00 1.000000000000000000e+00 1.000000000000000000e+00 0.000000000000000000e+00 0.000000000000000000e+00 0.000000000000000000e+00 0.000000000000000000e+00 0.000000000000000000e+00 0.000000000000000000e+00 0.000000000000000000e+00 0.000000000000000000e+00 0.000000000000000000e+00 0.000000000000000000e+00
2.463144160782721349e-03 2.463144160782721349e-03 4.913956800406893248e-03 2.463172868251923501e-03 4.913985501575558051e-03 2.463172868284705871e-03 4.913985568167475795e-03 2.463172934763686178e-03 4.948656826367309712e-03 2.497852503374016573e-03 9.950513348905463129e-01 9.975368270102463741e-01 9.950513348905466460e-01 2.497852503374015272e-03 4.948656826367328794e-03 2.463172934763703092e-03 4.913985568167478397e-03 2.463172868284688091e-03 4.913985501575506877e-03 2.463172868251875362e-03 4.913956800406872431e-03 2.463144160782694027e-03 2.463144160782694027e-03
9.422040964776726840e-03 9.422040964776726840e-03 1.865466870417465187e-02 9.423818058860023231e-03 1.865644414994079708e-02 9.423818091569686334e-03 1.865646084061596197e-02 9.423834671098982665e-03 1.919573551715860263e-02 9.963636681274253698e-03 9.808037438233151439e-01 9.905761516058187999e-01 9.808037438233152550e-01 9.963636681274258902e-03 1.919573551715872406e-02 9.423834671099102361e-03 1.865646084061609727e-02 9.423818091569708885e-03 1.865644414994070688e-02 9.423818058859894861e-03 1.865466870417440554e-02 9.422040964776615818e-03 9.422040964776615818e-03
1.967003677879551951e-02 1.967003677879551951e-02 3.844455117588149035e-02 1.968918472475443548e-02 3.846365564466968506e-02 1.968918653119217099e-02 3.846406860609007800e-02 1.968959349333294570e-02 4.106880134493964135e-02 2.230024233145358470e-02 9.589254404931755182e-01 9.803100692875216238e-01 9.589254404931752962e-01 2.230024233145360898e-02 4.106880134493998830e-02 1.968959349333324407e-02 3.846406860609057066e-02 1.968918653119232018e-02 3.846365564466974057e-02 1.968918472475426895e-02 3.844455117588117810e-02 1.967003677879538420e-02 1.967003677879538420e-02
3.146099565399548131e-02 3.146099565399548131e-02 6.035203985052938619e-02 3.156051256364968138e-02 6.045111050538425762e-02 3.156054278067559754e-02 6.045503734611473723e-02 3.156437252222218243e-02 6.816514007416428489e-02 3.930695889935426068e-02 9.318037858205422408e-01 9.684324522157472526e-01 9.318037858205424628e-01 3.930695889935433701e-02 6.816514007416481224e-02 3.156437252222268897e-02 6.045503734611561847e-02 3.156054278067590979e-02 6.045111050538452824e-02 3.156051256364963281e-02 6.035203985052937231e-02 3.146099565399546050e-02 3.146099565399546050e-02
4.284713493026840597e-02 4.284713493026840597e-02 8.015926200544580549e-02 4.319044776528643825e-02 8.049986952739085488e-02 4.319070867527992352e-02 8.052184288843954041e-02 4.321187964185840835e-02 9.783306291315117809e-02 6.064308221386315728e-02 9.020542102479405244e-01 9.567705821513836639e-01 9.020542102479409685e-01 6.064308221386330300e-02 9.783306291315220504e-02 4.321187964185924102e-02 8.052184288844090043e-02 4.319070867528063129e-02 8.049986952739182633e-02 4.319044776528659091e-02 8.015926200544638835e-02 4.284713493026877373e-02 4.284713493026877373e-02
5.204687177687633559e-02 5.204687177687633559e-02 9.426662140680948376e-02 5.295293984316437608e-02 9.516106759169142004e-02 5.295441514222151702e-02 9.524854609652382009e-02 5.303760343707884795e-02 1.276790160002055086e-01 8.581133057169477996e-02 8.720037254406406424e-01 9.468937112487509911e-01 8.720037254406403093e-01 8.581133057169504363e-02 1.276790160002066188e-01 5.303760343707992347e-02 9.524854609652552706e-02 5.295441514222251622e-02 9.516106759169273843e-02 5.295293984316477853e-02 9.426662140681058011e-02 5.204687177687702948e-02 5.204687177687702948e-02
5.776688923586579399e-02 5.776688923586579399e-02 1.004222484213823097e-01 5.973957993643547182e-02 1.023560284740019505e-01 5.974578472790546130e-02 1.026302129803651347e-01 6.000313352629878944e-02 1.559848878928150329e-01 1.141775333222141975e-01 8.432669571524377128e-01 9.397858558993404943e-01 8.432669571524369356e-01 1.141775333222147110e-01 1.559848878928166704e-01 6.000313352630010089e-02 1.026302129803670221e-01 5.974578472790663397e-02 1.023560284740035325e-01 5.973957993643605469e-02 1.004222484213835170e-01 5.776688923586673075e-02 5.776688923586673075e-02
5.941481629954735444e-02 5.941481629954735444e-02 9.811359270666795973e-02 6.311942430229625089e-02 1.017108654927365435e-01 6.314037437062643143e-02 1.024296244032867897e-01 6.380687509008421687e-02 1.819448189882649780e-01 1.450306930903139668e-01 8.165067075882866954e-01 9.356530168326390173e-01 8.165067075882863623e-01 1.450306930903144664e-01 1.819448189882668099e-01 6.380687509008566016e-02 1.024296244032888020e-01 6.314037437062780533e-02 1.017108654927381672e-01 6.311942430229695866e-02 9.811359270666931975e-02 5.941481629954837446e-02 5.941481629954837446e-02
5.716462235133683983e-02 5.716462235133683983e-02 8.854670034361983300e-02 6.333686839970532889e-02 9.446631027374148559e-02 6.339653427397959340e-02 9.610487383908467018e-02 6.490051727216009092e-02 2.056771205194533603e-01 1.776728918893532294e-01 7.914236876637565921e-01 9.339020230812472567e-01 7.914236876637561480e-01 1.776728918893541176e-01 2.056771205194554974e-01 6.490051727216177013e-02 9.610487383908629389e-02 6.339653427398118934e-02 9.446631027374290113e-02 6.333686839970641136e-02 8.854670034362106812e-02 5.716462235133799169e-02 5.716462235133799169e-02
5.186972722677577613e-02 5.186972722677577613e-02 7.424203157342464110e-02 6.116328471348084911e-02 8.301644937938224000e-02 6.131154970279264343e-02 8.635261734704920145e-02 6.435086444101496828e-02 2.280223512611401493e-01 2.115166888827903491e-01 7.669638637183266994e-01 9.332878307402835416e-01 7.669638637183255891e-01 2.115166888827916536e-01 2.280223512611427861e-01 6.435086444101664749e-02 8.635261734705047820e-02 6.131154970279453081e-02 8.301644937938389146e-02 6.116328471348231322e-02 7.424203157342544601e-02 5.186972722677699044e-02 5.186972722677699044e-02
4.485116524457515713e-02 4.485116524457515713e-02 5.836705940979528690e-02 5.765220103918569650e-02 7.022270862899385180e-02 5.798148950913546013e-02 7.640547408564132836e-02 6.359118306115035812e-02 2.501889157977815747e-01 2.461624268453106446e-01 7.416811848821250885e-01 9.321884127298363243e-01 7.416811848821234232e-01 2.461624268453123654e-01 2.501889157977845168e-01 6.359118306115245367e-02 7.640547408564241083e-02 5.798148950913763200e-02 7.022270862899522570e-02 5.765220103918747285e-02 5.836705940979593915e-02 4.485116524457645470e-02 4.485116524457645470e-02
3.761263717073820567e-02 3.761263717073820567e-02 4.398252940196004102e-02 5.386684608707811156e-02 5.869742571991728303e-02 5.453210653801623953e-02 6.927427639327866926e-02 6.412683123374861294e-02 2.733403300730618546e-01 2.814307965083761576e-01 7.141606121937525975e-01 9.289403297492149214e-01 7.141606121937505991e-01 2.814307965083779339e-01 2.733403300730653518e-01 6.412683123375093053e-02 6.927427639327991826e-02 5.453210653801891794e-02 5.869742571991885122e-02 5.386684608708025568e-02 4.398252940196027000e-02 3.761263717073958651e-02 3.761263717073958651e-02
3.154586062964798154e-02 3.154586062964798154e-02 3.338836710729140012e-02 5.064931906039552012e-02 5.024385031243125410e-02 5.188813049891949358e-02 6.712494427655044116e-02 6.726288897282792223e-02 2.982262221619004228e-01 3.173363901732680903e-01 6.833985857105143724e-01 9.221593398541862996e-01 6.833985857105123740e-01 3.173363901732705328e-01 2.982262221619041975e-01 6.726288897283076718e-02 6.712494427655187057e-02 5.188813049892261609e-02 5.024385031243305821e-02 5.064931906039817078e-02 3.338836710729153889e-02 3.154586062964945953e-02 3.154586062964945953e-02
2.768651073963651968e-02 2.768651073963651968e-02 2.771698303352970044e-02 4.848356747415637213e-02 4.558158883541645057e-02 5.063126643963984652e-02 7.092923546623983166e-02 7.390807670118575146e-02 3.249416505681687606e-01 3.540032311295032152e-01 6.490558558854832016e-01 9.109800206766086594e-01 6.490558558854807591e-01 3.540032311295061018e-01 3.249416505681736456e-01 7.390807670118922090e-02 7.092923546624184394e-02 5.063126643964372536e-02 4.558158883541847672e-02 4.848356747415961954e-02 2.771698303352992249e-02 2.768651073963833073e-02 2.768651073963833073e-02
2.656499138025605888e-02 2.656499138025605888e-02 2.684869942921571176e-02 4.747509253616656599e-02 4.439744050793106855e-02 5.096876782697108699e-02 8.044539079587759156e-02 8.448477621878987265e-02 3.528624114591855099e-01 3.915395531836748932e-01 6.115349405254619786e-01 8.951726946969041920e-01 6.115349405254588699e-01 3.915395531836776133e-01 3.528624114591906169e-01 8.448477621879409150e-02 8.044539079588026997e-02 5.096876782697572911e-02 4.439744050793364288e-02 4.747509253617041014e-02 2.684869942921623218e-02 2.656499138025848750e-02 2.656499138025848750e-02
2.817195202552241762e-02 2.817195202552241762e-02 2.963723496755679351e-02 4.743702894649339669e-02 4.566820669835117141e-02 5.280292054104795268e-02 9.449359456746801722e-02 9.894690438613816530e-02 3.807581956409058499e-01 4.299020601020064336e-01 5.718806424278517486e-01 8.751278176799501818e-01 5.718806424278491951e-01 4.299020601020091537e-01 3.807581956409108459e-01 9.894690438614323069e-02 9.449359456747159769e-02 5.280292054105321237e-02 4.566820669835400248e-02 4.743702894649787227e-02 2.963723496755765047e-02 2.817195202552546379e-02 2.817195202552546379e-02
3.203210381761541214e-02 3.203210381761541214e-02 3.435611651672501599e-02 4.804404202174944460e-02 4.813116587473034724e-02 5.586598981143930942e-02 1.114175905654213594e-01 1.168830689526401539e-01 4.070427700659646764e-01 4.687856038964191008e-01 5.315447356839972937e-01 8.517288453456632880e-01 5.315447356839945181e-01 4.687856038964224870e-01 4.070427700659708936e-01 1.168830689526461630e-01 1.114175905654256477e-01 5.586598981144554749e-02 4.813116587473346975e-02 4.804404202175478755e-02 3.435611651672640376e-02 3.203210381761925629e-02 3.203210381761925629e-02
3.735768931972241469e-02 3.735768931972241469e-02 3.922905434723078510e-02 4.899993857415847059e-02 5.074831429148396467e-02 5.987198243537728698e-02 1.295864961853003539e-01 1.376672008050665585e-01 4.300911273565775073e-01 5.075703801076886235e-01 4.920844986123461551e-01 8.261568034869599675e-01 4.920844986123426579e-01 5.075703801076916211e-01 4.300911273565835580e-01 1.376672008050739138e-01 1.295864961853054886e-01 5.987198243538436465e-02 5.074831429148728146e-02 4.899993857416468090e-02 3.922905434723275575e-02 3.735768931972732743e-02 3.735768931972732743e-02
4.323958380997540429e-02 4.323958380997540429e-02 4.289919247811373182e-02 5.016590547696757330e-02 5.302789358593539698e-02 6.463874361582455652e-02 1.477970659303882994e-01 1.606149731963663618e-01 4.485439104928470311e-01 5.453456373121811085e-01 4.548731246882715129e-01 7.996786379739760919e-01 4.548731246882677937e-01 5.453456373121853273e-01 4.485439104928530818e-01 1.606149731963744942e-01 1.477970659303941281e-01 6.463874361583284156e-02 5.302789358593888031e-02 5.016590547697445668e-02 4.289919247811591063e-02 4.323958380998122603e-02 4.323958380998122603e-02
4.883157445330361945e-02 4.883157445330361945e-02 4.472282742888518403e-02 5.161284158071820227e-02 5.512269786497023955e-02 7.014937125081370517e-02 1.654807668191253800e-01 1.851108468400872176e-01 4.615301044193880209e-01 5.810097031150831537e-01 4.208879169349222793e-01 7.734661793551517173e-01 4.208879169349184490e-01 5.810097031150888158e-01 4.615301044193939606e-01 1.851108468400965990e-01 1.654807668191316250e-01 7.014937125082296165e-02 5.512269786497381308e-02 5.161284158072607792e-02 4.472282742888760571e-02 4.883157445331054447e-02 4.883157445331054447e-02
5.349117631083721847e-02 5.349117631083721847e-02 4.483134152570014686e-02 5.358764012465321719e-02 5.769978272669308572e-02 7.654463017278956283e-02 1.826861245219405239e-01 2.106841167790732550e-01 4.687655493656431305e-01 6.134261351466804291e-01 3.906147883373916052e-01 7.484763648829498850e-01 3.906147883373884966e-01 6.134261351466849810e-01 4.687655493656481820e-01 2.106841167790836078e-01 1.826861245219475738e-01 7.654463017279988790e-02 5.769978272669669395e-02 5.358764012466210591e-02 4.483134152570245057e-02 5.349117631084508023e-02 5.349117631084508023e-02
5.685532585898529778e-02 5.685532585898529778e-02 4.397276235995967869e-02 5.641099136867611108e-02 6.164659957529933232e-02 8.406017798485466985e-02 1.998740284149299884e-01 2.370283206877367710e-01 4.705191992591957195e-01 6.416008022489965157e-01 3.640737617984491359e-01 7.254020505955874887e-01 3.640737617984465269e-01 6.416008022490006235e-01 4.705191992592001049e-01 2.370283206877483728e-01 1.998740284149377877e-01 8.406017798486614678e-02 6.164659957530319034e-02 5.641099136868606839e-02 4.397276235996190608e-02 5.685532585899378405e-02 5.685532585899378405e-02
5.884700100163692271e-02 5.884700100163692271e-02 4.320239251646444678e-02 6.034476798614255011e-02 6.772336612004199730e-02 9.293716432775039893e-02 2.176127173862052178e-01 2.639725010711866937e-01 4.674718674800050211e-01 6.648390533097525701e-01 3.409395187221074264e-01 7.046829499630968829e-01 3.409395187221057055e-01 6.648390533097569000e-01 4.674718674800086293e-01 2.639725010711998499e-01 2.176127173862135999e-01 9.293716432776341629e-02 6.772336612004643819e-02 6.034476798615388132e-02 4.320239251646678519e-02 5.884700100164632491e-02 5.884700100164632491e-02
5.962469551456348049e-02 5.962469551456348049e-02 4.352542907795133031e-02 6.547450709340310593e-02 7.627895367648838965e-02 1.033385051912709962e-01 2.362777234206192567e-01 2.914221526944373308e-01 4.605153369352656956e-01 6.828473479212593400e-01 3.207112790863159146e-01 6.865533737280057336e-01 3.207112790863156926e-01 6.828473479212635588e-01 4.605153369352684711e-01 2.914221526944514307e-01 2.362777234206292210e-01 1.033385051912854152e-01 7.627895367649338565e-02 6.547450709341594288e-02 4.352542907795380750e-02 5.962469551457348638e-02 5.962469551457348638e-02
5.949720758579948171e-02 5.949720758579948171e-02 4.559653326350340818e-02 7.164550880754266826e-02 8.711819723531268045e-02 1.152962608376691539e-01 2.558478837267424422e-01 3.192911112406040530e-01 4.505482481462796396e-01 6.957580545228917446e-01 3.028812299570864397e-01 6.711001985307050166e-01 3.028812299570873279e-01 6.957580545228957414e-01 4.505482481462811939e-01 3.192911112406195961e-01 2.558478837267538775e-01 1.152962608376852105e-01 8.711819723531878668e-02 7.164550880755696238e-02 4.559653326350630170e-02 5.949720758581005658e-02 5.949720758581005658e-02
5.882966530037522096e-02 5.882966530037522096e-02 4.955434256130943071e-02 7.847277420070193632e-02 9.955403438287001305e-02 1.287018482034094913e-01 2.758492024637418938e-01 3.474436763880855983e-01 4.383184297807388163e-01 7.040752707145965239e-01 2.870596819837474278e-01 6.583102205878883506e-01 2.870596819837490377e-01 7.040752707146001876e-01 4.383184297807394825e-01 3.474436763881016410e-01 2.758492024637546058e-01 1.287018482034271438e-01 9.955403438287718787e-02 7.847277420071757659e-02 4.955434256131307363e-02 5.882966530038648972e-02 5.882966530038648972e-02
5.796338953106633385e-02 5.796338953106633385e-02 5.502319303528967892e-02 8.542174650948186621e-02 1.126168855506555350e-01 1.433357578429993173e-01 2.954480758408530860e-01 3.756604931345821630e-01 4.243426532766838011e-01 7.085581103934958103e-01 2.730336943769781644e-01 6.480973207702476202e-01 2.730336943769809954e-01 7.085581103934984748e-01 4.243426532766845227e-01 3.756604931345989273e-01 2.954480758408665197e-01 1.433357578430183299e-01 1.126168855506638061e-01 8.542174650949903303e-02 5.502319303529396716e-02 5.796338953107812997e-02 5.796338953107812997e-02
5.716403651217228515e-02 5.716403651217228515e-02 6.126435048159088737e-02 9.193591348708808619e-02 1.253455629343990518e-01 1.589220960713634834e-01 3.136502417276800236e-01 4.036340954231126266e-01 4.089103306679363614e-01 7.100711257846566982e-01 2.607576078469548420e-01 6.403118612263628551e-01 2.607576078469589498e-01 7.100711257846589186e-01 4.089103306679356398e-01 4.036340954231300016e-01 3.136502417276941790e-01 1.589220960713840225e-01 1.253455629344076561e-01 9.193591348710601630e-02 6.126435048159614011e-02 5.716403651218467802e-02 5.716403651218467802e-02
5.660235355320090977e-02 5.660235355320090977e-02 6.741914661124932817e-02 9.757476923855902540e-02 1.370628228283110039e-01 1.751886659387732192e-01 3.295347038677907681e-01 4.309923695882033612e-01 3.921545077136802115e-01 7.094364429467426847e-01 2.502923692130581412e-01 6.347430217985990941e-01 2.502923692130631927e-01 7.094364429467450162e-01 3.921545077136793789e-01 4.309923695882206252e-01 3.295347038678054785e-01 1.751886659387952017e-01 1.370628228283199412e-01 9.757476923857771878e-02 6.741914661125525399e-02 5.660235355321400347e-02 5.660235355321400347e-02
5.636275789199648306e-02 5.636275789199648306e-02 7.276668304388958508e-02 1.021244359849841771e-01 1.475492620578984226e-01 1.919156858997406456e-01 3.424490443722911781e-01 4.573419578127827512e-01 3.741576632252062717e-01 7.073183122321645699e-01 2.417212003536179654e-01 6.311268137606658168e-01 2.417212003536240439e-01 7.073183122321652361e-01 3.741576632252043288e-01 4.573419578128004037e-01 3.424490443723053335e-01 1.919156858997630999e-01 1.475492620579076375e-01 1.021244359850037725e-01 7.276668304389624642e-02 5.636275789201004166e-02 5.636275789201004166e-02
5.646901502079311463e-02 5.646901502079311463e-02 7.692264782062199768e-02 1.056528433307282883e-01 1.570662446268850376e-01 2.089634234137981439e-01 3.521122811382281226e-01 4.823197661176357176e-01 3.550547756279468503e-01 7.041599687509354499e-01 2.350704238772509391e-01 6.291682979634428685e-01 2.350704238772568788e-01 7.041599687509353389e-01 3.550547756279452405e-01 4.823197661176527595e-01 3.521122811382425000e-01 2.089634234138212920e-01 1.570662446268939749e-01 1.056528433307484249e-01 7.692264782062895045e-02 5.646901502080723528e-02 5.646901502080723528e-02
5.691453996290081474e-02 5.691453996290081474e-02 7.992974687257918542e-02 1.084981090207752241e-01 1.662287131545099883e-01 2.262775142857834931e-01 3.586053950889115938e-01 5.056397580664809821e-01 3.351020587266092532e-01 7.001784085688662618e-01 2.302573878381708461e-01 6.285783988539915823e-01 2.302573878381767580e-01 7.001784085688654846e-01 3.351020587266074768e-01 5.056397580664974134e-01 3.586053950889241948e-01 2.262775142858075572e-01 1.662287131545192587e-01 1.084981090207961518e-01 7.992974687258655453e-02 5.691453996291545581e-02 5.691453996291545581e-02
5.768696258533663468e-02 5.768696258533663468e-02 8.222545303371382730e-02 1.111972823789397075e-01 1.757756122660755760e-01 2.438772786426842420e-01 3.622660046959200186e-01 5.271240853487790812e-01 3.146938744845335090e-01 6.954088699801530549e-01 2.270757930106935829e-01 6.291172004545038110e-01 2.270757930106986622e-01 6.954088699801534990e-01 3.146938744845316216e-01 5.271240853487956235e-01 3.622660046959320645e-01 2.438772786427092498e-01 1.757756122660847908e-01 1.111972823789608017e-01 8.222545303372096048e-02 5.768696258535187943e-02 5.768696258535187943e-02
5.878125447293482825e-02 5.878125447293482825e-02 8.450813162585406324e-02 1.143775090478257317e-01 1.863148068665531065e-01 2.618350708033348462e-01 3.635310182016261438e-01 5.467117844281310646e-01 2.943277953930767965e-01 6.897808363411366273e-01 2.252164451178338966e-01 6.306301564069110022e-01 2.252164451178392535e-01 6.897808363411369603e-01 2.943277953930749091e-01 5.467117844281470518e-01 3.635310182016380787e-01 2.618350708033599927e-01 1.863148068665628487e-01 1.143775090478475476e-01 8.450813162586141847e-02 5.878125447295047545e-02 5.878125447295047545e-02
6.020108095348964544e-02 6.020108095348964544e-02 8.754816339650452195e-02 1.186391150392993588e-01 1.981228047352033561e-01 2.802536273948330603e-01 3.627819635132947806e-01 5.644437467958175469e-01 2.745333306940916929e-01 6.832032111208138359e-01 2.243120931022618003e-01 6.330633484741907679e-01 2.243120931022662690e-01 6.832032111208136138e-01 2.745333306940909157e-01 5.644437467958316468e-01 3.627819635133054388e-01 2.802536273948590395e-01 1.981228047352135424e-01 1.186391150393217159e-01 8.754816339651212698e-02 6.020108095350572980e-02 6.020108095350572980e-02
6.195238106003827377e-02 6.195238106003827377e-02 9.200035944909897012e-02 1.244587704734217704e-01 2.110577764090463826e-01 2.992450346070104628e-01 3.602404290649407481e-01 5.804281705140018621e-01 2.557892067465185049e-01 6.756381573049144995e-01 2.239906326846234086e-01 6.364489603362377679e-01 2.239906326846268503e-01 6.756381573049150546e-01 2.557892067465187824e-01 5.804281705140156289e-01 3.602404290649503515e-01 2.992450346070372746e-01 2.110577764090572628e-01 1.244587704734448352e-01 9.200035944910714414e-02 6.195238106005456630e-02 6.195238106005456630e-02
6.403532971317257849e-02 6.403532971317257849e-02 9.826684648383375575e-02 1.321321179525489220e-01 2.246056149405333824e-01 3.189114503042497772e-01 3.559397837732520276e-01 5.947949715474875054e-01 2.384552035538184678e-01 6.671495420289934586e-01 2.239217837774116759e-01 6.408608201788559278e-01 2.239217837774137021e-01 6.671495420289932365e-01 2.384552035538195502e-01 5.947949715475007171e-01 3.559397837732610759e-01 3.189114503042768112e-01 2.246056149405452340e-01 1.321321179525727085e-01 9.826684648384267917e-02 6.403532971318924572e-02 6.403532971318924572e-02
6.644046838124574583e-02 6.644046838124574583e-02 1.064396773214359299e-01 1.417623785940028969e-01 2.380361691592597639e-01 3.393258245077728774e-01 3.497721832318485546e-01 6.076497674694945061e-01 2.227378545698533163e-01 6.579205691668523759e-01 2.238470770948361166e-01 6.463493448558514931e-01 2.238470770948366162e-01 6.579205691668535971e-01 2.227378545698551482e-01 6.076497674695054974e-01 3.497721832318573809e-01 3.393258245078001889e-01 2.380361691592725870e-01 1.417623785940277936e-01 1.064396773214458802e-01 6.644046838126255183e-02 6.644046838126255183e-02
6.915238176826279948e-02 6.915238176826279948e-02 1.163268708972470672e-01 1.532886385190704581e-01 2.506138164147200809e-01 3.605112524419113451e-01 3.415859858822922202e-01 6.190377014039507575e-01 2.086974814358006081e-01 6.482433900351741718e-01 2.235894473354296808e-01 6.528724189012162782e-01 2.235894473354279322e-01 6.482433900351760592e-01 2.086974814358028840e-01 6.190377014039625259e-01 3.415859858822988260e-01 3.605112524419396003e-01 2.506138164147336811e-01 1.532886385190962708e-01 1.163268708972586274e-01 6.915238176828018835e-02 6.915238176828018835e-02
7.216088847240396953e-02 7.216088847240396953e-02 1.275423473455495615e-01 1.665384293987373920e-01 2.617929295497993247e-01 3.824197981399801161e-01 3.312953609626083651e-01 6.289248203728945441e-01 1.962909793713281947e-01 6.384891764989878427e-01 2.230447374081558909e-01 6.602413478967510407e-01 2.230447374081524770e-01 6.384891764989908403e-01 1.962909793713311368e-01 6.289248203729059794e-01 3.312953609626142493e-01 3.824197981400083712e-01 2.617929295498134801e-01 1.665384293987645370e-01 1.275423473455620793e-01 7.216088847242126125e-02 7.216088847242126125e-02
7.547652397687311387e-02 7.547652397687311387e-02 1.396256063294003813e-01 1.812859647869843049e-01 2.713376773463236358e-01 4.049143682333886107e-01 3.189642889562432360e-01 6.372007053282880973e-01 1.854344263382679270e-01 6.290692971810528666e-01 2.221614159457916404e-01 6.680981556891273376e-01 2.221614159457865056e-01 6.290692971810560863e-01 1.854344263382710634e-01 6.372007053282986444e-01 3.189642889562486205e-01 4.049143682334169214e-01 2.713376773463377356e-01 1.812859647870128654e-01 1.396256063294149530e-01 7.547652397689040560e-02 7.547652397689040560e-02
7.914514273141133593e-02 7.914514273141133593e-02 1.521540331022416259e-01 1.973000704569888852e-01 2.793329429287187415e-01 4.277590160449136203e-01 3.048398243220096226e-01 6.437015405552621861e-01 1.760647647163995910e-01 6.203970178238485955e-01 2.209162063032266421e-01 6.759329181680076015e-01 2.209162063032192869e-01 6.203970178238521482e-01 1.760647647164024221e-01 6.437015405552708458e-01 3.048398243220132864e-01 4.277590160449428747e-01 2.793329429287336740e-01 1.973000704570183894e-01 1.521540331022577519e-01 7.914514273142876644e-02 7.914514273142876644e-02
8.325629016149468931e-02 8.325629016149468931e-02 1.648186714263681907e-01 2.143727023781502317e-01 2.860893965780054726e-01 4.506228384359071693e-01 2.893290479137985427e-01 6.482487420151161750e-01 1.681814578900858170e-01 6.128556643507698798e-01 2.192924377158146088e-01 6.831396875262848445e-01 2.192924377158057547e-01 6.128556643507729884e-01 1.681814578900889257e-01 6.482487420151263890e-01 2.893290479138007631e-01 4.506228384359363681e-01 2.860893965780200165e-01 2.143727023781805963e-01 1.648186714263855934e-01 8.325629016151245287e-02 8.325629016151245287e-02
8.794154850185179062e-02 8.794154850185179062e-02 1.774493549128834113e-01 2.323271414702214599e-01 2.919791208985521025e-01 4.731001368541589147e-01 2.729334307809300197e-01 6.506953527192800291e-01 1.618561572522479453e-01 6.067750254505300811e-01 2.172656523110573501e-01 6.890997125166351545e-01 2.172656523110469695e-01 6.067750254505342999e-01 1.618561572522514147e-01 6.506953527192916864e-01 2.729334307809317961e-01 4.731001368541881691e-01 2.919791208985673125e-01 2.323271414702530735e-01 1.774493549129020076e-01 8.794154850186934602e-02 8.794154850186934602e-02
9.336178815389137298e-02 9.336178815389137298e-02 1.899918563309640485e-01 2.510116052388740582e-01 2.972584118037037149e-01 4.947454324841780715e-01 2.561669196337388321e-01 6.509710803350856612e-01 1.572085404657000418e-01 6.024144357492063895e-01 2.147983584133105195e-01 6.932738114951975117e-01 2.147983584132989732e-01 6.024144357492127178e-01 1.572085404657032892e-01 6.509710803350958752e-01 2.561669196337394983e-01 4.947454324842080475e-01 2.972584118037194800e-01 2.510116052389060881e-01 1.899918563309835884e-01 9.336178815390883123e-02 9.336178815390883123e-02
9.968530968021444005e-02 9.968530968021444005e-02 2.024530609836674711e-01 2.702871668523408322e-01 3.019358778802842536e-01 5.151176433955502176e-01 2.394862959113288892e-01 6.491172316198904335e-01 1.543564814842895427e-01 5.999494544487883330e-01 2.118435856977990694e-01 6.952836937321361654e-01 2.118435856977860521e-01 5.999494544487947723e-01 1.543564814842924571e-01 6.491172316199005365e-01 2.394862959113282785e-01 5.151176433955795275e-01 3.019358778803009069e-01 2.702871668523734172e-01 2.024530609836883988e-01 9.968530968023184280e-02 9.968530968023184280e-02
1.070613667346405340e-01 1.070613667346405340e-01 2.148367095238840896e-01 2.900180680123620180e-01 3.057272746433576383e-01 5.338248266141609744e-01 2.232544282528771962e-01 6.453047662381040661e-01 1.533557907934307296e-01 5.994595750719077243e-01 2.083554107270593203e-01 6.949651378599880358e-01 2.083554107270459144e-01 5.994595750719160510e-01 1.533557907934334219e-01 6.453047662381141691e-01 2.232544282528760304e-01 5.338248266141886189e-01 3.057272746433738475e-01 2.900180680123954358e-01 2.148367095239058777e-01 1.070613667346584780e-01 1.070613667346584780e-01
1.155948624681759213e-01 1.155948624681759213e-01 2.270911298538897394e-01 3.100687902187683198e-01 3.081097885824651272e-01 5.505604943027004872e-01 2.077425821923381544e-01 6.398318912508620393e-01 1.541472027149043134e-01 6.009164827685868904e-01 2.043038201534805587e-01 6.923831629204862947e-01 2.043038201534663756e-01 6.009164827685955501e-01 1.541472027149061175e-01 6.398318912508711431e-01 2.077425821923370441e-01 5.505604943027284648e-01 3.081097885824815030e-01 3.100687902188024037e-01 2.270911298539123602e-01 1.155948624681934767e-01 1.155948624681934767e-01
1.253278287782954858e-01 1.253278287782954858e-01 2.390831545990179108e-01 3.303075819936017177e-01 3.084572445133770824e-01 5.651248404888010723e-01 1.931626082476129158e-01 6.331014782777707461e-01 1.565258077802891279e-01 6.041750287400009523e-01 1.996908928822840879e-01 6.878085346154787505e-01 1.996908928822702656e-01 6.041750287400098340e-01 1.565258077802903214e-01 6.331014782777820704e-01 1.931626082476116113e-01 5.651248404888271626e-01 3.084572445133940133e-01 3.303075819936350244e-01 2.390831545990409202e-01 1.253278287783134437e-01 1.253278287783134437e-01
1.362317523143522502e-01 1.362317523143522502e-01 2.506022554856056073e-01 3.506125787653558423e-01 3.062136801350954229e-01 5.774284451616151781e-01 1.797091596117365575e-01 6.255823839899041783e-01 1.601418068310102305e-01 6.089711670804549559e-01 1.945650717150483877e-01 6.816636021748084806e-01 1.945650717150345377e-01 6.089711670804658361e-01 1.601418068310108134e-01 6.255823839899151695e-01 1.797091596117356693e-01 5.774284451616414904e-01 3.062136801351127424e-01 3.506125787653887604e-01 2.506022554856294771e-01 1.362317523143703468e-01 1.362317523143703468e-01
1.482123548050948703e-01 1.482123548050948703e-01 2.613893511166772154e-01 3.708755243235728472e-01 3.010528471980126741e-01 5.874806501860957431e-01 1.675896671453667164e-01 6.177617260303003288e-01 1.645332739834745039e-01 6.149316470803313228e-01 1.890302189733456817e-01 6.744513654788985013e-01 1.890302189733330529e-01 6.149316470803414258e-01 1.645332739834745872e-01 6.177617260303115421e-01 1.675896671453654119e-01 5.874806501861208341e-01 3.010528471980288279e-01 3.708755243236054877e-01 2.613893511167016959e-01 1.482123548051134942e-01 1.482123548051134942e-01
1.611256976976505606e-01 1.611256976976505606e-01 2.711785198571532440e-01 3.909995701504833110e-01 2.929776452981046608e-01 5.953682611704117500e-01 1.570260906058643657e-01 6.100966692039535566e-01 1.691837942593612532e-01 6.215988200944499997e-01 1.832463961114295659e-01 6.666835646064624976e-01 1.832463961114176032e-01 6.215988200944605468e-01 1.691837942593605038e-01 6.100966692039637707e-01 1.570260906058639772e-01 5.953682611704325112e-01 2.929776452981202595e-01 3.909995701505160071e-01 2.711785198571787237e-01 1.611256976976690181e-01 1.611256976976690181e-01
1.748020985860889442e-01 1.748020985860889442e-01 2.797382313031535617e-01 4.108907554046344890e-01 2.823333533232815773e-01 6.012315160747881970e-01 1.482248280799542128e-01 6.029739662738357042e-01 1.735922712953975044e-01 6.284707112869163392e-01 1.774201704319954831e-01 6.588214077628382626e-01 1.774201704319855466e-01 6.284707112869261092e-01 1.735922712953953395e-01 6.029739662738462513e-01 1.482248280799547957e-01 6.012315160748090692e-01 2.823333533232977866e-01 4.108907554046674626e-01 2.797382313031784307e-01 1.748020985861080123e-01 1.748020985861080123e-01
1.890728160226828325e-01 1.890728160226828325e-01 2.869013125281344445e-01 4.304460213503190080e-01 2.697350005034445108e-01 6.052432596120449482e-01 1.413248931225986882e-01 5.966834482337022294e-01 1.773399837191061423e-01 6.350523663615914582e-01 1.717839341371188711e-01 6.512373633608036227e-01 1.717839341371099893e-01 6.350523663616018943e-01 1.773399837191027006e-01 5.966834482337145529e-01 1.413248931225997707e-01 6.052432596120678188e-01 2.697350005034583886e-01 4.304460213503513155e-01 2.869013125281589249e-01 1.890728160227015953e-01 1.890728160227015953e-01
2.037940463769205568e-01 2.037940463769205568e-01 2.925780701702453412e-01 4.495425464508049362e-01 2.559339673440596541e-01 6.075946718442117866e-01 1.363444877006958766e-01 5.914083813791639610e-01 1.801412738643029809e-01 6.409106647206368468e-01 1.665661354389327553e-01 6.442000029636560932e-01 1.665661354389261772e-01 6.409106647206461727e-01 1.801412738642974853e-01 5.914083813791761735e-01 1.363444877006980971e-01 6.075946718442308825e-01 2.559339673440726992e-01 4.495425464508367441e-01 2.925780701702690445e-01 2.037940463769399024e-01 2.037940463769399024e-01
2.188634924510499125e-01 2.188634924510499125e-01 2.967526836249940181e-01 4.680330327797919132e-01 2.416646599146202168e-01 6.084878468525108941e-01 1.331487273502081070e-01 5.872319380973254344e-01 1.818684218455108303e-01 6.457225710028616783e-01 1.619570054526311975e-01 6.378781052048592137e-01 1.619570054526266734e-01 6.457225710028700050e-01 1.818684218455041690e-01 5.872319380973385350e-01 1.331487273502111046e-01 6.084878468525283246e-01 2.416646599146326235e-01 4.680330327798236656e-01 2.967526836250168887e-01 2.188634924510683977e-01 2.188634924510683977e-01
2.342263957728638324e-01 2.342263957728638324e-01 2.994673357548769954e-01 4.857494862862319907e-01 2.275147919202740454e-01 6.081330780038125550e-01 1.314554588350240194e-01 5.841558981714694010e-01 1.825470963593750218e-01 6.493070506702904865e-01 1.580765517477749071e-01 6.323566215462663731e-01 1.580765517477724647e-01 6.493070506702995903e-01 1.825470963593672225e-01 5.841558981714823906e-01 1.314554588350279885e-01 6.081330780038294304e-01 2.275147919202859803e-01 4.857494862862620222e-01 2.994673357548989778e-01 2.342263957728828172e-01 2.342263957728828172e-01
2.498701046486982436e-01 2.498701046486982436e-01 3.008005496623114561e-01 5.025149461371786197e-01 2.138525711583164068e-01 6.067475458002375976e-01 1.308837445860012161e-01 5.821258598953094054e-01 1.823249031723817581e-01 6.516337535272475057e-01 1.549524368366938520e-01 6.276563702568765946e-01 1.549524368366937688e-01 6.516337535272552772e-01 1.823249031723721270e-01 5.821258598953228391e-01 1.308837445860053517e-01 6.067475458002535849e-01 2.138525711583279809e-01 5.025149461372080406e-01 3.008005496623331054e-01 2.498701046487175892e-01 2.498701046487175892e-01
2.658085379881365840e-01 2.658085379881365840e-01 3.008458429639162546e-01 5.181597988025179458e-01 2.008249126540050389e-01 6.045523508617494102e-01 1.310348430777590889e-01 5.810570316408913971e-01 1.814207311659374322e-01 6.528064184265426340e-01 1.525142585085722813e-01 6.237512383580186004e-01 1.525142585085739466e-01 6.528064184265490733e-01 1.814207311659267186e-01 5.810570316409054969e-01 1.310348430777640849e-01 6.045523508617660635e-01 2.008249126540163076e-01 5.181597988025471446e-01 3.008458429639379039e-01 2.658085379881560129e-01 2.658085379881560129e-01
2.820598694597325484e-01 2.820598694597325484e-01 2.996948749320048067e-01 5.325378279841508355e-01 1.884190552637896865e-01 6.017661619077241397e-01 1.315834166713222286e-01 5.808559174187738483e-01 1.800659338753059502e-01 6.530245098020123207e-01 1.506076052974794077e-01 6.205802096246774147e-01 1.506076052974827939e-01 6.530245098020195371e-01 1.800659338752944871e-01 5.808559174187882812e-01 1.315834166713272801e-01 6.017661619077395718e-01 1.884190552637999838e-01 5.325378279841790352e-01 2.996948749320244021e-01 2.820598694597522549e-01 2.820598694597522549e-01
2.986220437418269924e-01 2.986220437418269924e-01 2.974268697039310072e-01 5.455374682056370883e-01 1.765622835632608967e-01 5.985955740237821621e-01 1.323514457631525532e-01 5.814353018314601940e-01 1.784494369305754946e-01 6.525313873761733330e-01 1.490266353047275949e-01 6.180552473370101163e-01 1.490266353047332015e-01 6.525313873761797723e-01 1.784494369305638650e-01 5.814353018314748489e-01 1.323514457631574104e-01 5.985955740237982603e-01 1.765622835632711385e-01 5.455374682056643998e-01 2.974268697039503251e-01 2.986220437418474205e-01 2.986220437418474205e-01
3.154511206538558321e-01 3.154511206538558321e-01 2.941042244234848280e-01 5.570855878925476956e-01 1.652257468302866517e-01 5.952239693501190088e-01 1.333408964802195451e-01 5.827220965621188187e-01 1.766776187118619945e-01 6.515600975947253293e-01 1.475589586741498649e-01 6.160685483391845629e-01 1.475589586741562209e-01 6.515600975947305473e-01 1.766776187118500319e-01 5.827220965621338067e-01 1.333408964802240415e-01 5.952239693501347739e-01 1.652257468302960886e-01 5.570855878925743410e-01 2.941042244235033132e-01 3.154511206538762602e-01 3.154511206538762602e-01
3.324468583521485998e-01 3.324468583521485998e-01 2.897733323970048125e-01 5.671437109356807227e-01 1.545004311316150181e-01 5.918017332358554983e-01 1.347126826296579927e-01 5.846591648357845061e-01 1.747566216907724401e-01 6.502880025382409279e-01 1.460327185086009727e-01 6.145030764925941691e-01 1.460327185086074675e-01 6.502880025382467011e-01 1.747566216907606718e-01 5.846591648357992721e-01 1.347126826296622393e-01 5.918017332358721516e-01 1.545004311316236500e-01 5.671437109357071460e-01 2.897733323970211883e-01 3.324468583521698606e-01 3.324468583521698606e-01
3.494485005105783526e-01 3.494485005105783526e-01 2.844696577765055134e-01 5.756988891975974854e-01 1.446246089815334257e-01 5.884408126816551565e-01 1.367154013053659412e-01 5.872028694357788181e-01 1.726002232503518752e-01 6.488089927553523095e-01 1.443542469973344566e-01 6.132485161534519946e-01 1.443542469973418674e-01 6.488089927553575276e-01 1.726002232503413281e-01 5.872028694357943612e-01 1.367154013053696326e-01 5.884408126816708107e-01 1.446246089815419467e-01 5.756988891976229095e-01 2.844696577765210566e-01 3.494485005106002795e-01 3.494485005106002795e-01
3.662416925309956439e-01 3.662416925309956439e-01 2.782264575783143790e-01 5.827526708049558524e-01 1.359583742336228640e-01 5.852157747955257783e-01 1.395827605253282810e-01 5.903178850187174032e-01 1.700612995272501871e-01 6.471276767012913433e-01 1.425262390004955748e-01 6.122216175430054141e-01 1.425262390005028468e-01 6.471276767012968945e-01 1.700612995272405559e-01 5.903178850187319471e-01 1.395827605253319448e-01 5.852157747955417655e-01 1.359583742336316903e-01 5.827526708049800552e-01 2.782264575783294780e-01 3.662416925310180704e-01 3.662416925310180704e-01
3.825752097004459507e-01 3.825752097004459507e-01 2.710866327063731762e-01 5.883114719640474277e-01 1.289168552406582124e-01 5.821719446263242670e-01 1.434287237116485259e-01 5.939701800267689347e-01 1.669801080414291539e-01 6.451748360371094559e-01 1.406408945210504968e-01 6.113866297999697164e-01 1.406408945210577133e-01 6.451748360371143409e-01 1.669801080414200778e-01 5.939701800267827014e-01 1.434287237116520231e-01 5.821719446263398101e-01 1.289168552406663171e-01 5.883114719640711865e-01 2.710866327063879977e-01 3.825752097004690988e-01 3.825752097004690988e-01
3.981841860493736673e-01 3.981841860493736673e-01 2.631166215877924208e-01 5.923804116191196956e-01 1.238846643164937394e-01 5.793392895457395442e-01 1.481709750972298179e-01 5.981185115308312872e-01 1.632389467645126158e-01 6.428388385667728189e-01 1.388488998797041407e-01 6.107694857111475306e-01 1.388488998797102192e-01 6.428388385667782590e-01 1.632389467645045944e-01 5.981185115308464972e-01 1.481709750972336481e-01 5.793392895457560865e-01 1.238846643165022465e-01 5.923804116191430102e-01 2.631166215878064651e-01 3.981841860493972596e-01 3.981841860493972596e-01
4.128152104753706753e-01 4.128152104753706753e-01 2.544201006858428094e-01 5.949609677311163969e-01 1.211373359907642611e-01 5.767489979185747018e-01 1.535057979540317141e-01 6.027046686006589660e-01 1.588109638228899778e-01 6.400046770893438319e-01 1.373117548962518863e-01 6.104595305698254926e-01 1.373117548962572154e-01 6.400046770893486059e-01 1.588109638228825393e-01 6.027046686006731768e-01 1.535057979540353501e-01 5.767489979185906890e-01 1.211373359907726849e-01 5.949609677311390454e-01 2.544201006858558545e-01 4.128152104753946561e-01 4.128152104753946561e-01
4.262483124720390926e-01 4.262483124720390926e-01 2.451480421829830836e-01 5.960514242257831663e-01 1.207908038477702312e-01 5.744486818095685399e-01 1.589430746932944671e-01 6.076431545611976626e-01 1.537914949297988221e-01 6.365914759824805591e-01 1.361499239778784787e-01 6.105950352323743502e-01 1.361499239778826142e-01 6.365914759824853331e-01 1.537914949297927991e-01 6.076431545612120955e-01 1.589430746932982974e-01 5.744486818095843050e-01 1.207908038477788770e-01 5.960514242258051487e-01 2.451480421829950462e-01 4.262483124720631844e-01 4.262483124720631844e-01
4.383116032229728010e-01 4.383116032229728010e-01 2.355011412778901803e-01 5.956485488857371502e-01 1.227896432727677706e-01 5.725121624735695081e-01 1.638931553861372459e-01 6.128118234370176776e-01 1.484034049211128137e-01 6.325807045348792457e-01 1.354010612514811029e-01 6.113328625793009730e-01 1.354010612514842671e-01 6.325807045348834645e-01 1.484034049211073458e-01 6.128118234370308892e-01 1.638931553861410761e-01 5.725121624735848291e-01 1.227896432727767495e-01 5.956485488857582444e-01 2.355011412779016988e-01 4.383116032229961156e-01 4.383116032229961156e-01
4.488860394373864748e-01 4.488860394373864748e-01 2.257213885951916688e-01 5.937493975805403501e-01 1.269326020531766352e-01 5.710409357356543980e-01 1.677828184099124653e-01 6.180457778310073369e-01 1.429731105777224398e-01 6.280303907813112874e-01 1.350004338616959954e-01 6.128072650497354834e-01 1.350004338616981880e-01 6.280303907813148401e-01 1.429731105777181099e-01 6.180457778310205486e-01 1.677828184099167397e-01 5.710409357356693860e-01 1.269326020531856281e-01 5.937493975805605562e-01 2.257213885952022436e-01 4.488860394374100116e-01 4.488860394374100116e-01
4.579000781656313857e-01 4.579000781656313857e-01 2.160718153129169983e-01 5.903532414856363930e-01 1.329237418223002398e-01 5.701563939296996342e-01 1.701696757757593659e-01 6.231371458824077614e-01 1.378803460064526865e-01 6.230743611742176613e-01 1.347900298159567245e-01 6.150865041223586571e-01 1.347900298159580013e-01 6.230743611742209920e-01 1.378803460064495778e-01 6.231371458824208620e-01 1.701696757757631961e-01 5.701563939297144001e-01 1.329237418223092049e-01 5.903532414856559329e-01 2.160718153129269348e-01 4.579000781656544783e-01 4.579000781656544783e-01
4.653163699781155405e-01 4.653163699781155405e-01 2.068067648388899060e-01 5.854647200766500692e-01 1.404321392675892954e-01 5.699841602541136920e-01 1.708253122167906757e-01 6.278428689358180881e-01 1.334909773242542452e-01 6.179088580018288202e-01 1.345551054668168156e-01 6.181376592816184568e-01 1.345551054668173430e-01 6.179088580018318178e-01 1.334909773242520248e-01 6.278428689358298564e-01 1.708253122167940896e-01 5.699841602541276808e-01 1.404321392675977054e-01 5.854647200766671666e-01 2.068067648388989821e-01 4.653163699781378559e-01 4.653163699781378559e-01
4.711145275958863454e-01 4.711145275958863454e-01 1.981384931252525017e-01 5.790997736937943952e-01 1.491435345800970758e-01 5.706338130232349037e-01 1.697667038291441055e-01 6.319012987381388280e-01 1.300868146659421298e-01 6.127709717164245840e-01 1.340791911753372589e-01 6.218090314476157898e-01 1.340791911753372034e-01 6.127709717164274705e-01 1.300868146659408808e-01 6.319012987381500412e-01 1.697667038291464925e-01 5.706338130232488925e-01 1.491435345801048751e-01 5.790997736938110485e-01 1.981384931252618276e-01 4.711145275959088830e-01 4.711145275959088830e-01
4.752749307219327757e-01 4.752749307219327757e-01 1.902082698365827329e-01 5.712953243101901446e-01 1.587926226191548607e-01 5.721782819114067387e-01 1.672301373653335421e-01 6.350564766958071150e-01 1.278081481678422782e-01 6.079138293975083762e-01 1.332030170515019485e-01 6.258360321669611537e-01 1.332030170515010881e-01 6.079138293975114848e-01 1.278081481678422227e-01 6.350564766958178842e-01 1.672301373653355960e-01 5.721782819114206164e-01 1.587926226191613832e-01 5.712953243102051326e-01 1.902082698365921420e-01 4.752749307219550912e-01 4.752749307219550912e-01
4.777682257979448677e-01 4.777682257979448677e-01 1.830704136817506433e-01 5.621221368986778488e-01 1.691725108259538868e-01 5.746370197405394897e-01 1.635975734483800792e-01 6.370869402131024151e-01 1.266229511358129278e-01 6.035826190441425654e-01 1.318711018024183168e-01 6.298711558631878704e-01 1.318711018024172621e-01 6.035826190441454520e-01 1.266229511358143156e-01 6.370869402131115189e-01 1.635975734483812727e-01 5.746370197405541447e-01 1.691725108259590493e-01 5.621221368986926148e-01 1.830704136817597472e-01 4.777682257979676272e-01 4.777682257979676272e-01
4.785536878004662542e-01 4.785536878004662542e-01 1.766953841766787936e-01 5.516983520414129316e-01 1.801253799661244881e-01 5.779658208596127889e-01 1.592976669853575500e-01 6.378343559326988821e-01 1.263314572283158743e-01 5.999939258631812322e-01 1.301525023630843436e-01 6.335328507128676900e-01 1.301525023630824007e-01 5.999939258631838968e-01 1.263314572283187609e-01 6.378343559327070977e-01 1.592976669853584937e-01 5.779658208596278879e-01 1.801253799661287347e-01 5.516983520414254771e-01 1.766953841766887301e-01 4.785536878004873484e-01 4.785536878004873484e-01
4.775872685097336534e-01 4.775872685097336534e-01 1.709935069126421736e-01 5.401996367296868495e-01 1.915232265538858725e-01 5.820543559996255167e-01 1.547091696325638144e-01 6.372267086448538675e-01 1.266071094472702163e-01 5.973192620822704857e-01 1.282288449337622982e-01 6.364633477792812633e-01 1.282288449337596337e-01 5.973192620822737053e-01 1.266071094472744629e-01 6.372267086448600848e-01 1.547091696325645638e-01 5.820543559996395055e-01 1.915232265538885925e-01 5.401996367296985069e-01 1.709935069126519158e-01 4.775872685097544146e-01 4.775872685097544146e-01
4.748375306038872812e-01 4.748375306038872812e-01 1.658552440611482659e-01 5.278614964889114525e-01 2.032485767917298902e-01 5.867307859797554759e-01 1.500919825358995041e-01 6.352914178184123628e-01 1.270663850585160015e-01 5.956726723177128147e-01 1.263515315129256911e-01 6.383831115442752946e-01 1.263515315129226102e-01 5.956726723177164784e-01 1.270663850585212751e-01 6.352914178184181360e-01 1.500919825359003368e-01 5.867307859797703529e-01 2.032485767917312780e-01 5.278614964889214445e-01 1.658552440611585355e-01 4.748375306039067656e-01 4.748375306039067656e-01
4.703054217472221743e-01 4.703054217472221743e-01 1.611987364893245067e-01 5.149704020539314087e-01 2.151825059551582819e-01 5.917717813061318388e-01 1.455618300432900969e-01 6.321555139952070856e-01 1.273527501087751979e-01 5.951021220061718520e-01 1.247785590859571414e-01 6.391302837432057959e-01 1.247785590859531585e-01 5.951021220061766259e-01 1.273527501087815261e-01 6.321555139952120816e-01 1.455618300432915679e-01 5.917717813061478260e-01 2.151825059551589481e-01 5.149704020539414007e-01 1.611987364893358587e-01 4.703054217472411591e-01 4.703054217472411591e-01
4.640425660143780440e-01 4.640425660143780440e-01 1.570122535073442682e-01 5.018428470598075286e-01 2.272026069946617155e-01 5.969161641630300608e-01 1.411113947404661895e-01 6.280324685445342059e-01 1.272158654270711120e-01 5.955848644272818682e-01 1.237073102027720084e-01 6.386771873802181698e-01 1.237073102027676924e-01 5.955848644272861980e-01 1.272158654270782452e-01 6.280324685445386468e-01 1.411113947404681879e-01 5.969161641630448267e-01 2.272026069946622984e-01 5.018428470598179647e-01 1.570122535073560921e-01 4.640425660143952524e-01 4.640425660143952524e-01
4.561628012327806903e-01 4.561628012327806903e-01 1.533793139806453876e-01 4.887946117041582217e-01 2.391887094187297169e-01 6.018810146843918130e-01 1.366677037359383950e-01 6.231978163825411254e-01 1.265673811472393939e-01 5.970276873068958157e-01 1.232212496204483088e-01 6.371216371641672538e-01 1.232212496204437707e-01 5.970276873069004786e-01 1.265673811472471377e-01 6.231978163825447892e-01 1.366677037359409763e-01 6.018810146844055797e-01 2.391887094187303830e-01 4.887946117041681582e-01 1.533793139806573502e-01 4.561628012327973436e-01 4.561628012327973436e-01
4.468431005952157031e-01 4.468431005952157031e-01 1.504778377444885296e-01 4.761054277956845437e-01 2.510309492805967158e-01 6.063798923184045009e-01 1.321662272924973569e-01 6.179577096553173776e-01 1.254994352632988752e-01 5.992733333514733696e-01 1.232651433489894977e-01 6.346568671696330988e-01 1.232651433489853482e-01 5.992733333514773664e-01 1.254994352633067023e-01 6.179577096553217075e-01 1.321662272925006321e-01 6.063798923184182676e-01 2.510309492805967713e-01 4.761054277956940917e-01 1.504778377445011028e-01 4.468431005952295254e-01 4.468431005952295254e-01
4.363124688999856504e-01 4.363124688999856504e-01 1.485509927226280891e-01 4.639860280930772629e-01 2.626342444970521384e-01 6.101431570137384464e-01 1.276188954625447070e-01 6.126155306077893936e-01 1.242603914301173701e-01 6.021140698624933840e-01 1.236560181951025933e-01 6.315286461154052677e-01 1.236560181950986520e-01 6.021140698624973808e-01 1.242603914301250723e-01 6.126155306077936125e-01 1.276188954625485650e-01 6.101431570137514360e-01 2.626342444970529710e-01 4.639860280930871439e-01 1.485509927226408011e-01 4.363124688999986400e-01 4.363124688999986400e-01
4.248303074752295405e-01 4.248303074752295405e-01 1.478548259547018406e-01 4.525546472447715685e-01 2.739152898467756558e-01 6.129398028132871934e-01 1.231565396745858965e-01 6.074415165646497305e-01 1.231925137470676335e-01 6.053122416042828746e-01 1.241275804148874728e-01 6.279903666024990727e-01 1.241275804148841561e-01 6.053122416042870935e-01 1.231925137470745724e-01 6.074415165646532833e-01 1.231565396745898933e-01 6.129398028132996279e-01 2.739152898467764885e-01 4.525546472447813384e-01 1.478548259547154964e-01 4.248303074752414199e-01 4.248303074752414199e-01
4.126583780036777727e-01 4.126583780036777727e-01 1.485942973917674659e-01 4.418283414822056221e-01 2.847918567266339296e-01 6.145987905179260968e-01 1.190347337482164924e-01 6.026491857019357079e-01 1.226457338135888003e-01 6.086259225499371928e-01 1.243968149311067417e-01 6.242661530775480694e-01 1.243968149311042992e-01 6.086259225499408565e-01 1.226457338135951147e-01 6.026491857019401488e-01 1.190347337482207390e-01 6.145987905179381983e-01 2.847918567266357059e-01 4.418283414822149480e-01 1.485942973917825372e-01 4.126583780036881532e-01 4.126583780036881532e-01
4.000321979440871756e-01 4.000321979440871756e-01 1.508631158795037397e-01 4.317314189450295325e-01 2.951679408222929180e-01 6.150261669801295739e-01 1.156029037372770935e-01 5.983806331407744983e-01 1.228880155569016253e-01 6.118360222944646543e-01 1.242354885335131692e-01 6.205288170682200510e-01 1.242354885335115039e-01 6.118360222944686511e-01 1.228880155569076205e-01 5.983806331407806045e-01 1.156029037372818674e-01 6.150261669801420084e-01 2.951679408222951939e-01 4.317314189450381923e-01 1.508631158795196714e-01 4.000321979440959463e-01 4.000321979440959463e-01
3.871380269075300196e-01 3.871380269075300196e-01 1.546026402249564558e-01 4.221195842349181881e-01 3.049206659767830230e-01 6.142131873110058260e-01 1.132466784464527115e-01 5.947010300141793993e-01 1.240343255807761780e-01 6.147700556386335169e-01 1.235279579518307469e-01 6.168949432120462983e-01 1.235279579518304138e-01 6.147700556386375137e-01 1.240343255807817430e-01 5.947010300141847283e-01 1.132466784464578602e-01 6.142131873110165952e-01 3.049206659767845773e-01 4.221195842349280691e-01 1.546026402249729426e-01 3.871380269075391789e-01 3.871380269075391789e-01
3.741004512300479812e-01 3.741004512300479812e-01 1.595909364355827254e-01 4.128149953897327640e-01 3.138949070635135286e-01 6.122310499692263930e-01 1.123200016872147322e-01 5.916013642562102381e-01 1.260122712265184797e-01 6.173177831672330695e-01 1.223004074253463691e-01 6.134348982104532721e-01 1.223004074253467993e-01 6.173177831672367333e-01 1.260122712265239475e-01 5.916013642562160113e-01 1.123200016872205609e-01 6.122310499692374952e-01 3.138949070635150274e-01 4.128149953897422009e-01 1.595909364355998783e-01 3.741004512300570850e-01 3.741004512300570850e-01
3.609832081664240411e-01 3.609832081664240411e-01 1.654658722615593436e-01 4.036451088453826275e-01 3.219092853220716921e-01 6.092100888396078107e-01 1.130849667101925804e-01 5.890078481915863584e-01 1.285738281130761884e-01 6.194352740598320084e-01 1.207143646802941034e-01 6.101922885864992097e-01 1.207143646802952414e-01 6.194352740598362272e-01 1.285738281130811844e-01 5.890078481915931308e-01 1.130849667101989225e-01 6.092100888396185798e-01 3.219092853220729133e-01 4.036451088453917868e-01 1.654658722615769406e-01 3.609832081664329784e-01 3.609832081664329784e-01
3.478028792775483824e-01 3.478028792775483824e-01 1.717777437268144802e-01 3.944774682834243928e-01 3.287733240261334067e-01 6.053050172862048939e-01 1.156736659503783682e-01 5.867964307467828933e-01 1.313512275848467692e-01 6.211363830861287294e-01 1.190269063553983098e-01 6.072059989147007286e-01 1.190269063553999473e-01 6.211363830861332813e-01 1.313512275848516264e-01 5.867964307467896656e-01 1.156736659503855430e-01 6.053050172862152190e-01 3.287733240261343504e-01 3.944774682834334412e-01 1.717777437268326601e-01 3.478028792775567091e-01 3.478028792775567091e-01
3.345521520198917464e-01 3.345521520198917464e-01 1.780595890493023581e-01 3.852436133785400729e-01 3.343115046016734149e-01 6.006520932569792137e-01 1.200790309511712978e-01 5.848111830220394936e-01 1.339437861111066608e-01 6.224735355016625116e-01 1.175287070745056200e-01 6.045284463025067945e-01 1.175287070745074103e-01 6.224735355016677296e-01 1.339437861111111294e-01 5.848111830220465990e-01 1.200790309511795273e-01 6.006520932569888727e-01 3.343115046016750802e-01 3.852436133785482886e-01 1.780595890493204270e-01 3.345521520198996845e-01 3.345521520198996845e-01
3.212272030965740433e-01 3.212272030965740433e-01 1.838990243008506997e-01 3.759477859697413216e-01 3.383871945873988540e-01 5.953275029308940924e-01 1.261730647271761541e-01 5.828855480542520784e-01 1.360141308956848705e-01 6.235122554465297728e-01 1.164766214938477568e-01 6.022356098209813435e-01 1.164766214938496441e-01 6.235122554465356570e-01 1.360141308956887285e-01 5.828855480542585177e-01 1.261730647271846473e-01 5.953275029309035293e-01 3.383871945874014076e-01 3.759477859697483160e-01 1.838990243008684355e-01 3.212272030965805936e-01 3.212272030965805936e-01
3.078529014204467451e-01 3.078529014204467451e-01 1.889952985428911825e-01 3.666595135431544028e-01 3.409189745579309094e-01 5.893175557555009325e-01 1.337436305699742090e-01 5.808652077455584983e-01 1.373691934974922979e-01 6.243053257955674118e-01 1.160383690481314733e-01 6.004269954578328461e-01 1.160383690481331248e-01 6.243053257955742952e-01 1.373691934974956563e-01 5.808652077455647156e-01 1.337436305699832018e-01 5.893175557555099253e-01 3.409189745579329078e-01 3.666595135431600094e-01 1.889952985429080856e-01 3.078529014204510750e-01 3.078529014204510750e-01
2.945001450908749097e-01 2.945001450908749097e-01 1.931893437629428611e-01 3.574926873832388607e-01 3.418840392714233567e-01 5.825097008927715425e-01 1.425370758836618790e-01 5.786305303067597050e-01 1.380045520597652509e-01 6.248724292708995876e-01 1.162630017745153455e-01 5.992162421033814246e-01 1.162630017745169414e-01 6.248724292709074701e-01 1.380045520597677766e-01 5.786305303067657002e-01 1.425370758836708718e-01 5.825097008927794251e-01 3.418840392714266874e-01 3.574926873832449670e-01 1.931893437629589316e-01 2.945001450908783514e-01 2.945001450908783514e-01
2.812915568665125265e-01 2.812915568665125265e-01 1.964617656505475152e-01 3.485766438319053973e-01 3.413074749351543424e-01 5.747090172990825252e-01 1.522943262467321146e-01 5.761154796418614943e-01 1.380996622583497424e-01 6.251896308724080864e-01 1.170833890888235695e-01 5.987150193969739131e-01 1.170833890888249573e-01 6.251896308724158580e-01 1.380996622583515465e-01 5.761154796418677115e-01 1.522943262467410241e-01 5.747090172990896306e-01 3.413074749351575621e-01 3.485766438319102267e-01 1.964617656505621146e-01 2.812915568665143029e-01 2.812915568665143029e-01
2.683944793565680720e-01 2.683944793565680720e-01 1.989020219647143761e-01 3.400263707411320668e-01 3.392410087432037868e-01 5.656786899556437431e-01 1.627722374720695087e-01 5.733190487328539975e-01 1.379641425976436409e-01 6.251905567991384860e-01 1.183481064376171454e-01 5.990139386375707975e-01 1.183481064376185748e-01 6.251905567991467016e-01 1.379641425976442237e-01 5.733190487328604368e-01 1.627722374720774745e-01 5.656786899556499604e-01 3.392410087432080612e-01 3.400263707411375069e-01 1.989020219647282817e-01 2.683944793565689602e-01 2.683944793565689602e-01
2.560030690913728812e-01 2.560030690913728812e-01 2.006592065441898665e-01 3.319189468636013496e-01 3.357386950319167229e-01 5.551966938979004951e-01 1.737483532000051456e-01 5.703053679009719712e-01 1.379483962929266283e-01 6.247782815743629925e-01 1.198723330358051758e-01 6.001643634638992308e-01 1.198723330358066747e-01 6.247782815743712082e-01 1.379483962929266561e-01 5.703053679009788546e-01 1.737483532000119735e-01 5.551966938979057131e-01 3.357386950319214414e-01 3.319189468636067342e-01 2.006592065442027450e-01 2.560030690913718265e-01 2.560030690913718265e-01
2.443136142471530603e-01 2.443136142471530603e-01 2.018889722051757651e-01 3.242816803377283619e-01 3.308385801251602087e-01 5.431162543674695753e-01 1.850135745738237525e-01 5.671900850444937525e-01 1.383419744381650662e-01 6.238444691077917881e-01 1.214927303330211317e-01 6.021644162068078288e-01 1.214927303330231301e-01 6.238444691078017801e-01 1.383419744381650107e-01 5.671900850445010800e-01 1.850135745738289705e-01 5.431162543674727949e-01 3.308385801251654823e-01 3.242816803377346901e-01 2.018889722051882829e-01 2.443136142471500349e-01 2.443136142471500349e-01
2.334984788373429543e-01 2.334984788373429543e-01 2.027111259353739092e-01 3.170944968805841646e-01 3.245579906188713615e-01 5.294160239915174371e-01 1.963614760563018868e-01 5.641134143513900634e-01 1.392873395331959419e-01 6.222908028198481656e-01 1.231109367033592084e-01 6.049513873979798229e-01 1.231109367033613039e-01 6.222908028198559371e-01 1.392873395331952757e-01 5.641134143513990562e-01 1.963614760563060224e-01 5.294160239915203237e-01 3.245579906188780783e-01 3.170944968805916031e-01 2.027111259353861217e-01 2.334984788373390685e-01 2.334984788373390685e-01
