# L = 12 / J = 1 / lamb = 0.8
# particle_position = 5
# final_time = 10 / steps = 100
0.000000000000000000e+00 0.000000000000000000e+00 0.000000000000000000e+00 0.000000000000000000e+00 0.000000000000000000e+00 0.000000000000000000e+00 0.000000000000000000e+00 0.000000000000000000e+00 0.000000000000000000e+00 0.000000000000000000e+00 1.000000000000000000e+00 1.000000000000000000e+00 1.000000000000000000e+00 0.000000000000000000e+00 0.000000000000000000e+00 0.000000000000000000e+00 0.000000000000000000e+00 0.000000000000000000e+00 0.000000000000000000e+00 0.000000000000000000e+00 0.000000000000000000e+00 0.000000000000000000e+00 0.000000000000000000e+00
6.300960541276164929e-03 6.300960541276164929e-03 1.252126423843823513e-02 6.301141528098012055e-03 1.252144520189975470e-02 6.301141528574799935e-03 1.252144557719421340e-02 6.301141901897113970e-03 1.260636059547409239e-02 6.386068475091687298e-03 9.873936283065778419e-01 9.936988577392430466e-01 9.873936283065779529e-01 6.386068475091741942e-03 1.260636059547420862e-02 6.301141901897190298e-03 1.252144557719434177e-02 6.301141528574851110e-03 1.252144520189992644e-02 6.301141528098117874e-03 1.252126423843846585e-02 6.300960541276265543e-03 6.300960541276265543e-03
2.405313267197622257e-02 2.405313267197622257e-02 4.687465057202868518e-02 2.406421372696526673e-02 4.688572392136721584e-02 2.406421419561689465e-02 4.688581738457929526e-02 2.406430573529130118e-02 4.818516872933841649e-02 2.536450965269391664e-02 9.518140889626428569e-01 9.759356062900848006e-01 9.518140889626424128e-01 2.536450965269408664e-02 4.818516872933875650e-02 2.406430573529153363e-02 4.688581738457975323e-02 2.406421419561713057e-02 4.688572392136790973e-02 2.406421372696572122e-02 4.687465057202954560e-02 2.405313267197667360e-02 2.405313267197667360e-02
5.007511376801414976e-02 5.007511376801414976e-02 9.438394185560472494e-02 5.019236409990155551e-02 9.450092975383880822e-02 5.019238936541871310e-02 9.450321741436934486e-02 5.019457473514753187e-02 1.006092683886215394e-01 5.631218913758451183e-02 8.993817267226158485e-01 9.498033283436841945e-01 8.993817267226154044e-01 5.631218913758488653e-02 1.006092683886222611e-01 5.019457473514801760e-02 9.450321741437031631e-02 5.019238936541938617e-02 9.450092975384036253e-02 5.019236409990276981e-02 9.438394185560697314e-02 5.007511376801534325e-02 5.007511376801534325e-02
7.989337168554355717e-02 7.989337168554355717e-02 1.434617550486119997e-01 8.048773094093507330e-02 1.440527494742650794e-01 8.048813995084372341e-02 1.440741720450685048e-01 8.050794045181880465e-02 1.614597001816096555e-01 9.796993752780197573e-02 8.384860260307486213e-01 9.194731518228481670e-01 8.384860260307475111e-01 9.796993752780269737e-02 1.614597001816108768e-01 8.050794045181967895e-02 1.440741720450698371e-01 8.048813995084500017e-02 1.440527494742678827e-01 8.048773094093703007e-02 1.434617550486156634e-01 7.989337168554594415e-02 7.989337168554594415e-02
1.087499194445971096e-01 1.087499194445971096e-01 1.829399233636089528e-01 1.107370901416760700e-01 1.849027832735234134e-01 1.107404819245485922e-01 1.850202746233314266e-01 1.108449078733692444e-01 2.221279855570445494e-01 1.482838736915024214e-01 7.776507303678460437e-01 8.890564211901545999e-01 7.776507303678451555e-01 1.482838736915033928e-01 2.221279855570463257e-01 1.108449078733707155e-01 1.850202746233337303e-01 1.107404819245507155e-01 1.849027832735269383e-01 1.107370901416789150e-01 1.829399233636137823e-01 1.087499194446003015e-01 1.087499194446003015e-01
1.326144520398429560e-01 1.326144520398429560e-01 2.051209037911208288e-01 1.376678687257759381e-01 2.100551541336060646e-01 1.376861704145657950e-01 2.105112984903208806e-01 1.380745362728170167e-01 2.757907509592698037e-01 2.044266167511049614e-01 7.235115643339812275e-01 8.615655310655523369e-01 7.235115643339798952e-01 2.044266167511065990e-01 2.757907509592724682e-01 1.380745362728189596e-01 2.105112984903236284e-01 1.376861704145685705e-01 2.100551541336102279e-01 1.376678687257794353e-01 2.051209037911255473e-01 1.326144520398470361e-01 1.326144520398470361e-01
1.489476288828484873e-01 1.489476288828484873e-01 2.076212453857877727e-01 1.594955286213477763e-01 2.177297876809244082e-01 1.595686165745191232e-01 2.191165187179482110e-01 1.606983001107932796e-01 3.186925827003694311e-01 2.630668111937309872e-01 6.794830702834649960e-01 8.382873291232419977e-01 6.794830702834637748e-01 2.630668111937329856e-01 3.186925827003724843e-01 1.606983001107959996e-01 2.191165187179513474e-01 1.595686165745234253e-01 2.177297876809293764e-01 1.594955286213526613e-01 2.076212453857923246e-01 1.489476288828538442e-01 1.489476288828538442e-01
1.570444474763727782e-01 1.570444474763727782e-01 1.935077235367967941e-01 1.759558826709438084e-01 2.111207116783258009e-01 1.761893785241654964e-01 2.146262433351066867e-01 1.789262206135893429e-01 3.504238785973713965e-01 3.208409996139793829e-01 6.454517764582112793e-01 8.187308446754655300e-01 6.454517764582105022e-01 3.208409996139819920e-01 3.504238785973748382e-01 1.789262206135927014e-01 2.146262433351104892e-01 1.761893785241711308e-01 2.111207116783309079e-01 1.759558826709495261e-01 1.935077235368002357e-01 1.570444474763786069e-01 1.570444474763786069e-01
1.579119347250299010e-01 1.579119347250299010e-01 1.698028025129908192e-01 1.879014058003070919e-01 1.965848260382703216e-01 1.885292313684694965e-01 2.042427760639032031e-01 1.942840575478123888e-01 3.732182974131998399e-01 3.748886072771289713e-01 6.184983318727473867e-01 8.011122880260769241e-01 6.184983318727468316e-01 3.748886072771311362e-01 3.732182974132035036e-01 1.942840575478165244e-01 2.042427760639071999e-01 1.885292313684762411e-01 1.965848260382755119e-01 1.879014058003147525e-01 1.698028025129937890e-01 1.579119347250363403e-01 1.579119347250363403e-01
1.537639905304195309e-01 1.537639905304195309e-01 1.449560671785531663e-01 1.966693155239956081e-01 1.810459400595345603e-01 1.981404503300916164e-01 1.958841988078364460e-01 2.089468801730335057e-01 3.905999090836050347e-01 4.232791004252234868e-01 5.943347166265806614e-01 7.831676736091246482e-01 5.943347166265813275e-01 4.232791004252257627e-01 3.905999090836095311e-01 2.089468801730386960e-01 1.958841988078409424e-01 1.981404503300999986e-01 1.810459400595397228e-01 1.966693155240051005e-01 1.449560671785551091e-01 1.537639905304264698e-01 1.537639905304264698e-01
1.473099240423471068e-01 1.473099240423471068e-01 1.261680881235598406e-01 2.034670717349155999e-01 1.696146197575298109e-01 2.065460520523511589e-01 1.955876524081097967e-01 2.250397072162921563e-01 4.058820365820556830e-01 4.651974775440461674e-01 5.689465873362192783e-01 7.629971553375169968e-01 5.689465873362189452e-01 4.651974775440479437e-01 4.058820365820599019e-01 2.250397072162975687e-01 1.955876524081148760e-01 2.065460520523611787e-01 1.696146197575357506e-01 2.034670717349271463e-01 1.261680881235616725e-01 1.473099240423550726e-01 1.473099240423550726e-01
1.410473242277610617e-01 1.410473242277610617e-01 1.174277445259414160e-01 2.089730816297954430e-01 1.642532982975919154e-01 2.148312425695322880e-01 2.058720072436208970e-01 2.441029091270017215e-01 4.210102442449510374e-01 5.008387199749665397e-01 5.399123890614176968e-01 7.396697673589591737e-01 5.399123890614188070e-01 5.008387199749676499e-01 4.210102442449557003e-01 2.441029091270088547e-01 2.058720072436266701e-01 2.148312425695438621e-01 1.642532982975978550e-01 2.089730816298087379e-01 1.174277445259438862e-01 1.410473242277701933e-01 1.410473242277701933e-01
1.367401281326834916e-01 1.367401281326834916e-01 1.188128766564710698e-01 2.132477970067105655e-01 1.638465419611003504e-01 2.235101272793192095e-01 2.254962113271870572e-01 2.668250231812286377e-01 4.360703114176537332e-01 5.310588121961262731e-01 5.070245187309021517e-01 7.134335360245634972e-01 5.070245187309037060e-01 5.310588121961278274e-01 4.360703114176588402e-01 2.668250231812357431e-01 2.254962113271933022e-01 2.235101272793319216e-01 1.638465419611068452e-01 2.132477970067256090e-01 1.188128766564744559e-01 1.367401281326939833e-01 1.367401281326939833e-01
1.351849676189322003e-01 1.351849676189322003e-01 1.271346072360050594e-01 2.159330264079919737e-01 1.654672055611739745e-01 2.326402954111511379e-01 2.505087245763868431e-01 2.930447002449776961e-01 4.495228091500410583e-01 5.569057280990371561e-01 4.721003340505228740e-01 6.855311585527771312e-01 4.721003340505254831e-01 5.569057280990382663e-01 4.495228091500464984e-01 2.930447002449850236e-01 2.505087245763936710e-01 2.326402954111649601e-01 1.654672055611800530e-01 2.159330264080084605e-01 1.271346072360096391e-01 1.351849676189443017e-01 1.351849676189443017e-01
1.362722376801070168e-01 1.362722376801070168e-01 1.375516688888154815e-01 2.166219089620411709e-01 1.661870070467807992e-01 2.420782497251775245e-01 2.760358066506726771e-01 3.219510261800190842e-01 4.589772595513883502e-01 5.791849590001952874e-01 4.381460875164004953e-01 6.577533798190881020e-01 4.381460875164037150e-01 5.791849590001961756e-01 4.589772595513944564e-01 3.219510261800271889e-01 2.760358066506797270e-01 2.420782497251938725e-01 1.661870070467862115e-01 2.166219089620590732e-01 1.375516688888211436e-01 1.362722376801203950e-01 1.362722376801203950e-01
1.392645896854771692e-01 1.392645896854771692e-01 1.454980551402581257e-01 2.152351896340722326e-01 1.646287212392923693e-01 2.517427891821212294e-01 2.980605969940901545e-01 3.523804598275928623e-01 4.621652157958523466e-01 5.981925808185469817e-01 4.082311604322186871e-01 6.319253080688695956e-01 4.082311604322222398e-01 5.981925808185477589e-01 4.621652157958588414e-01 3.523804598276010225e-01 2.980605969940977595e-01 2.517427891821387709e-01 1.646287212392966992e-01 2.152351896340907733e-01 1.454980551402643152e-01 1.392645896854923793e-01 1.392645896854923793e-01
1.431685191410225488e-01 1.431685191410225488e-01 1.482379825860919986e-01 2.122526921191610350e-01 1.616363870280226323e-01 2.617816591306970642e-01 3.145500644702200477e-01 3.831138400986424664e-01 4.577545832308745344e-01 6.136837029999557824e-01 3.844843589013509089e-01 6.095027586250237883e-01 3.844843589013540730e-01 6.136837029999540061e-01 4.577545832308813067e-01 3.831138400986499049e-01 3.145500644702268200e-01 2.617816591307162155e-01 1.616363870280260184e-01 2.122526921191806581e-01 1.482379825860981326e-01 1.431685191410389801e-01 1.431685191410389801e-01
1.470733992483767849e-01 1.470733992483767849e-01 1.455722821800097544e-01 2.087149740010549315e-01 1.598556312146655889e-01 2.725982565987177253e-01 3.256219722178580467e-01 4.131040938819569575e-01 4.457554685271872819e-01 6.250597066674009605e-01 3.675327781248997616e-01 5.913772039572059436e-01 3.675327781249038694e-01 6.250597066673980740e-01 4.457554685271941097e-01 4.131040938819635078e-01 3.256219722178644305e-01 2.725982565987373207e-01 1.598556312146678926e-01 2.087149740010751098e-01 1.455722821800157496e-01 1.470733992483939379e-01 1.470733992483939379e-01
1.503697562937871268e-01 1.503697562937871268e-01 1.395717132955278106e-01 2.060036530210590799e-01 1.624853955632823144e-01 2.847587323357460010e-01 3.328552056350679855e-01 4.415999000259143159e-01 4.274460709991572127e-01 6.316851777111039956e-01 3.565125042136290112e-01 5.778896737352710034e-01 3.565125042136333966e-01 6.316851777111011090e-01 4.274460709991645402e-01 4.415999000259204221e-01 3.328552056350743693e-01 2.847587323357671507e-01 1.624853955632841462e-01 2.060036530210812844e-01 1.395717132955326123e-01 1.503697562938060284e-01 1.503697562938060284e-01
1.528162354296176695e-01 1.528162354296176695e-01 1.335659192149921681e-01 2.054939075558051553e-01 1.717913698654532639e-01 2.988391226948904911e-01 3.381652329795718503e-01 4.681624911005865530e-01 4.049227980393398929e-01 6.332107029190400249e-01 3.495661217550298794e-01 5.689771305744421026e-01 3.495661217550339317e-01 6.332107029190362502e-01 4.049227980393481641e-01 4.681624911005913825e-01 3.381652329795773460e-01 2.988391226949120294e-01 1.717913698654552346e-01 2.054939075558282480e-01 1.335659192149971919e-01 1.528162354296366543e-01 1.528162354296366543e-01
1.544801959575808625e-01 1.544801959575808625e-01 1.308457854261288189e-01 2.082164487676739506e-01 1.880349758110913261e-01 3.152771076586812771e-01 3.427766752216223067e-01 4.925969577636442609e-01 3.804898540216131719e-01 6.297904731581143167e-01 3.445827728673895862e-01 5.643451079732386688e-01 3.445827728673923063e-01 6.297904731581092097e-01 3.804898540216210545e-01 4.925969577636476471e-01 3.427766752216286350e-01 3.152771076587040366e-01 1.880349758110940461e-01 2.082164487676988474e-01 1.308457854261344533e-01 1.544801959576001527e-01 1.544801959576001527e-01
1.556121408812275730e-01 1.556121408812275730e-01 1.335740942431593858e-01 2.146530942099426076e-01 2.092600771179221053e-01 3.342713880398586745e-01 3.467066714152685081e-01 5.148343698214804531e-01 3.561201923422223081e-01 6.221342381188854631e-01 3.398834464447048065e-01 5.635806463897030660e-01 3.398834464447069159e-01 6.221342381188806892e-01 3.561201923422301352e-01 5.148343698214841169e-01 3.467066714152750584e-01 3.342713880398802129e-01 2.092600771179257968e-01 2.146530942099693084e-01 1.335740942431650757e-01 1.556121408812479456e-01 1.556121408812479456e-01
1.565210352307148667e-01 1.565210352307148667e-01 1.422543405048298515e-01 2.247281382109733439e-01 2.319962337265699115e-01 3.557412253424025450e-01 3.489004413852023756e-01 5.348067900799876595e-01 3.331509964982345418e-01 6.113980803140109943e-01 3.346150096036846211e-01 5.661724123127878094e-01 3.346150096036861754e-01 6.113980803140069975e-01 3.331509964982421468e-01 5.348067900799896579e-01 3.489004413852082598e-01 3.557412253424246384e-01 2.319962337265746299e-01 2.247281382110019043e-01 1.422543405048381782e-01 1.565210352307362662e-01 1.565210352307362662e-01
1.574990362201145744e-01 1.574990362201145744e-01 1.558559547472077034e-01 2.379754141983653759e-01 2.525505123022900866e-01 3.793358398642900364e-01 3.478642620476499192e-01 5.523541616233627050e-01 3.122618241864059119e-01 5.989716216318202724e-01 3.287565665752271160e-01 5.714623888916616767e-01 3.287565665752275601e-01 5.989716216318170527e-01 3.122618241864124067e-01 5.523541616233651474e-01 3.478642620476554703e-01 3.793358398643119633e-01 2.525505123022958043e-01 2.379754141983956295e-01 1.558559547472178897e-01 1.574990362201365568e-01 1.574990362201365568e-01
1.588117031382195732e-01 1.588117031382195732e-01 1.724420579774813833e-01 2.537940201290739273e-01 2.683299723398515635e-01 4.044754748494190921e-01 3.424477053697611573e-01 5.671907075906954532e-01 2.936721657443326361e-01 5.862428566776728411e-01 3.228005310114869797e-01 5.785898015181921705e-01 3.228005310114869797e-01 5.862428566776687333e-01 2.936721657443370215e-01 5.671907075906961193e-01 3.424477053697648765e-01 4.044754748494406305e-01 2.683299723398574477e-01 2.537940201291050135e-01 1.724420579774943452e-01 1.588117031382416944e-01 1.588117031382416944e-01
1.607378521831421547e-01 1.607378521831421547e-01 1.899865799507982345e-01 2.716812018136930407e-01 2.786508301302259016e-01 4.304101273939512917e-01 3.324070504681068683e-01 5.789406607730289700e-01 2.774277728318964020e-01 5.744121456487761845e-01 3.172868227840003330e-01 5.864896260499752323e-01 3.172868227839988897e-01 5.744121456487735200e-01 2.774277728319001768e-01 5.789406607730300802e-01 3.324070504681100879e-01 4.304101273939726080e-01 2.786508301302321744e-01 2.716812018137253482e-01 1.899865799508131670e-01 1.607378521831645535e-01 1.607378521831645535e-01
1.636236733316612790e-01 1.636236733316612790e-01 2.070478626919329823e-01 2.913555461483517406e-01 2.847293752225427688e-01 4.562895620028232235e-01 3.185249503762707657e-01 5.872325357177305971e-01 2.636387077052012029e-01 5.643935394092362001e-01 3.124025581991853873e-01 5.939785322553504665e-01 3.124025581991833889e-01 5.643935394092336466e-01 2.636387077052039785e-01 5.872325357177319294e-01 3.185249503762735968e-01 4.562895620028450949e-01 2.847293752225483199e-01 2.913555461483849363e-01 2.070478626919496079e-01 1.636236733316845104e-01 1.636236733316845104e-01
1.679137986801968740e-01 1.679137986801968740e-01 2.230736552223471503e-01 3.127417551982222821e-01 2.889031752120274077e-01 4.812413775201371813e-01 3.022879463456005222e-01 5.918231753156730779e-01 2.525778172320201076e-01 5.568013853078876974e-01 3.078072866474798053e-01 5.999172606885205816e-01 3.078072866474765856e-01 5.568013853078859210e-01 2.525778172320216064e-01 5.918231753156742991e-01 3.022879463456031313e-01 4.812413775201575539e-01 2.889031752120330143e-01 3.127417551982565325e-01 2.230736552223644975e-01 1.679137986802202165e-01 1.679137986802202165e-01
1.741355603344521275e-01 1.741355603344521275e-01 2.382886166907546843e-01 3.358504561236086983e-01 2.934466453170484490e-01 5.044503956545489665e-01 2.853244665693705495e-01 5.927130900808876834e-01 2.446195631892748301e-01 5.519895737695420523e-01 3.027345299276686941e-01 6.034015134307647577e-01 3.027345299276643642e-01 5.519895737695407201e-01 2.446195631892755240e-01 5.927130900808895708e-01 2.853244665693731030e-01 5.044503956545682843e-01 2.934466453170553879e-01 3.358504561236433927e-01 2.382886166907732528e-01 1.741355603344764691e-01 1.741355603344764691e-01
1.828341428368099042e-01 1.828341428368099042e-01 2.532828016688831729e-01 3.606245071483250575e-01 2.994941384423856490e-01 5.252267316891860993e-01 2.688935455913233907e-01 5.902168316204354781e-01 2.400648447197517577e-01 5.500999244266687738e-01 2.963025679044729577e-01 6.039192734768862314e-01 2.963025679044680727e-01 5.500999244266675525e-01 2.400648447197515079e-01 5.902168316204372545e-01 2.688935455913239458e-01 5.252267316892064164e-01 2.994941384423936981e-01 3.606245071483613618e-01 2.532828016689030459e-01 1.828341428368345234e-01 1.828341428368345234e-01
1.944764334566202180e-01 1.944764334566202180e-01 2.685150707655123425e-01 3.868234759516116505e-01 3.065135471642290721e-01 5.430486205052440507e-01 2.536586841511373480e-01 5.849660755430863279e-01 2.389349957732080088e-01 5.510861269822149300e-01 2.878881822903983090e-01 6.014250803442677817e-01 2.878881822903926468e-01 5.510861269822158182e-01 2.389349957732067042e-01 5.849660755430909909e-01 2.536586841511376256e-01 5.430486205052637017e-01 3.065135471642390086e-01 3.868234759516491761e-01 2.685150707655337698e-01 1.944764334566459196e-01 1.944764334566459196e-01
2.093528139881462857e-01 2.093528139881462857e-01 2.839430025731071727e-01 4.139865666045640102e-01 3.125247331588668076e-01 5.575734480441256746e-01 2.398191613866900440e-01 5.778440701988672989e-01 2.408200550261208883e-01 5.547033415424496017e-01 2.774038756956634377e-01 5.963131801225519668e-01 2.774038756956589968e-01 5.547033415424522662e-01 2.408200550261186124e-01 5.778440701988720729e-01 2.398191613866899607e-01 5.575734480441459917e-01 3.125247331588786315e-01 4.139865666046021464e-01 2.839430025731289886e-01 2.093528139881723482e-01 2.093528139881723482e-01
2.275059825356356979e-01 2.275059825356356979e-01 2.989069859206926472e-01 4.414717415203092687e-01 3.149420955907404895e-01 5.686237576928234727e-01 2.274857472587479557e-01 5.698705121327118928e-01 2.448396593498750884e-01 5.604795025244764251e-01 2.653707263891850743e-01 5.893066817754439857e-01 2.653707263891804669e-01 5.604795025244787565e-01 2.448396593498713136e-01 5.698705121327176659e-01 2.274857472587476781e-01 5.686237576928429016e-01 3.149420955907529796e-01 4.414717415203481266e-01 2.989069859207166280e-01 2.275059825356631482e-01 2.275059825356631482e-01
2.487058772185175293e-01 2.487058772185175293e-01 3.122768391800523347e-01 4.685375655737336609e-01 3.116723764870970581e-01 5.761660379213979777e-01 2.170678050508231260e-01 5.620682713152260757e-01 2.497346037808461094e-01 5.677010822090916564e-01 2.527687410152024694e-01 5.813042785689380709e-01 2.527687410151986391e-01 5.677010822090949871e-01 2.497346037808406416e-01 5.620682713152334031e-01 2.170678050508227097e-01 5.761660379214168515e-01 3.116723764871103253e-01 4.685375655737731848e-01 3.122768391800765375e-01 2.487058772185462840e-01 2.487058772185462840e-01
2.724748186805583394e-01 2.724748186805583394e-01 3.227675492219133080e-01 4.944269295057185931e-01 3.020151105919912649e-01 5.803009115749995228e-01 2.094380416663488287e-01 5.553437192920538390e-01 2.540685392349917859e-01 5.754463195437964362e-01 2.407349643460431343e-01 5.732314745727962180e-01 2.407349643460410527e-01 5.754463195438013212e-01 2.540685392349846250e-01 5.553437192920627208e-01 2.094380416663483846e-01 5.803009115750210611e-01 3.020151105920031442e-01 4.944269295057588942e-01 3.227675492219381215e-01 2.724748186805888706e-01 2.724748186805888706e-01
2.981528166702117066e-01 2.981528166702117066e-01 3.292839056295624456e-01 5.184260732879284461e-01 2.870179913784100534e-01 5.812723814563188762e-01 2.057559195452501322e-01 5.504019360535548078e-01 2.564922837354564056e-01 5.826823981321140877e-01 2.302316773524838989e-01 5.659301343503809756e-01 2.302316773524834548e-01 5.826823981321194168e-01 2.564922837354480789e-01 5.504019360535644667e-01 2.057559195452503542e-01 5.812723814563385272e-01 2.870179913784222103e-01 5.184260732879713007e-01 3.292839056295869815e-01 2.981528166702442362e-01 2.981528166702442362e-01
3.249839146601149475e-01 3.249839146601149475e-01 3.311706775562204830e-01 5.398951883775314764e-01 2.691777871572336167e-01 5.794875037835087728e-01 2.070039064191135925e-01 5.477024379492403394e-01 2.560107647035704814e-01 5.884166335197549280e-01 2.218057953055375953e-01 5.600964978904131586e-01 2.218057953055384834e-01 5.884166335197614783e-01 2.560107647035603784e-01 5.477024379492524409e-01 2.070039064191149802e-01 5.794875037835299780e-01 2.691777871572432201e-01 5.398951883775749971e-01 3.311706775562441307e-01 3.249839146601488649e-01 3.249839146601488649e-01
3.522021838453892051e-01 3.522021838453892051e-01 3.283065322963097943e-01 5.582836846328291802e-01 2.516429821098780661e-01 5.755264955353598388e-01 2.134398720689957285e-01 5.474475422164001293e-01 2.521930161552443095e-01 5.918668339254102850e-01 2.155123115953357371e-01 5.562549390244576619e-01 2.155123115953385404e-01 5.918668339254179456e-01 2.521930161552333183e-01 5.474475422164141181e-01 2.134398720689975881e-01 5.755264955353830425e-01 2.516429821098863373e-01 5.582836846328744773e-01 3.283065322963313326e-01 3.522021838454258980e-01 3.522021838454258980e-01
3.790996737066492650e-01 3.790996737066492650e-01 3.210518402370144408e-01 5.731461496741764305e-01 2.372568696456812121e-01 5.701238806080249910e-01 2.242245266670157555e-01 5.495895989281797123e-01 2.452761610292155114e-01 5.926037591181136932e-01 2.110039570156521382e-01 5.547427398738911108e-01 2.110039570156561906e-01 5.926037591181226860e-01 2.452761610292042427e-01 5.495895989281961436e-01 2.242245266670181980e-01 5.701238806080489718e-01 2.372568696456890669e-01 5.731461496742231709e-01 3.210518402370357016e-01 3.790996737066867350e-01 3.790996737066867350e-01
4.050658634164124861e-01 4.050658634164124861e-01 3.101105205133717346e-01 5.841661062001847204e-01 2.278113532525287144e-01 5.641132037033170787e-01 2.374193274944733645e-01 5.538465342811251801e-01 2.361333039543222767e-01 5.906246980038867278e-01 2.077271989372607708e-01 5.556848381974509588e-01 2.077271989372657945e-01 5.906246980038952765e-01 2.361333039543116186e-01 5.538465342811423886e-01 2.374193274944764176e-01 5.641132037033411706e-01 2.278113532525366802e-01 5.841661062002319049e-01 3.101105205133929954e-01 4.050658634164533423e-01 4.050658634164533423e-01
4.295962478210215707e-01 4.295962478210215707e-01 2.963776385993108775e-01 5.911824712249384994e-01 2.237616639766825954e-01 5.583437634084704726e-01 2.503966029092222767e-01 5.597243408540737430e-01 2.261019292414856163e-01 5.863390211542813812e-01 2.051351939211296660e-01 5.589545348071947029e-01 2.051351939211347453e-01 5.863390211542898189e-01 2.261019292414767068e-01 5.597243408540919507e-01 2.503966029092242196e-01 5.583437634084964518e-01 2.237616639766916715e-01 5.911824712249880154e-01 2.963776385993319717e-01 4.295962478210642033e-01 4.295962478210642033e-01
4.522746498131400839e-01 4.522746498131400839e-01 2.808216527073360003e-01 5.942068667118806102e-01 2.244428904933933322e-01 5.535889744493337483e-01 2.605286557958212401e-01 5.665541510611277198e-01 2.167014142500368057e-01 5.804744986197650780e-01 2.028388573103665771e-01 5.641376629640858509e-01 2.028388573103712400e-01 5.804744986197735157e-01 2.167014142500305329e-01 5.665541510611475928e-01 2.605286557958219062e-01 5.535889744493608378e-01 2.244428904934034075e-01 5.942068667119295711e-01 2.808216527073560398e-01 4.522746498131861026e-01 4.522746498131861026e-01
4.727387271476189978e-01 4.727387271476189978e-01 2.644124034271592705e-01 5.934222043510911648e-01 2.286250380722929798e-01 5.504675548969528709e-01 2.659035548309788832e-01 5.735541836335528165e-01 2.092995977707678423e-01 5.739353354276698349e-01 2.006576058999208767e-01 5.705318390902216485e-01 2.006576058999242906e-01 5.739353354276792718e-01 2.092995977707646504e-01 5.735541836335743549e-01 2.659035548309777730e-01 5.504675548969819587e-01 2.286250380723038877e-01 5.934222043511413469e-01 2.644124034271797541e-01 4.727387271476683472e-01 4.727387271476683472e-01
4.906407571391720457e-01 4.906407571391720457e-01 2.480761111961873600e-01 5.891615053491255916e-01 2.351286034046277951e-01 5.493918562286295160e-01 2.658033187252232254e-01 5.799203953458033078e-01 2.048093392742005581e-01 5.676509805041715095e-01 1.985800075319154590e-01 5.772097781726552856e-01 1.985800075319167635e-01 5.676509805041807244e-01 2.048093392742012520e-01 5.799203953458258454e-01 2.658033187252203389e-01 5.493918562286593810e-01 2.351286034046380091e-01 5.891615053491757736e-01 2.480761111962084264e-01 4.906407571392238376e-01 4.906407571392238376e-01
5.056162220888940073e-01 5.056162220888940073e-01 2.326513985955994124e-01 5.818744866209102362e-01 2.432367031654786016e-01 5.505473189653782295e-01 2.607784191923136485e-01 5.849366294194668914e-01 2.034965929156797582e-01 5.624477612626899159e-01 1.966793298609970098e-01 5.831547712407372241e-01 1.966793298609950391e-01 5.624477612626995748e-01 2.034965929156842546e-01 5.849366294194918714e-01 2.607784191923098183e-01 5.505473189654086497e-01 2.432367031654879275e-01 5.818744866209606403e-01 2.326513985956199237e-01 5.056162220889481862e-01 5.056162220889481862e-01
5.172709774618903245e-01 5.172709774618903245e-01 2.188355327961665764e-01 5.720928144499362045e-01 2.527637815827894485e-01 5.538983865677158391e-01 2.523162568013543328e-01 5.880822532194484031e-01 2.049563263910184896e-01 5.589591937351898743e-01 1.950368397150563371e-01 5.874456444406244149e-01 1.950368397150523125e-01 5.589591937351999773e-01 2.049563263910263722e-01 5.880822532194743824e-01 2.523162568013500584e-01 5.538983865677497009e-01 2.527637815827974421e-01 5.720928144499859425e-01 2.188355327961863939e-01 5.172709774619459466e-01 5.172709774619459466e-01
5.251938006975486184e-01 5.251938006975486184e-01 2.071344735936118953e-01 5.604018957871436113e-01 2.638105786585915880e-01 5.592118711933636854e-01 2.422590342071361813e-01 5.891101338602601212e-01 2.082653730452699303e-01 5.575745731829064855e-01 1.937076228768992159e-01 5.894426768586705778e-01 1.937076228768923603e-01 5.575745731829164775e-01 2.082653730452808383e-01 5.891101338602873216e-01 2.422590342071329339e-01 5.592118711933999897e-01 2.638105786585965284e-01 5.604018957871933493e-01 2.071344735936296311e-01 5.251938006976044626e-01 5.251938006976044626e-01
5.289951271593636983e-01 5.289951271593636983e-01 1.978459841805509378e-01 5.474204642802152909e-01 2.763721187004553603e-01 5.660886109242826425e-01 2.322121644540332819e-01 5.880739786987417839e-01 2.122657597758634274e-01 5.584166599084307014e-01 1.927324596983555627e-01 5.889186516379131264e-01 1.927324596983469029e-01 5.584166599084410265e-01 2.122657597758761672e-01 5.880739786987696505e-01 2.322121644540325325e-01 5.660886109243207232e-01 2.763721187004589130e-01 5.474204642802636966e-01 1.978459841805666475e-01 5.289951271594179882e-01 5.289951271594179882e-01
5.283657130098662336e-01 5.283657130098662336e-01 1.910997271093701766e-01 5.337833793583433017e-01 2.900129778687561277e-01 5.739968341623300496e-01 2.231657808382315200e-01 5.852992756129736796e-01 2.158880237847232708e-01 5.613402142771256598e-01 1.921721769944244873e-01 5.860951266347472766e-01 1.921721769944166047e-01 5.613402142771362069e-01 2.158880237847361772e-01 5.852992756130028784e-01 2.231657808382345731e-01 5.739968341623713499e-01 2.900129778687576265e-01 5.337833793583910413e-01 1.910997271093833605e-01 5.283657130099190802e-01 5.283657130099190802e-01
5.231425421303707024e-01 5.231425421303707024e-01 1.869522852670661150e-01 5.201209878400183673e-01 3.037696156104655598e-01 5.823045473424031115e-01 2.154431652492521110e-01 5.813093731090591687e-01 2.184096988957450469e-01 5.659502667532867459e-01 1.921309556725513956e-01 5.815760735259234426e-01 1.921309556725447620e-01 5.659502667532982922e-01 2.184096988957565932e-01 5.813093731090891447e-01 2.154431652492596605e-01 5.823045473424476315e-01 3.037696156104676137e-01 5.201209878400653297e-01 1.869522852670770230e-01 5.231425421304213286e-01 5.231425421304213286e-01
5.133656195318070381e-01 5.133656195318070381e-01 1.855015632201290343e-01 5.070303411619402345e-01 3.163173164293015538e-01 5.903124075173761254e-01 2.089430086540856601e-01 5.767299839347562740e-01 2.195677518347937118e-01 5.716454908573219695e-01 1.927452915023326330e-01 5.762044817236823269e-01 1.927452915023290525e-01 5.716454908573347371e-01 2.195677518348025103e-01 5.767299839347860280e-01 2.089430086540972620e-01 5.903124075174227547e-01 3.163173164293047179e-01 5.070303411619870859e-01 1.855015632201381937e-01 5.133656195318534454e-01 5.133656195318534454e-01
4.993100492829223302e-01 4.993100492829223302e-01 1.869632369873075461e-01 4.950376724320161848e-01 3.263112156716758139e-01 5.972916697814325548e-01 2.035226402290268299e-01 5.721971680294348772e-01 2.194986324095195840e-01 5.776919501493513742e-01 1.941381347133638025e-01 5.708881399996500461e-01 1.941381347133644686e-01 5.776919501493658071e-01 2.194986324095249131e-01 5.721971680294652973e-01 2.035226402290411241e-01 5.972916697814822928e-01 3.263112156716810319e-01 4.950376724320625366e-01 1.869632369873157340e-01 4.993100492829651293e-01 4.993100492829651293e-01
4.814833829255473763e-01 4.814833829255473763e-01 1.916568839744488273e-01 4.845556558821783599e-01 3.327365913899692496e-01 6.025322805694289796e-01 1.993259912514632748e-01 5.682862713443800340e-01 2.185454829394407605e-01 5.833244039785091539e-01 1.963598018631924069e-01 5.664420935910220445e-01 1.963598018631968201e-01 5.833244039785235868e-01 2.185454829394428700e-01 5.682862713444083447e-01 1.993259912514798726e-01 6.025322805694799388e-01 3.327365913899765770e-01 4.845556558822254334e-01 1.916568839744577091e-01 4.814833829255877329e-01 4.814833829255877329e-01
4.605873024989831643e-01 4.605873024989831643e-01 1.998835285612425572e-01 4.758419803633499034e-01 3.351133533432051337e-01 6.054028316474843185e-01 1.969057318746338936e-01 5.654670195913724662e-01 2.170225805127728447e-01 5.878602667227631473e-01 1.993465831189178139e-01 5.634803952923332915e-01 1.993465831189263349e-01 5.878602667227796896e-01 2.170225805127718455e-01 5.654670195914013320e-01 1.969057318746520457e-01 6.054028316475378313e-01 3.351133533432166245e-01 4.758419803633955336e-01 1.998835285612526602e-01 4.605873024990193021e-01 4.605873024990193021e-01
4.374524293553926357e-01 4.374524293553926357e-01 2.117268394127773956e-01 4.689676412222927304e-01 3.334823560018376210e-01 6.054174439834185684e-01 1.970964502842721677e-01 5.640789765803370104e-01 2.150408785762339126e-01 5.908021790787838512e-01 2.029200004071209373e-01 5.623680432573221477e-01 2.029200004071319841e-01 5.908021790788007266e-01 2.150408785762314978e-01 5.640789765803655431e-01 1.970964502842901811e-01 6.054174439834729693e-01 3.334823560018511657e-01 4.689676412223396373e-01 2.117268394127896636e-01 4.374524293554273302e-01 4.374524293554273302e-01
4.129620443430515042e-01 4.129620443430515042e-01 2.268543057009684005e-01 4.638041812230729311e-01 3.282120534812443258e-01 6.022975153649587909e-01 2.007124094596430819e-01 5.643164416366028835e-01 2.124688754048717487e-01 5.919046842805526509e-01 2.068292065483793019e-01 5.632250531307936292e-01 2.068292065483919306e-01 5.919046842805707476e-01 2.124688754048689177e-01 5.643164416366313052e-01 2.007124094596609010e-01 6.022975153650141911e-01 3.282120534812619783e-01 4.638041812231187278e-01 2.268543057009825004e-01 4.129620443430841448e-01 4.129620443430841448e-01
3.879821741373747912e-01 3.879821741373747912e-01 2.444099820951610158e-01 4.600382146185607590e-01 3.197475737093761206e-01 5.960125724470506370e-01 2.082166594406608673e-01 5.662140611644582711e-01 2.090417766102009300e-01 5.911898665914734341e-01 2.108173143963670004e-01 5.659640282901550190e-01 2.108173143963788798e-01 5.911898665914920858e-01 2.090417766101998753e-01 5.662140611644869148e-01 2.082166594406779647e-01 5.960125724471058151e-01 3.197475737093957160e-01 4.600382146186066112e-01 2.444099820951770308e-01 3.879821741374073762e-01 3.879821741374073762e-01
3.633111783065744449e-01 3.633111783065744449e-01 2.630657943126334941e-01 4.572176725537463460e-01 3.084410495667938013e-01 5.867869895189545826e-01 2.195089886491592701e-01 5.696320885524139843e-01 2.045650872818069732e-01 5.889121576848268536e-01 2.146811427240876147e-01 5.703409195888086147e-01 2.146811427240976622e-01 5.889121576848471706e-01 2.045650872818084165e-01 5.696320885524444044e-01 2.195089886491758124e-01 5.867869895190094276e-01 3.084410495668159502e-01 4.572176725537911990e-01 2.630657943126509246e-01 3.633111783066058642e-01 3.633111783066058642e-01
3.396533437921639420e-01 3.396533437921639420e-01 2.812405700165682698e-01 4.548266817347574320e-01 2.945467856996556444e-01 5.750677710631038053e-01 2.339143864176459475e-01 5.742490236599333553e-01 1.991157054766031220e-01 5.854873447949628940e-01 2.182988506838499654e-01 5.760031680993455971e-01 2.182988506838569320e-01 5.854873447949837661e-01 1.991157054766083678e-01 5.742490236599641085e-01 2.339143864176620735e-01 5.750677710631590944e-01 2.945467856996792921e-01 4.548266817348000646e-01 2.812405700165853117e-01 3.396533437921955279e-01 3.396533437921955279e-01
3.176115293601580736e-01 3.176115293601580736e-01 2.974275239132715409e-01 4.523762205657984037e-01 2.783679494503573104e-01 5.614594761065185846e-01 2.503573723541382412e-01 5.795743175381183887e-01 1.931438898708023322e-01 5.814093180227766222e-01 2.216183084697004591e-01 5.825265840167902498e-01 2.216183084697032069e-01 5.814093180227964952e-01 1.931438898708109086e-01 5.795743175381500301e-01 2.503573723541540064e-01 5.614594761065733186e-01 2.783679494503835117e-01 4.523762205658384827e-01 2.974275239132883608e-01 3.176115293601877720e-01 3.176115293601877720e-01
2.976874997666839051e-01 2.976874997666839051e-01 3.105212393573774099e-01 4.494893698371176249e-01 2.604533356342861317e-01 5.466409773391247562e-01 2.676280781267790787e-01 5.849915044519581331e-01 1.874237534674011163e-01 5.771775647068363435e-01 2.246207095104530427e-01 5.894394720540742094e-01 2.246207095104520435e-01 5.771775647068571047e-01 1.874237534674134953e-01 5.849915044519908847e-01 2.676280781267950104e-01 5.466409773391794902e-01 2.604533356343150530e-01 4.494893698371544843e-01 3.105212393573927310e-01 2.976874997667122158e-01 2.976874997667122158e-01
2.802779385744970653e-01 2.802779385744970653e-01 3.200274424367156589e-01 4.459576552724425769e-01 2.417088842145950767e-01 5.312818129361543962e-01 2.846191662239357933e-01 5.898324715318356004e-01 1.828688257437301179e-01 5.732498422396647975e-01 2.272869305593680223e-01 5.962381794671598456e-01 2.272869305593635814e-01 5.732498422396860027e-01 1.828688257437452724e-01 5.898324715318710165e-01 2.846191662239517806e-01 5.312818129362084640e-01 2.417088842146272176e-01 4.459576552724775489e-01 3.200274424367289261e-01 2.802779385745225449e-01 2.802779385745225449e-01
2.656595055080713808e-01 2.656595055080713808e-01 3.260792704588329483e-01 4.417515925644928121e-01 2.233274487218613047e-01 5.159731929877979795e-01 3.004465971702622307e-01 5.934703942807892929e-01 1.802915122150103022e-01 5.700216759145388945e-01 2.295911519381852173e-01 6.024016296837696460e-01 2.295911519381776122e-01 5.700216759145604328e-01 1.802915122150273719e-01 5.934703942808261523e-01 3.004465971702776073e-01 5.159731929878526024e-01 2.233274487218964988e-01 4.417515925645262298e-01 3.260792704588433844e-01 2.656595055080933077e-01 2.656595055080933077e-01
2.539653362144456139e-01 2.539653362144456139e-01 3.292578126634914670e-01 4.369831732574829264e-01 2.065340259489500119e-01 5.011827358035607638e-01 3.144399396143121028e-01 5.954082959990851798e-01 1.802118400408445065e-01 5.678224977274645147e-01 2.315286387023386960e-01 6.074129781164392394e-01 2.315286387023300918e-01 5.678224977274862750e-01 1.802118400408629917e-01 5.954082959991240376e-01 3.144399396143278125e-01 5.011827358036149427e-01 2.065340259489883423e-01 4.369831732575147898e-01 3.292578126634997382e-01 2.539653362144622673e-01 2.539653362144622673e-01
2.451639445623609026e-01 2.451639445623609026e-01 3.302926069587358016e-01 4.318354816228959780e-01 1.922464891072833693e-01 4.872359035770833513e-01 3.260595763015513571e-01 5.953377614357089342e-01 1.827982516418060199e-01 5.669121177136283718e-01 2.331619981814124776e-01 6.107940309319082051e-01 2.331619981814037623e-01 5.669121177136501322e-01 1.827982516418257541e-01 5.953377614357490133e-01 3.260595763015665116e-01 4.872359035771374747e-01 1.922464891073245308e-01 4.318354816229271753e-01 3.302926069587432956e-01 2.451639445623716995e-01 2.451639445623716995e-01
2.390554035298977364e-01 2.390554035298977364e-01 3.297666566314262360e-01 4.264873639137409800e-01 1.808117859443001962e-01 4.743226930304311195e-01 3.348315828313844222e-01 5.931501110698393919e-01 1.879604969510450529e-01 5.674634649563883304e-01 2.346556239153808343e-01 6.121529168632722229e-01 2.346556239153727574e-01 5.674634649564106459e-01 1.879604969510655921e-01 5.931501110698793600e-01 3.348315828313998543e-01 4.743226930304847988e-01 1.808117859443430786e-01 4.264873639137721217e-01 3.297666566314340630e-01 2.390554035299030933e-01 2.390554035299030933e-01
2.352965374200846060e-01 2.352965374200846060e-01 3.279486312275459170e-01 4.210627178289078620e-01 1.719613294918438118e-01 4.625251563852539882e-01 3.403700960070700221e-01 5.888977795669206872e-01 1.955402581400519091e-01 5.695275109603580299e-01 2.362706545181815221e-01 6.112390821251906248e-01 2.362706545181752493e-01 5.695275109603811226e-01 1.955402581400730033e-01 5.888977795669630977e-01 3.403700960070857873e-01 4.625251563853056691e-01 1.719613294918868884e-01 4.210627178289405026e-01 3.279486312275554094e-01 2.352965374200849669e-01 2.352965374200849669e-01
2.334571696562561804e-01 2.334571696562561804e-01 3.248213310735155734e-01 4.156227725959510400e-01 1.650391052712397444e-01 4.518584451931260126e-01 3.424942317038465744e-01 5.827207600712813740e-01 2.054942553340106393e-01 5.729899060019628676e-01 2.383127264518810629e-01 6.079941295966945214e-01 2.383127264518769550e-01 5.729899060019864043e-01 2.054942553340322609e-01 5.827207600713281144e-01 3.424942317038623396e-01 4.518584451931757506e-01 1.650391052712816276e-01 4.156227725959840136e-01 3.248213310735271753e-01 2.334571696562510457e-01 2.334571696562510457e-01
2.330966662817973989e-01 2.330966662817973989e-01 3.202911855504527727e-01 4.101999715885439879e-01 1.594297715331303433e-01 4.423146525768760773e-01 3.413766589807128993e-01 5.747650621329921661e-01 2.179630908890167473e-01 5.775399055823119410e-01 2.410522451149917644e-01 6.025844608709941541e-01 2.410522451149898771e-01 5.775399055823361438e-01 2.179630908890384244e-01 5.747650621330410159e-01 3.413766589807299967e-01 4.423146525769219295e-01 1.594297715331685628e-01 4.101999715885765729e-01 3.202911855504679273e-01 2.330966662817888779e-01 2.330966662817888779e-01
2.338392077766220933e-01 2.338392077766220933e-01 3.144830080294374053e-01 4.048524980350655111e-01 1.550089966354303017e-01 4.338959863420009944e-01 3.376227024696098478e-01 5.651225490657756367e-01 2.331707913112177899e-01 5.826748192195957410e-01 2.446566389073397685e-01 5.954032616354775209e-01 2.446566389073400738e-01 5.826748192196203879e-01 2.331707913112379682e-01 5.651225490658282613e-01 3.376227024696267787e-01 4.338959863420451257e-01 1.550089966354633031e-01 4.048524980350986513e-01 3.144830080294555019e-01 2.338392077766100474e-01 2.338392077766100474e-01
2.354222133297843023e-01 2.354222133297843023e-01 3.079811989656125459e-01 3.997082344635579654e-01 1.524051953930073700e-01 4.266243470805226590e-01 3.321956253682895599e-01 5.538134489328484511e-01 2.511835682134377912e-01 5.877547909943460214e-01 2.491734792962050915e-01 5.870348243956952095e-01 2.491734792962082834e-01 5.877547909943705573e-01 2.511835682134576087e-01 5.538134489329044063e-01 3.321956253683087112e-01 4.266243470805635152e-01 1.524051953930329051e-01 3.997082344635899398e-01 3.079811989656327520e-01 2.354222133297714237e-01 2.354222133297714237e-01
2.376976608293367432e-01 2.376976608293367432e-01 3.018919487296392035e-01 3.949709454843917666e-01 1.529213127929628102e-01 4.205204126954628085e-01 3.261708872922136071e-01 5.408174208099819635e-01 2.716337838562290496e-01 5.921053383012834237e-01 2.545797553819566517e-01 5.781821320730281544e-01 2.545797553819630354e-01 5.921053383013090698e-01 2.716337838562461471e-01 5.408174208100413605e-01 3.261708872922348679e-01 4.205204126955006672e-01 1.529213127929804072e-01 3.949709454844231860e-01 3.018919487296612414e-01 2.376976608293232818e-01 2.376976608293232818e-01
2.405798053890064736e-01 2.405798053890064736e-01 2.976667388497303279e-01 3.908778571674751401e-01 1.580973329234249269e-01 4.155565957624114404e-01 3.203885178441087667e-01 5.261420500626182717e-01 2.935486442805692042e-01 5.951452673177649588e-01 2.608759568624489100e-01 5.695673048738381095e-01 2.608759568624592906e-01 5.951452673177902719e-01 2.935486442805831375e-01 5.261420500626816654e-01 3.203885178441329140e-01 4.155565957624463569e-01 1.580973329234341418e-01 3.908778571675045610e-01 2.976667388497531430e-01 2.405798053889932342e-01 2.405798053889932342e-01
2.439508495331954296e-01 2.439508495331954296e-01 2.967202339198971583e-01 3.876189203991897703e-01 1.690456245713265471e-01 4.116011564849074156e-01 3.151353741155122345e-01 5.099049901408742036e-01 3.153927696202910580e-01 5.965037288365346857e-01 2.681727603137549210e-01 5.618224308850060522e-01 2.681727603137694094e-01 5.965037288365607759e-01 3.153927696202999953e-01 5.099049901409409280e-01 3.151353741155402677e-01 4.116011564849396120e-01 1.690456245713281014e-01 3.876189203992167487e-01 2.967202339199195293e-01 2.439508495331842441e-01 2.439508495331842441e-01
2.475524534268493670e-01 2.475524534268493670e-01 2.999592190492861299e-01 3.852445351925594119e-01 1.857982995045517061e-01 4.083794489271874717e-01 3.099943224232284411e-01 4.924013925148222892e-01 3.353479196297011744e-01 5.960887397477063754e-01 2.767116053141046583e-01 5.553939882149846463e-01 2.767116053141236431e-01 5.960887397477330207e-01 3.353479196297063369e-01 4.924013925148905679e-01 3.099943224232595829e-01 4.083794489272185579e-01 1.857982995045469043e-01 3.852445351925850581e-01 2.999592190493070576e-01 2.475524534268410126e-01 2.475524534268410126e-01
2.508998549261329258e-01 2.508998549261329258e-01 3.073811457973095185e-01 3.835940539583070907e-01 2.069216218598287915e-01 4.054773077316235486e-01 3.039381523824252751e-01 4.741320896833439713e-01 3.517467325493114361e-01 5.940819243443011821e-01 2.867864716238752165e-01 5.504855501577309296e-01 2.867864716238980871e-01 5.940819243443314912e-01 3.517467325493126018e-01 4.741320896834136933e-01 3.039381523824598585e-01 4.054773077316546348e-01 2.069216218598190771e-01 3.835940539583295172e-01 3.073811457973295580e-01 2.508998549261275413e-01 2.508998549261275413e-01
2.532533552205449290e-01 2.532533552205449290e-01 3.178854494785154361e-01 3.822712219323454730e-01 2.295677675430251030e-01 4.023990127953796514e-01 2.956464432931276143e-01 4.557778716973293620e-01 3.634977166289604100e-01 5.908562392526292006e-01 2.985845120521926077e-01 5.470583524068671766e-01 2.985845120522191420e-01 5.908562392526632845e-01 3.634977166289581896e-01 4.557778716973993061e-01 2.956464432931635300e-01 4.023990127954109597e-01 2.295677675430122244e-01 3.822712219323673444e-01 3.178854494785339213e-01 2.532533552205426530e-01 2.532533552205426530e-01
2.536690567626400106e-01 2.536690567626400106e-01 3.293749120088922400e-01 3.806787917855838366e-01 2.499812852952429665e-01 3.986714322111035158e-01 2.839287636691021910e-01 4.381181549304205558e-01 3.703249463389067242e-01 5.868370878277503477e-01 3.120150428975373424e-01 5.448961353273893415e-01 3.120150428975648205e-01 5.868370878277889835e-01 3.703249463389028939e-01 4.381181549304902778e-01 2.839287636691383288e-01 3.986714322111358233e-01 2.499812852952291164e-01 3.806787917856055414e-01 3.293749120089098370e-01 2.536690567626409543e-01 2.536690567626409543e-01
2.511304748633033102e-01 2.511304748633033102e-01 3.391336135112367201e-01 3.781084217431859851e-01 2.643169753437632497e-01 3.939647290598655149e-01 2.680925388845039614e-01 4.219063759583834838e-01 3.727103214959971988e-01 5.823445029028694320e-01 3.266219873453570233e-01 5.437209555919627624e-01 3.266219873453848344e-01 5.823445029029149511e-01 3.727103214959928135e-01 4.219063759584502082e-01 2.680925388845391000e-01 3.939647290598989327e-01 2.643169753437492608e-01 3.781084217432075789e-01 3.391336135112544281e-01 2.511304748633074180e-01 2.511304748633074180e-01
2.447406385821205288e-01 2.447406385821205288e-01 3.443858108414838970e-01 3.738680897059380448e-01 2.695205747208295199e-01 3.881878274743610358e-01 2.481217397165204064e-01 4.077282080677732679e-01 3.715469370929511128e-01 5.774599873490132707e-01 3.416551017174553895e-01 5.433259023439944713e-01 3.416551017174809801e-01 5.774599873490667834e-01 3.715469370929482262e-01 4.077282080678383269e-01 2.481217397165518257e-01 3.881878274743952861e-01 2.695205747208171965e-01 3.738680897059622477e-01 3.443858108415015495e-01 2.447406385821270791e-01 2.447406385821270791e-01
2.339365396669081942e-01 2.339365396669081942e-01 3.428938963905961423e-01 3.674203077316946509e-01 2.640127080853322261e-01 3.815205165110080454e-01 2.246220892994248153e-01 3.958797173015190518e-01 3.676401143529853810e-01 5.719553080391225341e-01 3.563109279978001198e-01 5.436771034383302004e-01 3.563109279978199928e-01 5.719553080391818201e-01 3.676401143529868243e-01 3.958797173015801696e-01 2.246220892994517382e-01 3.815205165110442942e-01 2.640127080853222341e-01 3.674203077317213517e-01 3.428938963906156268e-01 2.339365396669173536e-01 2.339365396669173536e-01
2.186788073209543215e-01 2.186788073209543215e-01 3.334547655757058027e-01 3.585020733791474123e-01 2.479994819286669983e-01 3.743645633958264662e-01 1.985981984135733458e-01 3.863061085854996302e-01 3.612716962040051216e-01 5.653047165731959200e-01 3.700689051890459491e-01 5.449386514252408942e-01 3.700689051890574954e-01 5.653047165732623114e-01 3.612716962040123936e-01 3.863061085855585275e-01 1.985981984135947731e-01 3.743645633958643248e-01 2.479994819286595598e-01 3.585020733791769998e-01 3.334547655757266749e-01 2.186788073209650352e-01 2.186788073209650352e-01
1.995712275119397305e-01 1.995712275119397305e-01 3.161948020853569408e-01 3.472026868342268924e-01 2.233712038484650941e-01 3.672272107616608161e-01 1.712046456354005819e-01 3.786322978727338362e-01 3.520341239625250362e-01 5.567815343764876967e-01 3.829798240615105431e-01 5.473932448531338979e-01 3.829798240615119864e-01 5.567815343765603053e-01 3.520341239625418561e-01 3.786322978727897914e-01 1.712046456354167634e-01 3.672272107617011172e-01 2.233712038484606255e-01 3.472026868342610872e-01 3.161948020853794228e-01 1.995712275119515544e-01 1.995712275119515544e-01
1.778763915339021673e-01 1.778763915339021673e-01 2.926229828723458937e-01 3.339872661238172946e-01 1.932849725916279127e-01 3.605798025937398399e-01 1.436168740604576721e-01 3.722920148668116824e-01 3.390399678648083337e-01 5.456203216157828884e-01 3.957498425145099530e-01 5.512649417090165205e-01 3.957498425145000165e-01 5.456203216158590497e-01 3.390399678648330362e-01 3.722920148668654727e-01 1.436168740604682192e-01 3.605798025937829721e-01 1.932849725916264971e-01 3.339872661238549867e-01 2.926229828723713178e-01 1.778763915339149626e-01 1.778763915339149626e-01
1.554124823440837522e-01 1.554124823440837522e-01 2.654551060788155614e-01 3.196676121281154526e-01 1.616039236852203909e-01 3.547482486344533115e-01 1.170930165006403845e-01 3.667274114627389059e-01 3.214560579424825537e-01 5.312117097137060151e-01 4.095212562341039586e-01 5.564888194175958702e-01 4.095212562340824203e-01 5.312117097137862842e-01 3.214560579425164710e-01 3.667274114627913084e-01 1.170930165006462131e-01 3.547482486344984420e-01 1.616039236852216399e-01 3.196676121281578631e-01 2.654551060788430394e-01 1.554124823440975467e-01 1.554124823440975467e-01
1.343381354735482536e-01 1.343381354735482536e-01 2.382537768280196810e-01 3.053312482078811563e-01 1.323608044623652558e-01 3.498814229595405556e-01 9.317737357564809253e-02 3.615985620333256878e-01 2.991620235411476814e-01 5.132908890514773503e-01 4.253680278127790482e-01 5.625025227867269662e-01 4.253680278127465741e-01 5.132908890515602840e-01 2.991620235411891482e-01 3.615985620333784789e-01 9.317737357564948031e-02 3.498814229595894609e-01 1.323608044623685864e-01 3.053312482079273416e-01 2.382537768280490464e-01 1.343381354735627975e-01 1.343381354735627975e-01
1.168536005923333232e-01 1.168536005923333232e-01 2.149368943254278963e-01 2.922390807753755815e-01 1.093395730170471369e-01 3.460096939197028765e-01 7.388882833864850175e-02 3.569271533361937920e-01 2.732553098576278039e-01 4.920821580755713742e-01 4.436571739873737541e-01 5.681444225493985645e-01 4.436571739873317877e-01 4.920821580756544189e-01 2.732553098576747663e-01 3.569271533362453064e-01 7.388882833864589272e-02 3.460096939197542798e-01 1.093395730170521052e-01 2.922390807754238762e-01 2.149368943254579556e-01 1.168536005923485888e-01 1.168536005923485888e-01
1.048638128943067266e-01 1.048638128943067266e-01 1.992035060109656475e-01 2.816939355694757507e-01 9.576990400201328135e-02 3.431622170927705051e-01 6.170073968167934936e-02 3.531120472584752257e-01 2.461572098000944786e-01 4.683683417686649864e-01 4.635196518303087987e-01 5.717253051669444197e-01 4.635196518302610591e-01 4.683683417687461992e-01 2.461572098001432451e-01 3.531120472585262959e-01 6.170073968167358314e-02 3.431622170928235183e-01 9.576990400201877696e-02 2.816939355695251557e-01 1.992035060109966782e-01 1.048638128943225334e-01 1.048638128943225334e-01
9.965986641547049107e-02 9.965986641547049107e-02 1.939267337487215193e-01 2.748753965080745765e-01 9.405939854889393270e-02 3.414794122081541983e-01 5.918178329253474812e-02 3.507961290654514896e-01 2.212121148013536098e-01 4.434633272615773336e-01 4.826788706073059654e-01 5.712964906861969228e-01 4.826788706072562274e-01 4.434633272616547717e-01 2.212121148014018213e-01 3.507961290655002284e-01 5.918178329252607450e-02 3.414794122082074335e-01 9.405939854889955321e-02 2.748753965081239814e-01 1.939267337487527443e-01 9.965986641548608971e-02 9.965986641548608971e-02
1.016777171143428693e-01 1.016777171143428693e-01 2.005800860056609625e-01 2.726419779986835601e-01 1.054845381839383117e-01 3.412540348785466637e-01 6.831344061463130723e-02 3.506203946950495753e-01 2.018660579416489409e-01 4.190789494586951158e-01 4.977856058743519441e-01 5.650775567629084950e-01 4.977856058743041490e-01 4.190789494587683905e-01 2.018660579416930445e-01 3.506203946950972594e-01 6.831344061462042705e-02 3.412540348786017863e-01 1.054845381839430440e-01 2.726419779987319103e-01 2.005800860056911050e-01 1.016777171143586345e-01 1.016777171143586345e-01
1.103852480542568543e-01 1.103852480542568543e-01 2.187931386242278897e-01 2.753236056480146132e-01 1.298274315221009667e-01 3.428645847841297889e-01 8.967102349878590395e-02 3.529497674184284839e-01 1.906856986164208456e-01 3.970959413456629505e-01 5.052317181490501019e-01 5.519486910718020001e-01 5.052317181490086906e-01 3.970959413457317844e-01 1.906856986164578438e-01 3.529497674184750577e-01 8.967102349877389966e-02 3.428645847841851335e-01 1.298274315221050190e-01 2.753236056480606875e-01 2.187931386242571441e-01 1.103852480542729525e-01 1.103852480542729525e-01
1.243305926148162571e-01 1.243305926148162571e-01 2.461578576245967986e-01 2.825566001406280003e-01 1.650479091883089444e-01 3.466154079305227009e-01 1.217740145875803731e-01 3.576732552667382659e-01 1.885636612285846725e-01 3.792722895420251872e-01 5.022244313476152966e-01 5.318750440554022019e-01 5.022244313475844324e-01 3.792722895420883589e-01 1.885636612286132885e-01 3.576732552667830634e-01 1.217740145875675362e-01 3.466154079305776570e-01 1.650479091883131910e-01 2.825566001406722427e-01 2.461578576246246097e-01 1.243305926148324941e-01 1.243305926148324941e-01
1.413570589348512041e-01 1.413570589348512041e-01 2.784029595827580694e-01 2.932308032176266788e-01 2.071641101188637091e-01 3.525449408272593455e-01 1.609155614095033049e-01 3.641579699745500776e-01 1.944117673732142781e-01 3.669452017103650432e-01 4.877737964936457171e-01 5.061282083169814650e-01 4.877737964936259552e-01 3.669452017104224972e-01 1.944117673732333462e-01 3.641579699745925991e-01 1.609155614094906483e-01 3.525449408273144125e-01 2.071641101188674838e-01 2.932308032176672574e-01 2.784029595827839376e-01 1.413570589348679130e-01 1.413570589348679130e-01
1.589568218958808121e-01 1.589568218958808121e-01 3.100013737907562072e-01 3.056063851075722648e-01 2.505271880327183398e-01 3.602850457554555574e-01 2.016519105452746763e-01 3.713798002537712084e-01 2.054810002879416120e-01 3.607945723375073355e-01 4.632365928339114425e-01 4.772092745879233378e-01 4.632365928339053918e-01 3.607945723375566294e-01 2.054810002879504383e-01 3.713798002538107879e-01 2.016519105452632687e-01 3.602850457555090147e-01 2.505271880327231138e-01 3.056063851076100124e-01 3.100013737907797995e-01 1.589568218958973267e-01 1.589568218958973267e-01
1.747030610283956953e-01 1.747030610283956953e-01 3.351738359507673848e-01 3.176122889059506682e-01 2.885931818526342174e-01 3.690407408054071636e-01 2.379083327866703679e-01 3.781867456815602990e-01 2.182238452431473352e-01 3.607272837845121871e-01 4.321852504282246432e-01 4.484532378180959289e-01 4.321852504282309160e-01 3.607272837845537095e-01 2.182238452431467524e-01 3.781867456815986017e-01 2.379083327866616804e-01 3.690407408054616756e-01 2.885931818526399351e-01 3.176122889059863064e-01 3.351738359507901444e-01 1.747030610284120433e-01 1.747030610284120433e-01
1.866764815172727299e-01 1.866764815172727299e-01 3.491226532615797074e-01 3.272741564282661275e-01 3.151351190225489263e-01 3.777169982625442346e-01 2.644208238141360079e-01 3.836024698082166062e-01 2.294142631794545972e-01 3.659121645888987473e-01 3.995925085714815417e-01 4.233875862224152908e-01 3.995925085714981395e-01 3.659121645889316654e-01 2.294142631794454101e-01 3.836024698082536322e-01 2.644208238141286249e-01 3.777169982625984135e-01 3.151351190225564203e-01 3.272741564283006555e-01 3.491226532616010236e-01 1.866764815172888281e-01 1.866764815172888281e-01
1.937949888380011976e-01 1.937949888380011976e-01 3.492160945945325112e-01 3.331643153539803337e-01 3.256561348059434091e-01 3.851651010989293189e-01 2.780771556073575179e-01 3.870668115641883178e-01 2.371396219746021161e-01 3.749549210543975941e-01 3.705624516731493290e-01 4.050002198613274484e-01 3.705624516731747531e-01 3.749549210544210753e-01 2.371396219745860734e-01 3.870668115642225127e-01 2.780771556073525774e-01 3.851651010989825541e-01 3.256561348059545669e-01 3.331643153540128632e-01 3.492160945945537720e-01 1.937949888380174346e-01 1.937949888380174346e-01
1.959696723443575817e-01 1.959696723443575817e-01 3.357934774064835759e-01 3.347454430886044330e-01 3.186317837193797242e-01 3.904759594267628864e-01 2.787150318548743955e-01 3.885384598120109612e-01 2.413175009418557782e-01 3.861668416571451545e-01 3.490056991179938395e-01 3.951125545129254846e-01 3.490056991180262580e-01 3.861668416571601425e-01 2.413175009418355721e-01 3.885384598120440458e-01 2.787150318548707872e-01 3.904759594268179534e-01 3.186317837193927138e-01 3.347454430886377952e-01 3.357934774065054473e-01 1.959696723443732080e-01 1.959696723443732080e-01
1.940459307787815724e-01 1.940459307787815724e-01 3.123080756951734371e-01 3.325031281295859342e-01 2.961872331831505445e-01 3.932281115125263460e-01 2.690918484186121673e-01 3.884380758298945913e-01 2.435561231270887139e-01 3.978635401177866293e-01 3.366846130903831114e-01 3.940321908962609032e-01 3.366846130904194712e-01 3.978635401177931796e-01 2.435561231270651494e-01 3.884380758299264547e-01 2.690918484186081150e-01 3.932281115125808024e-01 2.961872331831679750e-01 3.325031281296195185e-01 3.123080756951948089e-01 1.940459307787972543e-01 1.940459307787972543e-01
1.895389123454936653e-01 1.895389123454936653e-01 2.846737350727601146e-01 3.278215484305884719e-01 2.639266050989622081e-01 3.936106466527303782e-01 2.540093617392001901e-01 3.874657363203783955e-01 2.464101765206361816e-01 4.086334237663424296e-01 3.329291367363617637e-01 4.005776481452155702e-01 3.329291367363996779e-01 4.086334237663415414e-01 2.464101765206124783e-01 3.874657363204086491e-01 2.540093617391946945e-01 3.936106466527839465e-01 2.639266050989830248e-01 3.278215484306229444e-01 2.846737350727822080e-01 1.895389123455097913e-01 1.895389123455097913e-01
