# L = 12 / J = 1 / lamb = 0.8
# particle_position = 5
# final_time = 10 / steps = 100
0.000000000000000000e+00 0.000000000000000000e+00 0.000000000000000000e+00 0.000000000000000000e+00 0.000000000000000000e+00 0.000000000000000000e+00 0.000000000000000000e+00 0.000000000000000000e+00 0.000000000000000000e+00 0.000000000000000000e+00 1.000000000000000000e+00 1.000000000000000000e+00 1.000000000000000000e+00 0.000000000000000000e+00 0.000000000000000000e+00 0.000000000000000000e+00 0.000000000000000000e+00 0.000000000000000000e+00 0.000000000000000000e+00 0.000000000000000000e+00 0.000000000000000000e+00 0.000000000000000000e+00 0.000000000000000000e+00
6.293185577467493713e-03 6.293185577467493713e-03 1.250583093677266541e-02 6.293380957466112799e-03 1.250602610795846677e-02 6.293380958106754852e-03 1.250602662218773184e-02 6.293381470607112109e-03 1.259839482374846761e-02 6.385857784827217096e-03 9.874014975202457522e-01 9.937066181733675840e-01 9.874014975202457522e-01 6.385857784827246586e-03 1.259839482374854915e-02 6.293381470607164151e-03 1.250602662218779949e-02 6.293380958106776536e-03 1.250602610795851014e-02 6.293380957466104993e-03 1.250583093677271919e-02 6.293185577467537081e-03 6.293185577467537081e-03
2.393414585144001266e-02 2.393414585144001266e-02 4.664380009463638815e-02 2.394608314709192887e-02 4.665568465892708933e-02 2.394608377633657137e-02 4.665581188393888579e-02 2.394620932114288961e-02 4.806408367624816907e-02 2.536118948273041393e-02 9.519293179074950206e-01 9.760537032325553586e-01 9.519293179074953537e-01 2.536118948273056659e-02 4.806408367624849520e-02 2.394620932114308390e-02 4.665581188393911477e-02 2.394608377633661994e-02 4.665568465892710320e-02 2.394608314709194621e-02 4.664380009463665183e-02 2.393414585144037349e-02 2.393414585144037349e-02
4.951571962904325469e-02 4.951571962904325469e-02 9.334020133339716863e-02 4.964158848168253452e-02 9.346475210469269712e-02 4.964162235702754278e-02 9.346783318156574871e-02 4.964461462587721474e-02 1.000468877985286331e-01 5.629619563869715099e-02 8.998831283658744740e-01 9.503532946899464484e-01 8.998831283658742519e-01 5.629619563869743548e-02 1.000468877985292437e-01 4.964461462587768659e-02 9.346783318156634546e-02 4.964162235702774401e-02 9.346475210469309958e-02 4.964158848168277738e-02 9.334020133339808456e-02 4.951571962904415675e-02 4.951571962904415675e-02
7.829897023913372223e-02 7.829897023913372223e-02 1.406509000833882639e-01 7.893387232963912370e-02 1.412731439214033324e-01 7.893441955512893460e-02 1.413015873817176637e-01 7.896146692686441260e-02 1.598867828226925303e-01 9.792497858954973822e-02 8.397568556250138982e-01 9.210196034933527676e-01 8.397568556250131211e-01 9.792497858955023782e-02 1.598867828226935017e-01 7.896146692686537016e-02 1.413015873817186907e-01 7.893441955512944808e-02 1.412731439214043039e-01 7.893387232964016453e-02 1.406509000833907341e-01 7.829897023913544307e-02 7.829897023913544307e-02
1.053395012556550964e-01 1.053395012556550964e-01 1.773710219299048652e-01 1.074485920595279059e-01 1.794088567171408521e-01 1.074531164803916722e-01 1.795621695378391003e-01 1.075953121822319225e-01 2.188550187047141882e-01 1.481972277787050596e-01 7.799440786864034747e-01 8.923053940491142422e-01 7.799440786864029196e-01 1.481972277787058090e-01 2.188550187047156870e-01 1.075953121822333797e-01 1.795621695378405713e-01 1.074531164803929351e-01 1.794088567171426007e-01 1.074485920595297933e-01 1.773710219299078628e-01 1.053395012556575666e-01 1.053395012556575666e-01
1.265910210726312324e-01 1.265910210726312324e-01 1.962175774686686081e-01 1.319115277248343876e-01 2.012548974705845872e-01 1.319358424717265998e-01 2.018384387148158821e-01 1.324625409461053227e-01 2.702307215552047781e-01 2.043149334237574222e-01 7.266755323904365849e-01 8.671730454649113629e-01 7.266755323904358077e-01 2.043149334237585324e-01 2.702307215552061104e-01 1.324625409461073211e-01 2.018384387148182135e-01 1.319358424717285150e-01 2.012548974705871407e-01 1.319115277248372742e-01 1.962175774686720497e-01 1.265910210726347018e-01 1.265910210726347018e-01
1.396970359780301263e-01 1.396970359780301263e-01 1.955718231322318978e-01 1.506941278494467462e-01 2.056929334490580075e-01 1.507907129304137950e-01 2.074290382825011159e-01 1.523150600320442583e-01 3.106012672610027336e-01 2.630153584099328423e-01 6.828096122607681950e-01 8.466507122009503394e-01 6.828096122607675289e-01 2.630153584099341191e-01 3.106012672610048431e-01 1.523150600320465897e-01 2.074290382825041412e-01 1.507907129304166260e-01 2.056929334490613936e-01 1.506941278494506320e-01 1.955718231322354783e-01 1.396970359780342064e-01 1.396970359780342064e-01
1.442896822434844850e-01 1.442896822434844850e-01 1.793155565606988078e-01 1.637752380089487758e-01 1.965685420815734552e-01 1.640816927146175053e-01 2.008583873457102376e-01 1.677519260869887174e-01 3.400589598618650178e-01 3.210443838985330145e-01 6.477657233725803154e-01 8.298400546529104416e-01 6.477657233725783170e-01 3.210443838985342357e-01 3.400589598618664611e-01 1.677519260869918816e-01 2.008583873457132074e-01 1.640816927146218629e-01 1.965685420815775353e-01 1.637752380089539106e-01 1.793155565607022495e-01 1.442896822434891202e-01 1.442896822434891202e-01
1.417687755203132782e-01 1.417687755203132782e-01 1.549730844664244933e-01 1.722349629216183564e-01 1.805812715415937575e-01 1.730519030636243627e-01 1.897358496951983553e-01 1.807124962160853443e-01 3.613452717347430676e-01 3.756746583215778701e-01 6.184870830267186204e-01 8.145123440839954210e-01 6.184870830267176212e-01 3.756746583215794244e-01 3.613452717347449550e-01 1.807124962160894244e-01 1.897358496952019080e-01 1.730519030636296363e-01 1.805812715415977543e-01 1.722349629216254063e-01 1.549730844664268248e-01 1.417687755203192179e-01 1.417687755203192179e-01
1.346827122404584409e-01 1.346827122404584409e-01 1.309265515237621191e-01 1.775379178359276222e-01 1.645449147563392833e-01 1.794321796812309855e-01 1.818705615612587201e-01 1.936932898762881161e-01 3.783295325538261200e-01 4.250992244967525258e-01 5.909939597860731642e-01 7.980400912827079196e-01 5.909939597860734972e-01 4.250992244967540246e-01 3.783295325538273413e-01 1.936932898762931121e-01 1.818705615612632998e-01 1.794321796812383685e-01 1.645449147563438352e-01 1.775379178359363930e-01 1.309265515237640343e-01 1.346827122404641308e-01 1.346827122404641308e-01
1.259301981443230467e-01 1.259301981443230467e-01 1.137172978178963428e-01 1.808912278307033550e-01 1.530959540116121065e-01 1.848066464976279855e-01 1.827255742035302222e-01 2.089733180446418093e-01 3.943868216025519513e-01 4.685760499802760770e-01 5.619475312020846269e-01 7.783269025555380471e-01 5.619475312020859592e-01 4.685760499802778534e-01 3.943868216025537277e-01 2.089733180446474714e-01 1.827255742035349961e-01 1.848066464976365619e-01 1.530959540116169082e-01 1.808912278307136523e-01 1.137172978178984523e-01 1.259301981443295415e-01 1.259301981443295415e-01
1.180227689632737109e-01 1.180227689632737109e-01 1.063176128079423161e-01 1.828882237066698224e-01 1.476347220751597911e-01 1.902315903200112734e-01 1.940493213376520976e-01 2.280693764799884560e-01 4.112107884437878336e-01 5.062871219526522415e-01 5.297185217006341595e-01 7.544401210609810171e-01 5.297185217006353808e-01 5.062871219526531297e-01 4.112107884437896654e-01 2.280693764799950063e-01 1.940493213376575099e-01 1.902315903200219316e-01 1.476347220751653977e-01 1.828882237066819794e-01 1.063176128079447308e-01 1.180227689632811772e-01 1.180227689632811772e-01
1.125947142917312072e-01 1.125947142917312072e-01 1.078327550073191199e-01 1.835141678550035738e-01 1.467166222488354432e-01 1.961735458936220144e-01 2.139942228331299656e-01 2.515201900413295832e-01 4.283908954861372909e-01 5.389718110078655089e-01 4.946932170036565379e-01 7.267908069188729892e-01 4.946932170036578702e-01 5.389718110078672852e-01 4.283908954861394558e-01 2.515201900413370772e-01 2.139942228331362384e-01 1.961735458936347820e-01 1.467166222488407168e-01 1.835141678550167577e-01 1.078327550073222146e-01 1.125947142917400612e-01 1.125947142917400612e-01
1.102451965692990005e-01 1.102451965692990005e-01 1.145496000640249812e-01 1.824485445177637388e-01 1.475172706293508551e-01 2.027030140750291920e-01 2.384508944005545306e-01 2.789740985709262544e-01 4.437897457022679237e-01 5.674652974147414985e-01 4.588479010057965324e-01 6.968811085543282768e-01 4.588479010057976981e-01 5.674652974147431639e-01 4.437897457022697556e-01 2.789740985709354693e-01 2.384508944005613307e-01 2.027030140750429310e-01 1.475172706293558789e-01 1.824485445177775333e-01 1.145496000640286310e-01 1.102451965693089647e-01 1.102451965693089647e-01
1.106857075666048823e-01 1.106857075666048823e-01 1.217907781706939196e-01 1.794968590714593470e-01 1.476137993929293735e-01 2.097989552745222475e-01 2.629183601501057788e-01 3.094720104325176524e-01 4.544850648940341187e-01 5.922968873928720068e-01 4.248664587739992560e-01 6.667808061515302365e-01 4.248664587740009768e-01 5.922968873928720068e-01 4.544850648940366167e-01 3.094720104325267007e-01 2.629183601501129397e-01 2.097989552745371522e-01 1.476137993929341197e-01 1.794968590714741408e-01 1.217907781706983883e-01 1.106857075666161927e-01 1.106857075666161927e-01
1.130815153707340204e-01 1.130815153707340204e-01 1.258175096872390097e-01 1.749539608051783046e-01 1.462889656217481460e-01 2.176093162624969934e-01 2.841315619157188110e-01 3.417914121548176198e-01 4.578823517188991832e-01 6.134734680485888214e-01 3.951840501988780341e-01 6.385551644320266451e-01 3.951840501988789778e-01 6.134734680485877112e-01 4.578823517189018477e-01 3.417914121548261686e-01 2.841315619157253614e-01 2.176093162625131472e-01 1.462889656217525869e-01 1.749539608051939865e-01 1.258175096872433396e-01 1.130815153707464271e-01 1.130815153707464271e-01
1.164414248493494258e-01 1.164414248493494258e-01 1.251038137218819513e-01 1.697463911089498456e-01 1.448577432813816512e-01 2.265661700383930222e-01 3.008781897332458710e-01 3.747397446597470760e-01 4.525990688074840729e-01 6.305018548998071459e-01 3.712930824382872363e-01 6.138356878575088604e-01 3.712930824382889017e-01 6.305018548998054806e-01 4.525990688074869039e-01 3.747397446597551252e-01 3.008781897332529209e-01 2.265661700384108412e-01 1.448577432813852872e-01 1.697463911089664435e-01 1.251038137218868362e-01 1.164414248493629844e-01 1.164414248493629844e-01
1.199288817314072136e-01 1.199288817314072136e-01 1.206187381345412979e-01 1.653018395848670219e-01 1.459861136850238994e-01 2.373368653760567770e-01 3.138368352505069847e-01 4.073344180598994502e-01 4.388532201328801952e-01 6.426176596240015249e-01 3.534887032034932375e-01 5.936310308599774821e-01 3.534887032034949583e-01 6.426176596239978611e-01 4.388532201328835813e-01 4.073344180599072772e-01 3.138368352505140346e-01 2.373368653760758729e-01 1.459861136850274521e-01 1.653018395848841748e-01 1.206187381345459469e-01 1.199288817314217298e-01 1.199288817314217298e-01
1.230236075317371336e-01 1.230236075317371336e-01 1.151599876230862129e-01 1.632076894943885192e-01 1.524059049014674927e-01 2.506635419729577596e-01 3.246765684116401651e-01 4.388585756842895425e-01 4.182964105299702418e-01 6.491203227035128309e-01 3.410389608802114059e-01 5.783646020564447987e-01 3.410389608802127936e-01 6.491203227035090562e-01 4.182964105299729618e-01 4.388585756842971475e-01 3.246765684116463824e-01 2.506635419729779657e-01 1.524059049014712952e-01 1.632076894944076706e-01 1.151599876230909730e-01 1.230236075317521216e-01 1.230236075317521216e-01
1.255305342844144634e-01 1.255305342844144634e-01 1.121202664227920892e-01 1.648015762331961898e-01 1.656482563504910188e-01 2.671740966436687570e-01 3.349120459359030133e-01 4.688197548160444317e-01 3.934324670783742040e-01 6.496884007615398859e-01 3.326184236094170132e-01 5.680440698524794607e-01 3.326184236094182345e-01 6.496884007615364443e-01 3.934324670783774236e-01 4.688197548160505934e-01 3.349120459359090640e-01 2.671740966436903508e-01 1.656482563504959316e-01 1.648015762332168399e-01 1.121202664227974183e-01 1.255305342844298955e-01 1.255305342844298955e-01
1.274861101066384061e-01 1.274861101066384061e-01 1.142192716827752641e-01 1.708535326133050758e-01 1.853493100541296901e-01 2.872344714070468319e-01 3.450282402609181620e-01 4.968563726242078427e-01 3.668866836590547464e-01 6.445715411182194599e-01 3.267899725187125015e-01 5.624424246413541884e-01 3.267899725187145554e-01 6.445715411182165733e-01 3.668866836590583547e-01 4.968563726242134493e-01 3.450282402609243237e-01 2.872344714070693694e-01 1.853493100541359073e-01 1.708535326133275301e-01 1.142192716827816062e-01 1.274861101066545599e-01 1.274861101066545599e-01
1.290348885845242488e-01 1.290348885845242488e-01 1.226667173902905722e-01 1.814488826539763788e-01 2.093819214101004800e-01 3.108730932665990654e-01 3.541997020182338640e-01 5.226369034534640301e-01 3.408022525680971526e-01 6.346115545009377579e-01 3.223587162647763571e-01 5.612003368333127185e-01 3.223587162647786331e-01 6.346115545009350933e-01 3.408022525681008164e-01 5.226369034534689151e-01 3.541997020182398592e-01 3.108730932666215474e-01 2.093819214101086956e-01 1.814488826540007205e-01 1.226667173902985242e-01 1.290348885845410409e-01 1.290348885845410409e-01
1.303394564899202634e-01 1.303394564899202634e-01 1.369901396557706708e-01 1.960900564414562175e-01 2.346870197794282686e-01 3.377698419354812076e-01 3.606374083777357797e-01 5.457857320626978703e-01 3.165490190101382662e-01 6.211089414212893622e-01 3.185180783317905773e-01 5.638228134015826898e-01 3.185180783317920761e-01 6.211089414212866977e-01 3.165490190101413748e-01 5.457857320627022002e-01 3.606374083777413864e-01 3.377698419355052439e-01 2.346870197794372892e-01 1.960900564414826686e-01 1.369901396557813289e-01 1.303394564899374997e-01 1.303394564899374997e-01
1.315544900826502717e-01 1.315544900826502717e-01 1.554767264442290242e-01 2.139467389779562689e-01 2.583889657288720443e-01 3.672835848860834806e-01 3.623356282781061699e-01 5.658550238019528500e-01 2.947820732460524340e-01 6.055983208366503279e-01 3.148095292139408974e-01 5.696070521155621735e-01 3.148095292139419521e-01 6.055983208366476633e-01 2.947820732460550985e-01 5.658550238019565137e-01 3.623356282781106663e-01 3.672835848861076835e-01 2.583889657288821473e-01 2.139467389779846906e-01 1.554767264442418473e-01 1.315544900826679242e-01 1.315544900826679242e-01
1.328579856349832167e-01 1.328579856349832167e-01 1.759577080505007329e-01 2.341359692797978231e-01 2.786972392928648290e-01 3.984978598539232197e-01 3.578641668503806383e-01 5.823478997719560013e-01 2.757465038886080522e-01 5.896123033553004600e-01 3.109820552386163839e-01 5.775748228427473041e-01 3.109820552386161063e-01 5.896123033552999049e-01 2.757465038886110498e-01 5.823478997719596650e-01 3.578641668503853013e-01 3.984978598539484218e-01 2.786972392928759867e-01 2.341359692798273828e-01 1.759577080505155822e-01 1.328579856350011190e-01 1.328579856350011190e-01
1.345055240470739433e-01 1.345055240470739433e-01 1.965822730303355415e-01 2.559237010897815190e-01 2.952380825133118503e-01 4.302824066804181724e-01 3.468898113881563883e-01 5.947862057367245825e-01 2.596429458935239354e-01 5.744985402547942988e-01 3.068484038607218189e-01 5.864790310002186979e-01 3.068484038607199316e-01 5.744985402547932996e-01 2.596429458935267665e-01 5.947862057367295785e-01 3.468898113881601630e-01 4.302824066804424863e-01 2.952380825133228970e-01 2.559237010898121056e-01 1.965822730303531662e-01 1.345055240470922064e-01 1.345055240470922064e-01
1.368659514060165117e-01 1.368659514060165117e-01 2.162951820709227979e-01 2.787950303653529138e-01 3.087418710270954381e-01 4.613814166687522644e-01 3.302722824813265623e-01 6.028063397691764136e-01 2.468706583091829776e-01 5.613205275784685089e-01 3.022025653825664571e-01 5.949166180781831903e-01 3.022025653825637925e-01 5.613205275784672876e-01 2.468706583091862805e-01 6.028063397691799663e-01 3.302722824813293934e-01 4.613814166687778551e-01 3.087418710271070954e-01 2.787950303653852213e-01 2.162951820709418382e-01 1.368659514060346083e-01 1.368659514060346083e-01
1.404089504235053742e-01 1.404089504235053742e-01 2.348977326276377176e-01 3.024092248254581783e-01 3.202989251420496064e-01 4.905355992058186287e-01 3.097760494376853302e-01 6.062594780098866654e-01 2.380401790627368064e-01 5.508357189319522673e-01 2.968134766110361866e-01 6.015289532848280274e-01 2.968134766110318012e-01 5.508357189319532665e-01 2.380401790627401926e-01 6.062594780098927716e-01 3.097760494376866069e-01 4.905355992058440529e-01 3.202989251420608197e-01 3.024092248254910409e-01 2.348977326276579236e-01 1.404089504235237484e-01 1.404089504235237484e-01
1.456388022524413572e-01 1.456388022524413572e-01 2.527542120525966274e-01 3.265027534304534851e-01 3.305630483592134627e-01 5.166259214000973321e-01 2.875806812861583239e-01 6.052896977873211126e-01 2.337586958185635388e-01 5.435189951633369043e-01 2.904708258716910407e-01 6.052303473359226249e-01 2.904708258716847680e-01 5.435189951633371264e-01 2.337586958185669528e-01 6.052896977873252204e-01 2.875806812861595452e-01 5.166259214001229783e-01 3.305630483592262303e-01 3.265027534304869028e-01 2.527542120526176661e-01 1.456388022524593984e-01 1.456388022524593984e-01
1.529929521667524606e-01 1.529929521667524606e-01 2.703311407547817624e-01 3.508093382343569488e-01 3.392678968878986567e-01 5.388058481419052415e-01 2.658082188046270722e-01 6.003668156763826147e-01 2.342912379030602232e-01 5.395931118581824837e-01 2.830450695135985906e-01 6.053920539672650314e-01 2.830450695135917627e-01 5.395931118581838160e-01 2.342912379030625547e-01 6.003668156763883879e-01 2.658082188046277938e-01 5.388058481419306656e-01 3.392678968879122015e-01 3.508093382343909772e-01 2.703311407548045220e-01 1.529929521667713899e-01 1.529929521667713899e-01
1.627390383984493316e-01 1.627390383984493316e-01 2.877859430968373600e-01 3.750353725634359980e-01 3.452504947356189180e-01 5.565822306515902929e-01 2.462207795295007218e-01 5.922608223152242557e-01 2.392521254667230035e-01 5.390396488359960880e-01 2.745336002686534216e-01 6.019262537536823610e-01 2.745336002686465937e-01 5.390396488359973093e-01 2.392521254667250297e-01 5.922608223152304729e-01 2.462207795295009161e-01 5.565822306516132745e-01 3.452504947356342391e-01 3.750353725634701374e-01 2.877859430968596199e-01 1.627390383984675948e-01 1.627390383984675948e-01
1.749050241922048277e-01 1.749050241922048277e-01 3.047616981176443640e-01 3.988851320145016532e-01 3.469379762436345382e-01 5.698196832876344375e-01 2.301241648000796336e-01 5.819597297219140097e-01 2.474686417275348549e-01 5.415866355691191236e-01 2.650847311791515448e-01 5.952518659599111972e-01 2.650847311791450500e-01 5.415866355691215661e-01 2.474686417275360484e-01 5.819597297219203380e-01 2.301241648000802442e-01 5.698196832876570861e-01 3.469379762436499148e-01 3.988851320145365142e-01 3.047616981176671791e-01 1.749050241922239235e-01 1.749050241922239235e-01
1.892651397231046584e-01 1.892651397231046584e-01 3.204358017359026367e-01 4.220996441964088852e-01 3.430564325977706885e-01 5.786723733729679520e-01 2.184079663007308103e-01 5.705482090722567845e-01 2.570927023248258392e-01 5.466913658337211324e-01 2.550050936784420963e-01 5.861642209462053499e-01 2.550050936784362121e-01 5.466913658337243520e-01 2.570927023248250620e-01 5.705482090722637789e-01 2.184079663007321426e-01 5.786723733729901564e-01 3.430564325977866202e-01 4.220996441964446899e-01 3.204358017359267286e-01 1.892651397231247257e-01 1.892651397231247257e-01
2.053851885298856317e-01 2.053851885298856317e-01 3.337643082171539155e-01 4.444706452785954776e-01 3.332438607767786998e-01 5.834747410521877731e-01 2.116076720440528414e-01 5.590753697050707682e-01 2.659448908331945027e-01 5.535486037313079866e-01 2.447559036573455082e-01 5.756574010695914012e-01 2.447559036573414837e-01 5.535486037313127605e-01 2.659448908331920602e-01 5.590753697050774296e-01 2.116076720440547565e-01 5.834747410522094224e-01 3.332438607767939098e-01 4.444706452786311157e-01 3.337643082171778963e-01 2.053851885299065316e-01 2.053851885299065316e-01
2.227118470400608896e-01 2.227118470400608896e-01 3.438003235072161767e-01 4.658132258512431845e-01 3.183127675498130804e-01 5.846346492391476524e-01 2.099016105049113234e-01 5.484422166203443139e-01 2.719929944497123664e-01 5.611497910293445912e-01 2.349323911692650368e-01 5.647529441938966555e-01 2.349323911692634270e-01 5.611497910293503644e-01 2.719929944497079255e-01 5.484422166203509752e-01 2.099016105049144876e-01 5.846346492391693017e-01 3.183127675498292342e-01 4.658132258512793777e-01 3.438003235072407682e-01 2.227118470400832884e-01 2.227118470400832884e-01
2.406781977110772353e-01 2.406781977110772353e-01 3.499591143826014106e-01 4.859105855456982148e-01 3.000714251933200849e-01 5.825646699184051647e-01 2.130303586501851865e-01 5.393313691812748889e-01 2.738216165029484506e-01 5.683996059181382066e-01 2.262099915373083081e-01 5.543732481123431199e-01 2.262099915373085579e-01 5.683996059181444238e-01 2.738216165029416227e-01 5.393313691812812172e-01 2.130303586501897661e-01 5.825646699184262589e-01 3.000714251933361831e-01 4.859105855457351297e-01 3.499591143826261130e-01 2.406781977111006332e-01 2.406781977111006332e-01
2.587951405278932637e-01 2.587951405278932637e-01 3.521444086956083130e-01 5.044630757197511306e-01 2.807987150313906999e-01 5.776660488914435732e-01 2.202026446395002890e-01 5.321860461691997335e-01 2.709528702149264223e-01 5.742708706589161327e-01 2.192427758492969392e-01 5.452720158926011029e-01 2.192427758492996870e-01 5.742708706589245704e-01 2.709528702149178181e-01 5.321860461692075051e-01 2.202026446395059234e-01 5.776660488914640013e-01 2.807987150314053548e-01 5.044630757197894333e-01 3.521444086956326269e-01 2.587951405279179662e-01 2.587951405279179662e-01
2.767051987725807627e-01 2.767051987725807627e-01 3.507141186632541374e-01 5.210719044577533099e-01 2.625976603249218222e-01 5.703566612202453090e-01 2.300870568042922559e-01 5.272281619260003049e-01 2.639258008371545561e-01 5.779592710091515650e-01 2.145186728335066739e-01 5.380099376275411238e-01 2.145186728335117532e-01 5.779592710091600027e-01 2.639258008371449526e-01 5.272281619260099639e-01 2.300870568042987507e-01 5.703566612202652930e-01 2.625976603249366992e-01 5.210719044577922787e-01 3.507141186632780627e-01 2.767051987726070195e-01 2.767051987726070195e-01
2.941883962178897804e-01 2.941883962178897804e-01 3.463218830125950332e-01 5.352692005294739097e-01 2.468800477224442347e-01 5.611184029534084239e-01 2.409639137782857710e-01 5.244940318055568707e-01 2.541160049236111385e-01 5.789951817692031710e-01 2.122054074965903647e-01 5.329513941462709070e-01 2.122054074965967763e-01 5.789951817692120528e-01 2.541160049236005913e-01 5.244940318055673067e-01 2.409639137782927931e-01 5.611184029534284079e-01 2.468800477224586676e-01 5.352692005295132116e-01 3.463218830126181813e-01 2.941883962179180911e-01 2.941883962179180911e-01
3.111247510799948213e-01 3.111247510799948213e-01 3.397046543571047850e-01 5.465833289517409987e-01 2.341586866172659653e-01 5.505349783655921758e-01 2.510389034597490521e-01 5.238658729935233849e-01 2.433527015026883678e-01 5.772833860879308387e-01 2.120448813727441040e-01 5.302607249247918153e-01 2.120448813727514870e-01 5.772833860879403867e-01 2.433527015026781815e-01 5.238658729935353753e-01 2.510389034597557689e-01 5.505349783656117157e-01 2.341586866172806203e-01 5.465833289517809668e-01 3.397046543571276001e-01 3.111247510800251859e-01 3.111247510800251859e-01
3.274300679350562460e-01 3.274300679350562460e-01 3.314905868023169666e-01 5.546145054344241432e-01 2.241861980010257382e-01 5.392969664981441813e-01 2.588360762600925291e-01 5.250879289305826481e-01 2.334455940645788485e-01 5.730664401434052424e-01 2.133551997201657280e-01 5.298906254558489737e-01 2.133551997201732497e-01 5.730664401434144573e-01 2.334455940645703276e-01 5.250879289305968589e-01 2.588360762600992460e-01 5.392969664981634992e-01 2.241861980010408095e-01 5.546145054344638892e-01 3.314905868023391711e-01 3.274300679350884424e-01 3.274300679350884424e-01
3.429880080307030066e-01 3.429880080307030066e-01 3.220816826360884955e-01 5.590966915491375477e-01 2.163412314940454106e-01 5.281637633338002180e-01 2.635346228974357330e-01 5.277717656221142528e-01 2.257534533842290858e-01 5.668324426196081900e-01 2.151707859684555690e-01 5.315715854469760249e-01 2.151707859684623969e-01 5.668324426196174048e-01 2.257534533842232849e-01 5.277717656221301290e-01 2.635346228974416727e-01 5.281637633338209792e-01 2.163412314940601766e-01 5.590966915491774047e-01 3.220816826361099228e-01 3.429880080307373125e-01 3.429880080307373125e-01
3.576007226603564737e-01 3.576007226603564737e-01 3.116339532679249791e-01 5.599337954228236214e-01 2.100792078956241205e-01 5.178871793925812206e-01 2.651191770349657362e-01 5.314073688995224476e-01 2.209071054339730722e-01 5.592022382938005576e-01 2.164990269695925840e-01 5.348205097631537619e-01 2.164990269695976910e-01 5.592022382938094394e-01 2.209071054339711293e-01 5.314073688995406552e-01 2.651191770349707322e-01 5.178871793926034250e-01 2.100792078956387476e-01 5.599337954228634784e-01 3.116339532679457403e-01 3.576007226603925560e-01 3.576007226603925560e-01
3.709734559433389700e-01 3.709734559433389700e-01 3.001262679743818551e-01 5.572119085320240695e-01 2.052617052486001015e-01 5.091149122298144203e-01 2.642776288048664379e-01 5.353983665053837493e-01 2.187496221682090625e-01 5.508296688856033629e-01 2.166174621097780584e-01 5.389836576263096202e-01 2.166174621097811670e-01 5.508296688856114676e-01 2.187496221682109221e-01 5.353983665054040664e-01 2.642776288048715450e-01 5.091149122298382901e-01 2.052617052486140903e-01 5.572119085320621501e-01 3.001262679744016171e-01 3.709734559433762180e-01 3.709734559433762180e-01
3.827378069752321310e-01 3.827378069752321310e-01 2.874859756395556354e-01 5.511961133600266072e-01 2.022480752541314930e-01 5.022999844430522387e-01 2.620771562037692015e-01 5.391298929799198669e-01 2.184924359817143891e-01 5.423341070887125470e-01 2.153046034906868633e-01 5.433156179380475015e-01 2.153046034906877515e-01 5.423341070887194304e-01 2.184924359817199124e-01 5.391298929799411832e-01 2.620771562037745861e-01 5.022999844430771077e-01 2.022480752541460647e-01 5.511961133600644658e-01 2.874859756395743426e-01 3.827378069752687129e-01 3.827378069752687129e-01
3.925069339197596041e-01 3.925069339197596041e-01 2.737284365875427561e-01 5.423178015935963270e-01 2.017391711325438042e-01 4.976418273183424446e-01 2.595371782589545040e-01 5.420611687562069125e-01 2.190270111352506377e-01 5.342655077188167567e-01 2.129086933020770955e-01 5.470798311336420028e-01 2.129086933020757078e-01 5.342655077188238621e-01 2.190270111352597693e-01 5.420611687562283398e-01 2.595371782589606657e-01 4.976418273183698116e-01 2.017391711325578763e-01 5.423178015936336305e-01 2.737284365875603531e-01 3.925069339197960194e-01 3.925069339197960194e-01
3.999469941364271475e-01 3.999469941364271475e-01 2.590685951584478786e-01 5.311507402369118891e-01 2.044607865833379112e-01 4.950756780873000196e-01 2.572595706843264218e-01 5.438197691503282583e-01 2.192936715182575713e-01 5.270880489410388892e-01 2.102131757211856133e-01 5.496461459082300216e-01 2.102131757211821161e-01 5.270880489410455505e-01 2.192936715182694229e-01 5.438197691503500186e-01 2.572595706843325836e-01 4.950756780873281637e-01 2.044607865833521221e-01 5.311507402369470832e-01 2.590685951584637547e-01 3.999469941364630077e-01 3.999469941364630077e-01
4.048448443935400709e-01 4.048448443935400709e-01 2.439731707626769108e-01 5.183687465277815321e-01 2.108272499959385204e-01 4.943123195148543259e-01 2.552539342384745891e-01 5.442679051941722301e-01 2.186008982489745511e-01 5.211651800836278881e-01 2.081363202422711056e-01 5.505622496665685262e-01 2.081363202422661374e-01 5.211651800836346604e-01 2.186008982489885122e-01 5.442679051941936574e-01 2.552539342384816390e-01 4.943123195148848015e-01 2.108272499959533142e-01 5.183687465278162820e-01 2.439731707626918711e-01 4.048448443935747099e-01 4.048448443935747099e-01
4.071534180807247494e-01 4.071534180807247494e-01 2.291384551395801439e-01 5.046801056598768653e-01 2.207190632309669609e-01 4.949155108877513753e-01 2.530182167060088250e-01 5.435160145149743327e-01 2.168096460696270211e-01 5.167366444690516536e-01 2.073729820935411583e-01 5.495872001138383256e-01 2.073729820935352186e-01 5.167366444690585370e-01 2.168096460696415373e-01 5.435160145149947608e-01 2.530182167060165965e-01 4.949155108877839604e-01 2.207190632309830591e-01 5.046801056599118374e-01 2.291384551395945490e-01 4.071534180807582226e-01 4.071534180807582226e-01
4.070026490448815371e-01 4.070026490448815371e-01 2.153973057859685236e-01 4.907435827585893695e-01 2.334522510956894836e-01 4.963954394385325375e-01 2.498343888131852319e-01 5.418739813480922818e-01 2.143399879552663201e-01 5.138913283612153160e-01 2.081172550518103903e-01 5.466900552364383215e-01 2.081172550518046727e-01 5.138913283612223104e-01 2.143399879552816689e-01 5.418739813481127099e-01 2.498343888131944468e-01 4.963954394385658997e-01 2.334522510957066366e-01 4.907435827586243970e-01 2.153973057859832341e-01 4.070026490449132894e-01 4.070026490449132894e-01
4.046733821503382678e-01 4.046733821503382678e-01 2.035760245789546563e-01 4.770826290549354254e-01 2.479381420260242386e-01 4.982959720853535890e-01 2.451557247104488302e-01 5.397500655219650278e-01 2.120089205574521296e-01 5.125505510400389930e-01 2.099793338320406766e-01 5.420268983286604669e-01 2.099793338320352087e-01 5.125505510400467646e-01 2.120089205574677560e-01 5.397500655219851229e-01 2.451557247104587112e-01 4.982959720853868402e-01 2.479381420260425017e-01 4.770826290549704529e-01 2.035760245789707823e-01 4.046733821503697426e-01 4.046733821503697426e-01
4.005416757885530421e-01 4.005416757885530421e-01 1.943340951618155454e-01 4.640210314639551248e-01 2.629624448589680807e-01 5.002598822554102931e-01 2.389289664788409318e-01 5.375251986269937721e-01 2.107545971086384473e-01 5.124782435399777292e-01 2.121355728349739456e-01 5.359107507507021584e-01 2.121355728349694214e-01 5.124782435399846126e-01 2.107545971086536851e-01 5.375251986270132010e-01 2.389289664788520340e-01 5.002598822554428226e-01 2.629624448589865104e-01 4.640210314639910960e-01 1.943340951618329759e-01 4.005416757885845724e-01 4.005416757885845724e-01
3.950085159884866304e-01 3.950085159884866304e-01 1.880247206659763637e-01 4.516602423283600509e-01 2.774761787157623005e-01 5.020649530825831430e-01 2.317228612349088446e-01 5.354394745796539068e-01 2.113319732363757864e-01 5.133259314433810117e-01 2.136567032301087132e-01 5.287818001098909537e-01 2.136567032301047164e-01 5.133259314433881171e-01 2.113319732363909131e-01 5.354394745796734467e-01 2.317228612349211680e-01 5.020649530826142293e-01 2.774761787157801196e-01 4.516602423283949674e-01 1.880247206659953763e-01 3.950085159885185493e-01 3.950085159885185493e-01
3.884332097523690019e-01 3.884332097523690019e-01 1.846105458146030109e-01 4.399064956012018746e-01 2.907975986741258012e-01 5.036303646422444213e-01 2.246114077809289455e-01 5.335248827098214575e-01 2.140707962070318715e-01 5.147057831555539309e-01 2.138846676430603555e-01 5.211755150091593736e-01 2.138846676430576077e-01 5.147057831555601481e-01 2.140707962070451942e-01 5.335248827098399982e-01 2.246114077809431286e-01 5.036303646422742863e-01 2.907975986741418994e-01 4.399064956012372352e-01 1.846105458146233835e-01 3.884332097524006988e-01 3.884332097524006988e-01
3.810868582467291099e-01 3.810868582467291099e-01 1.836573151434825191e-01 4.285397693998242996e-01 3.026666074734901679e-01 5.049953933523803062e-01 2.188545758407809405e-01 5.316040475085175299e-01 2.187677570218517775e-01 5.162717297515342363e-01 2.127058647668644276e-01 5.136803892627770374e-01 2.127058647668623736e-01 5.162717297515392323e-01 2.187677570218642953e-01 5.316040475085364037e-01 2.188545758407966502e-01 5.049953933524083949e-01 3.026666074735044898e-01 4.285397693998587165e-01 1.836573151435031692e-01 3.810868582467611954e-01 3.810868582467611954e-01
3.731360245072292692e-01 3.731360245072292692e-01 1.844107129996670758e-01 4.173036675402009843e-01 3.131521184601778196e-01 5.062729898791746841e-01 2.154948471127128840e-01 5.293535358185500472e-01 2.247451438673062074e-01 5.177834563993630734e-01 2.106086541272810808e-01 5.068794476838134333e-01 2.106086541272808588e-01 5.177834563993674033e-01 2.247451438673170321e-01 5.293535358185682549e-01 2.154948471127317577e-01 5.062729898791999972e-01 3.131521184601898655e-01 4.173036675402348461e-01 1.844107129996869487e-01 3.731360245072620208e-01 3.731360245072620208e-01
3.646579183673889779e-01 3.646579183673889779e-01 1.859419417613838166e-01 4.059905599904845563e-01 3.224653284857336155e-01 5.075826339570338464e-01 2.150169756930933040e-01 5.264095570439518701e-01 2.310584256741871623e-01 5.191332561264550005e-01 2.084998198701044081e-01 5.012792052222116990e-01 2.084998198701056571e-01 5.191332561264594414e-01 2.310584256741953502e-01 5.264095570439691896e-01 2.150169756931151754e-01 5.075826339570567169e-01 3.224653284857446622e-01 4.059905599905173634e-01 1.859419417614028847e-01 3.646579183674225066e-01 3.646579183674225066e-01
3.556796889062863176e-01 3.556796889062863176e-01 1.873302924165264061e-01 3.945009386963915787e-01 3.307593501753696152e-01 5.089720256866309134e-01 2.171918279286238762e-01 5.224811073716427723e-01 2.367883494631985442e-01 5.203286388249891425e-01 2.073521310148073726e-01 4.972406084514199298e-01 2.073521310148108143e-01 5.203286388249934724e-01 2.367883494632040398e-01 5.224811073716593146e-01 2.171918279286487452e-01 5.089720256866527848e-01 3.307593501753787191e-01 3.945009386964241083e-01 1.873302924165428096e-01 3.556796889063203460e-01 3.556796889063203460e-01
3.462282179449439057e-01 3.462282179449439057e-01 1.878405843650670093e-01 3.828668521030098026e-01 3.379904585117393112e-01 5.103444340545609803e-01 2.211550751390488068e-01 5.174353095873431840e-01 2.413235314411870114e-01 5.214385762649346168e-01 2.078225110651641949e-01 4.949313762259806015e-01 2.078225110651690799e-01 5.214385762649397238e-01 2.413235314411895927e-01 5.174353095873569508e-01 2.211550751390763125e-01 5.103444340545810753e-01 3.379904585117492477e-01 3.828668521030412775e-01 1.878405843650806373e-01 3.462282179449776010e-01 3.462282179449776010e-01
3.363748223888025635e-01 3.363748223888025635e-01 1.870532890324740349e-01 3.712412511172653584e-01 3.438834917209548370e-01 5.114136940849288715e-01 2.256855568072246021e-01 5.113314288760336668e-01 2.445380854633081580e-01 5.225229139614975260e-01 2.099903413349831216e-01 4.943142117596884266e-01 2.099903413349900327e-01 5.225229139615025220e-01 2.445380854633077417e-01 5.113314288760451021e-01 2.256855568072540785e-01 5.114136940849466351e-01 3.438834917209657172e-01 3.712412511172955010e-01 1.870532890324848874e-01 3.363748223888352040e-01 3.363748223888352040e-01
3.262618940515328303e-01 3.262618940515328303e-01 1.849165118165999877e-01 3.598634856872758303e-01 3.479989758706670266e-01 5.117071458984882026e-01 2.295787420823841574e-01 5.043986281255093962e-01 2.467990589496082687e-01 5.235695847647843237e-01 2.133155674844270655e-01 4.951727386417161259e-01 2.133155674844360861e-01 5.235695847647902079e-01 2.467990589496050768e-01 5.043986281255199433e-01 2.295787420824141056e-01 5.117071458985038568e-01 3.479989758706789615e-01 3.598634856873060284e-01 1.849165118166076760e-01 3.262618940515660260e-01 3.262618940515660260e-01
3.161047437293548756e-01 3.161047437293548756e-01 1.817097782873731693e-01 3.490140406090520009e-01 3.498612630680963953e-01 5.106259866688460658e-01 2.319829271312620622e-01 4.969704837288980714e-01 2.487935938141996317e-01 5.244619035571674859e-01 2.168288402634834522e-01 4.971635706401787980e-01 2.168288402634938605e-01 5.244619035571743693e-01 2.487935938141951075e-01 4.969704837289065091e-01 2.319829271312914276e-01 5.106259866688597215e-01 3.498612630681101621e-01 3.490140406090816994e-01 1.817097782873782763e-01 3.161047437293862949e-01 3.161047437293862949e-01
3.061697083078923631e-01 3.061697083078923631e-01 1.779345080457042649e-01 3.389698432626544466e-01 3.490903161989404313e-01 5.075548890265242363e-01 2.325882186234514426e-01 4.894002119545695084e-01 2.512292176271851418e-01 5.249889573860230252e-01 2.194772201502450948e-01 4.998757079717279783e-01 2.194772201502560305e-01 5.249889573860316849e-01 2.512292176271799793e-01 4.894002119545765028e-01 2.325882186234789484e-01 5.075548890265362267e-01 3.490903161989551418e-01 3.389698432626840896e-01 1.779345080457074291e-01 3.061697083079232828e-01 3.061697083079232828e-01
2.967364367874469333e-01 2.967364367874469333e-01 1.741676561379423283e-01 3.299676930885951931e-01 3.454896323773582467e-01 5.019949022145498985e-01 2.316203824612143303e-01 4.819817747432965094e-01 2.545105911517293040e-01 5.248977310101660132e-01 2.204936286645206578e-01 5.028803766556947386e-01 2.204936286645314270e-01 5.248977310101746729e-01 2.545105911517259178e-01 4.819817747433028376e-01 2.316203824612397544e-01 5.019949022145611117e-01 3.454896323773747890e-01 3.299676930886242254e-01 1.741676561379446320e-01 2.967364367874767428e-01 2.967364367874767428e-01
2.880560801177642349e-01 2.880560801177642349e-01 1.709256248956185220e-01 3.221798279136511844e-01 3.390721524891592842e-01 4.936835264085467911e-01 2.296678790184137897e-01 4.748952340451825793e-01 2.585127958835435891e-01 5.239698303032334081e-01 2.196556503373685854e-01 5.057631517336097504e-01 2.196556503373787439e-01 5.239698303032427340e-01 2.585127958835424233e-01 4.748952340451894072e-01 2.296678790184371044e-01 4.936835264085562280e-01 3.390721524891774363e-01 3.221798279136795506e-01 1.709256248956209367e-01 2.880560801177931562e-01 2.880560801177931562e-01
2.803168350731424785e-01 2.803168350731424785e-01 1.685802869991495090e-01 3.157030770542207931e-01 3.300391755834293783e-01 4.826686065173750873e-01 2.274305166674116807e-01 4.681844413679525641e-01 2.625454569642479141e-01 5.220942219574542520e-01 2.173474816046558344e-01 5.081404892213077229e-01 2.173474816046653824e-01 5.220942219574635779e-01 2.625454569642501346e-01 4.681844413679611128e-01 2.274305166674330803e-01 4.826686065173843576e-01 3.300391755834489738e-01 3.157030770542505471e-01 1.685802869991527564e-01 2.803168350731707892e-01 2.803168350731707892e-01
2.736243346529487197e-01 2.736243346529487197e-01 1.673481662196922570e-01 3.105607826244458636e-01 3.187472306746819140e-01 4.693176770819549315e-01 2.254986537701906546e-01 4.617660020203437354e-01 2.655392262587948360e-01 5.193061690450524459e-01 2.144167031427879899e-01 5.096699465081899749e-01 2.144167031427959558e-01 5.193061690450608836e-01 2.655392262588012753e-01 4.617660020203526727e-01 2.254986537702112770e-01 4.693176770819642574e-01 3.187472306747024531e-01 3.105607826244752845e-01 1.673481662196973085e-01 2.736243346529762532e-01 2.736243346529762532e-01
2.679984357638980352e-01 2.679984357638980352e-01 1.673440770908130315e-01 3.067139125757297746e-01 3.056944285615724177e-01 4.542650838853736772e-01 2.242455653688974204e-01 4.554627843830761913e-01 2.664062061520486302e-01 5.157739759510284738e-01 2.118938975517731249e-01 5.100651701835454688e-01 2.118938975517797030e-01 5.157739759510362454e-01 2.664062061520581226e-01 4.554627843830875156e-01 2.242455653689178208e-01 4.542650838853830031e-01 3.056944285615948997e-01 3.067139125757591955e-01 1.673440770908212749e-01 2.679984357639261794e-01 2.679984357639261794e-01
2.633824036730761931e-01 2.633824036730761931e-01 1.686630812146222291e-01 3.040749472005990217e-01 2.915332661453288177e-01 4.383165029007828339e-01 2.238548802958679751e-01 4.490525928991645488e-01 2.644566981327835520e-01 5.117356383323037328e-01 2.106886233911109685e-01 5.091231553556035960e-01 2.106886233911161865e-01 5.117356383323117264e-01 2.644566981327958755e-01 4.490525928991772608e-01 2.238548802958881812e-01 4.383165029007942692e-01 2.915332661453521323e-01 3.040749472006303300e-01 1.686630812146338310e-01 2.633824036731045037e-01 2.633824036731045037e-01
2.596574707671169824e-01 2.596574707671169824e-01 1.714413556390816107e-01 3.025169845272321356e-01 2.770853669118357177e-01 4.223375229935448782e-01 2.244374087004990526e-01 4.423212582421709449e-01 2.597227468257428118e-01 5.074080990350611220e-01 2.113735701983086301e-01 5.067634890393644120e-01 2.113735701983124049e-01 5.074080990350686715e-01 2.597227468257555238e-01 4.423212582421849892e-01 2.244374087005198692e-01 4.223375229935584230e-01 2.770853669118596985e-01 3.025169845272642766e-01 1.714413556390981808e-01 2.596574707671450710e-01 2.596574707671450710e-01
2.566562961287714439e-01 2.566562961287714439e-01 1.758547914604026152e-01 3.018729999559169319e-01 2.633145707626042831e-01 4.071487082176415417e-01 2.261485563254722608e-01 4.351086010149190497e-01 2.530597129254473221e-01 5.029028573540034186e-01 2.141228363718737648e-01 5.030693406265179801e-01 2.141228363718765404e-01 5.029028573540096358e-01 2.530597129254589794e-01 4.351086010149335381e-01 2.261485563254935216e-01 4.071487082176581951e-01 2.633145707626283194e-01 3.018729999559509602e-01 1.758547914604245976e-01 2.566562961287991995e-01 2.566562961287991995e-01
2.541724621020934327e-01 2.541724621020934327e-01 1.820425019659263899e-01 3.019264819064882976e-01 2.512224052587785916e-01 3.934388832130834568e-01 2.292200099466380758e-01 4.273367989292267133e-01 2.459679471145844454e-01 4.981782692311448324e-01 2.188012464607537455e-01 4.983113012932652852e-01 2.188012464607551610e-01 4.981782692311521599e-01 2.459679471145941321e-01 4.273367989292433666e-01 2.292200099466594199e-01 3.934388832131048286e-01 2.512224052588028500e-01 3.019264819065237138e-01 1.820425019659536736e-01 2.541724621021192454e-01 2.541724621021192454e-01
2.519679310424745022e-01 2.519679310424745022e-01 1.899802334711958030e-01 3.024021522332984713e-01 2.416648587750850341e-01 3.816987909196738471e-01 2.338677466376097858e-01 4.190155929319763217e-01 2.401756350132109308e-01 4.930436034956751090e-01 2.251396924920188725e-01 4.929324953729921077e-01 2.251396924920183729e-01 4.930436034956821034e-01 2.401756350132175644e-01 4.190155929319935302e-01 2.338677466376306302e-01 3.816987909196993822e-01 2.416648587751083488e-01 3.024021522333358858e-01 1.899802334712289154e-01 2.519679310424992602e-01 2.519679310424992602e-01
2.497838803929457452e-01 2.497838803929457452e-01 1.993595851284461484e-01 3.029697581878358359e-01 2.351364250803288092e-01 3.721742727963013864e-01 2.401102605830800762e-01 4.102273961869462582e-01 2.371155386222536243e-01 4.872108446531167592e-01 2.329028128076849613e-01 4.874807122962365180e-01 2.329028128076826021e-01 4.872108446531261405e-01 2.371155386222575934e-01 4.102273961869637442e-01 2.401102605831006154e-01 3.721742727963303632e-01 2.351364250803507083e-01 3.029697581878749713e-01 1.993595851284847287e-01 2.497838803929683937e-01 2.497838803929683937e-01
2.473605773680608855e-01 2.473605773680608855e-01 2.095378455759006331e-01 3.032714244969982875e-01 2.316022614807329294e-01 3.648420996222764279e-01 2.475903866517928653e-01 4.011040075746894473e-01 2.374758498646765414e-01 4.803757278446763035e-01 2.419703285647349378e-01 4.824908835139343211e-01 2.419703285647301916e-01 4.803757278446872392e-01 2.374758498646783456e-01 4.011040075747064892e-01 2.475903866518132934e-01 3.648420996223092905e-01 2.316022614807525803e-01 3.032714244970417528e-01 2.095378455759444314e-01 2.473605773680810915e-01 2.473605773680810915e-01
2.444684329832982617e-01 2.444684329832982617e-01 2.196034351120112471e-01 3.029737141300293257e-01 2.304606320598119873e-01 3.594177930750729888e-01 2.555090232917497928e-01 3.918096080361153644e-01 2.409858302183397472e-01 4.723037681750401062e-01 2.523023816122395568e-01 4.783435188762121260e-01 2.523023816122322294e-01 4.723037681750534289e-01 2.409858302183406908e-01 3.918096080361332945e-01 2.555090232917689441e-01 3.594177930751094596e-01 2.304606320598292790e-01 3.029737141300749559e-01 2.196034351120600969e-01 2.444684329833155534e-01 2.444684329833155534e-01
2.409463666030011164e-01 2.409463666030011164e-01 2.285590001296846363e-01 3.018334351778027558e-01 2.306789438246845680e-01 3.554063504253091588e-01 2.627377028511850843e-01 3.825386221441986478e-01 2.465134137187072472e-01 4.628993034086870684e-01 2.638178696930109646e-01 4.751417487032371101e-01 2.638178696930001399e-01 4.628993034087048875e-01 2.465134137187086627e-01 3.825386221442175216e-01 2.627377028512029034e-01 3.554063504253480721e-01 2.306789438246990565e-01 3.018334351778494407e-01 2.285590001297367335e-01 2.409463666030150497e-01 2.409463666030150497e-01
2.367377401451101204e-01 2.367377401451101204e-01 2.355745244077907252e-01 2.997574087576587720e-01 2.310806313046193938e-01 3.521989860967276176e-01 2.680958277942642187e-01 3.735242935761010630e-01 2.524354981666791509e-01 4.522425085146427604e-01 2.762561522639253031e-01 4.726518067772961240e-01 2.762561522639110922e-01 4.522425085146642987e-01 2.524354981666821485e-01 3.735242935761206029e-01 2.680958277942809276e-01 3.521989860967683628e-01 2.310806313046322169e-01 2.997574087577087321e-01 2.355745244078457368e-01 2.367377401451210839e-01 2.367377401451210839e-01
2.319112741780749443e-01 2.319112741780749443e-01 2.402270251376097676e-01 2.968353220402496495e-01 2.306947336861391307e-01 3.492026026253224891e-01 2.706957867874759116e-01 3.650423478789819320e-01 2.571399565118354102e-01 4.405881623691286220e-01 2.890997031948452367e-01 4.703355909020167647e-01 2.890997031948283613e-01 4.405881623691550453e-01 2.571399565118397956e-01 3.650423478790041920e-01 2.706957867874909551e-01 3.492026026253655102e-01 2.306947336861500109e-01 2.968353220403017190e-01 2.402270251376669441e-01 2.319112741780833264e-01 2.319112741780833264e-01
2.266564182549401230e-01 2.266564182549401230e-01 2.426376648055861007e-01 2.933317454437111560e-01 2.290453919631524338e-01 3.459706226178828614e-01 2.702168701320858957e-01 3.573923899879046240e-01 2.594750022080941076e-01 4.283291737167457813e-01 3.016078603830512628e-01 4.674745391619040125e-01 3.016078603830319449e-01 4.283291737167770896e-01 2.594750022081009910e-01 3.573923899879294375e-01 2.702168701320998845e-01 3.459706226179273814e-01 2.290453919631617041e-01 2.933317454437641691e-01 2.426376648056435825e-01 2.266564182549476447e-01 2.266564182549476447e-01
2.212495720889617323e-01 2.212495720889617323e-01 2.434461696476335479e-01 2.896349307798293804e-01 2.262729459157689360e-01 3.422943446688103131e-01 2.669908720454256534e-01 3.508506406664102517e-01 2.589949212139305290e-01 4.159360912611780869e-01 3.129637192401394929e-01 4.633530766835092796e-01 3.129637192401178991e-01 4.159360912612146688e-01 2.589949212139388557e-01 3.508506406664392285e-01 2.669908720454374218e-01 3.422943446688548330e-01 2.262729459157766521e-01 2.896349307798821160e-01 2.434461696476907522e-01 2.212495720889684214e-01 2.212495720889684214e-01
2.159972161443354521e-01 2.159972161443354521e-01 2.436172746531111155e-01 2.861715846220381221e-01 2.230390300673944504e-01 3.382213384138578194e-01 2.618613284632052562e-01 3.456058138610822450e-01 2.559450268577462828e-01 4.038887218131502754e-01 3.224878507227074143e-01 4.574494719763340100e-01 3.224878507226849322e-01 4.038887218131906875e-01 2.559450268577565524e-01 3.456058138611149966e-01 2.618613284632156368e-01 3.382213384139021728e-01 2.230390300674012782e-01 2.861715846220896919e-01 2.436172746531670430e-01 2.159972161443436955e-01 2.159972161443436955e-01
2.111708960391720513e-01 2.111708960391720513e-01 2.441348805348758366e-01 2.833054731355650890e-01 2.202513009056396853e-01 3.339920769532018774e-01 2.558782443137255780e-01 3.417044480985567678e-01 2.510391707742850032e-01 3.926154845314719921e-01 3.298420002602450718e-01 4.495790992505453443e-01 3.298420002602227008e-01 3.926154845315159569e-01 2.510391707742974932e-01 3.417044480985951815e-01 2.558782443137341267e-01 3.339920769532455092e-01 2.202513009056460136e-01 2.833054731356135503e-01 2.441348805349292661e-01 2.111708960391827927e-01 2.111708960391827927e-01
2.069535180460608526e-01 2.069535180460608526e-01 2.456837401799122356e-01 2.812426352240919303e-01 2.187141231334481517e-01 3.299185719545406625e-01 2.499625919688118203e-01 3.390331920491251871e-01 2.451599298488644496e-01 3.824505895599383254e-01 3.351433636748456513e-01 4.399494421523959531e-01 3.351433636748251121e-01 3.824505895599846772e-01 2.451599298488791046e-01 3.390331920491678752e-01 2.499625919688186482e-01 3.299185719545829065e-01 2.187141231334545077e-01 2.812426352241376715e-01 2.456837401799641663e-01 2.069535180460750634e-01 2.069535180460750634e-01
2.034142989930494971e-01 2.034142989930494971e-01 2.484281403883038253e-01 2.799669701386673926e-01 2.188386820571446012e-01 3.262534253346526247e-01 2.446833836624796588e-01 3.373511601596200227e-01 2.391219049766861726e-01 3.736118258287608462e-01 3.389358865562570600e-01 4.291115854332610557e-01 3.389358865562389633e-01 3.736118258288080307e-01 2.391219049767028815e-01 3.373511601596667075e-01 2.446833836624855152e-01 3.262534253346955349e-01 2.188386820571507629e-01 2.799669701387101362e-01 2.484281403883532580e-01 2.034142989930677881e-01 2.034142989930677881e-01
2.005210635406914632e-01 2.005210635406914632e-01 2.519668433195750845e-01 2.792260430339602029e-01 2.205170728977433880e-01 3.231008498299880460e-01 2.402292917094803193e-01 3.363622300447544067e-01 2.335821912945423851e-01 3.661965272158412832e-01 3.420111592342964801e-01 4.178212472586777526e-01 3.420111592342813811e-01 3.661965272158899665e-01 2.335821912945624246e-01 3.363622300448069202e-01 2.402292917094857594e-01 3.231008498300316778e-01 2.205170728977505490e-01 2.792260430339996713e-01 2.519668433196235457e-01 2.005210635407143338e-01 2.005210635407143338e-01
1.981859976442383875e-01 1.981859976442383875e-01 2.554831173522668641e-01 2.785769134863199104e-01 2.231927710820557076e-01 3.204001444415738309e-01 2.365563883495131747e-01 3.357971020487313107e-01 2.290904658592101406e-01 3.601915132298689759e-01 3.451237845845452901e-01 4.068465214325999724e-01 3.451237845845346874e-01 3.601915132299179922e-01 2.290904658592323451e-01 3.357971020487872660e-01 2.365563883495183373e-01 3.204001444416194611e-01 2.231927710820655053e-01 2.785769134863584351e-01 2.554831173523134935e-01 1.981859976442655880e-01 1.981859976442655880e-01
1.963287741786402252e-01 1.963287741786402252e-01 2.580396968173745420e-01 2.774864447872337769e-01 2.260776650598924908e-01 3.179777522581239135e-01 2.336048469809431372e-01 3.354690554186127160e-01 2.261917282575864607e-01 3.554928300716135303e-01 3.486881747053569569e-01 3.967747254381323585e-01 3.486881747053515723e-01 3.554928300716616030e-01 2.261917282576114407e-01 3.354690554186705587e-01 2.336048469809478834e-01 3.179777522581723748e-01 2.260776650599047588e-01 2.774864447872696371e-01 2.580396968174206163e-01 1.963287741786714224e-01 1.963287741786714224e-01
1.949336982308749744e-01 1.949336982308749744e-01 2.589167427351944939e-01 2.754642038710703456e-01 2.284114984240270541e-01 3.156349044890435218e-01 2.314472505661011592e-01 3.352797202585875991e-01 2.254680651680436854e-01 3.519309688562040628e-01 3.525611584125107889e-01 3.878742802896203434e-01 3.525611584125106779e-01 3.519309688562525795e-01 2.254680651680709969e-01 3.352797202586474401e-01 2.314472505661047674e-01 3.156349044890947586e-01 2.284114984240431245e-01 2.754642038711054841e-01 2.589167427352399575e-01 1.949336982309086419e-01 1.949336982309086419e-01
1.940782095231093629e-01 1.940782095231093629e-01 2.578760107254283174e-01 2.721951565467450318e-01 2.296570109406075033e-01 3.132288434262806009e-01 2.302768415721780926e-01 3.351766324476582737e-01 2.274458083455962176e-01 3.492972825954194227e-01 3.559991577217311853e-01 3.800574215260875688e-01 3.559991577217374581e-01 3.492972825954676064e-01 2.274458083456249446e-01 3.351766324477172820e-01 2.302768415721803963e-01 3.132288434263358345e-01 2.296570109406285976e-01 2.721951565467807810e-01 2.578760107254715050e-01 1.940782095231441684e-01 1.940782095231441684e-01
1.939190205753474616e-01 1.939190205753474616e-01 2.552618810846414843e-01 2.676387314906272796e-01 2.295708464321722375e-01 3.107190149076489161e-01 2.302426858870287862e-01 3.350904057002731529e-01 2.323808795406035188e-01 3.473696260482741494e-01 3.578305276965740300e-01 3.729647885866524404e-01 3.578305276965862425e-01 3.473696260483215004e-01 2.323808795406332173e-01 3.350904057003321057e-01 2.302426858870295356e-01 3.107190149077063146e-01 2.295708464321983000e-01 2.676387314906637505e-01 2.552618810846842834e-01 1.939190205753827390e-01 1.939190205753827390e-01
1.946366539491633241e-01 1.946366539491633241e-01 2.519085383602945316e-01 2.620704616405899468e-01 2.281591672967629159e-01 3.081746257298729752e-01 2.312375467758494285e-01 3.348923052978777792e-01 2.400224466568388892e-01 3.459399608657121594e-01 3.568136362952807894e-01 3.661559087702592752e-01 3.568136362952991081e-01 3.459399608657576231e-01 2.400224466568683379e-01 3.348923052979328463e-01 2.312375467758482350e-01 3.081746257299327052e-01 2.281591672967925588e-01 2.620704616406278609e-01 2.519085383603349437e-01 1.946366539491979353e-01 1.946366539491979353e-01
1.963543339439448310e-01 1.963543339439448310e-01 2.488896033568501753e-01 2.560575222318592914e-01 2.255807609321226759e-01 3.057604542798960101e-01 2.327878473715057350e-01 3.344050028293318877e-01 2.494946414387571032e-01 3.448497787070818332e-01 3.520795465255001089e-01 3.593490709708190844e-01 3.520795465255235346e-01 3.448497787071250764e-01 2.494946414387854694e-01 3.344050028293844568e-01 2.327878473715018770e-01 3.057604542799577385e-01 2.255807609321555662e-01 2.560575222318987598e-01 2.488896033568885613e-01 1.963543339439784707e-01 1.963543339439784707e-01
1.990578147696361044e-01 1.990578147696361044e-01 2.471972203940583090e-01 2.503738791584323997e-01 2.220723282039107627e-01 3.037225250077210670e-01 2.341550932041489008e-01 3.334729857084422489e-01 2.594016297355279388e-01 3.440350876860588936e-01 3.435106125934679344e-01 3.526255295732637629e-01 3.435106125934965227e-01 3.440350876860993612e-01 2.594016297355548617e-01 3.334729857084900995e-01 2.341550932041432942e-01 3.037225250077824068e-01 2.220723282039447077e-01 2.503738791584726453e-01 2.471972203940953905e-01 1.990578147696684119e-01 1.990578147696684119e-01
2.025449468736524872e-01 2.025449468736524872e-01 2.474553619406354710e-01 2.458707835105663209e-01 2.179379098462010944e-01 3.023836639896500533e-01 2.346495886191865554e-01 3.320667521697855951e-01 2.681640107181918475e-01 3.435702117632744579e-01 3.319065114930381255e-01 3.465128124386606112e-01 3.319065114930708216e-01 3.435702117633123165e-01 2.681640107182180488e-01 3.320667521698311142e-01 2.346495886191789781e-01 3.023836639897106160e-01 2.179379098462337350e-01 2.458707835106068440e-01 2.474553619406718585e-01 2.025449468736834069e-01 2.025449468736834069e-01
2.064265244914134101e-01 2.064265244914134101e-01 2.497540099979994044e-01 2.433242348428522883e-01 2.135889712174520449e-01 3.021400725406618304e-01 2.340327549924208494e-01 3.303723034785966961e-01 2.744796408391728115e-01 3.436857853691654419e-01 3.188475071388862658e-01 3.418974955304081020e-01 3.188475071389217930e-01 3.436857853691986930e-01 2.744796408391971254e-01 3.303723034786392176e-01 2.340327549924131612e-01 3.021400725407202281e-01 2.135889712174818822e-01 2.433242348428930890e-01 2.497540099980360417e-01 2.064265244914440800e-01 2.064265244914440800e-01
2.101852638958291719e-01 2.101852638958291719e-01 2.536469785494439577e-01 2.432849229046706863e-01 2.095772757281344212e-01 3.034365219924683998e-01 2.328086089478281495e-01 3.288159930594501956e-01 2.777271754149372995e-01 3.447331509929075222e-01 3.062688979420052915e-01 3.397798013314708432e-01 3.062688979420420399e-01 3.447331509929369986e-01 2.777271754149619465e-01 3.288159930594910518e-01 2.328086089478216825e-01 3.034365219925251322e-01 2.095772757281597343e-01 2.432849229047109041e-01 2.536469785494821494e-01 2.101852638958597586e-01 2.101852638958597586e-01
2.132820766003150903e-01 2.132820766003150903e-01 2.583037547293371428e-01 2.459588410562368599e-01 2.065562310930640910e-01 3.066990751427227657e-01 2.322229055681872267e-01 3.279964013223274910e-01 2.781368029461125380e-01 3.470831899177234670e-01 2.958752358151388040e-01 3.409462867070106595e-01 2.958752358151745532e-01 3.470831899177481139e-01 2.781368029461362412e-01 3.279964013223677366e-01 2.322229055681834797e-01 3.066990751427755013e-01 2.065562310930851575e-01 2.459588410562767724e-01 2.583037547293781655e-01 2.132820766003459823e-01 2.132820766003459823e-01
2.152835128032437317e-01 2.152835128032437317e-01 2.627619849920628248e-01 2.511461994315643542e-01 2.051434139419484881e-01 3.122221365616698052e-01 2.339017407084869604e-01 3.285314717138966834e-01 2.766425389502692456e-01 3.509790763086991228e-01 2.886008211955146674e-01 3.456746124842526302e-01 2.886008211955476410e-01 3.509790763087194398e-01 2.766425389502954468e-01 3.285314717139380947e-01 2.339017407084876543e-01 3.122221365617192657e-01 2.051434139419658631e-01 2.511461994316043222e-01 2.627619849921061790e-01 2.152835128032754841e-01 2.152835128032754841e-01
2.159760216944488775e-01 2.159760216944488775e-01 2.662034275079337986e-01 2.582590799492650580e-01 2.057185078879867346e-01 3.200339645825772683e-01 2.392248035104868054e-01 3.308662051169513063e-01 2.744658951431139249e-01 3.563941257874707058e-01 2.843254368890569816e-01 3.535788144327891569e-01 2.843254368890892336e-01 3.563941257874867485e-01 2.744658951431402927e-01 3.308662051169933283e-01 2.392248035104924953e-01 3.200339645826241197e-01 2.057185078880004181e-01 2.582590799493050260e-01 2.662034275079792622e-01 2.159760216944804634e-01 2.159760216944804634e-01
