# L = 12 / J = 1 / lamb = 0.5
# particle_position = 5
# final_time = 10 / steps = 100
0.000000000000000000e+00 0.000000000000000000e+00 0.000000000000000000e+00 0.000000000000000000e+00 0.000000000000000000e+00 0.000000000000000000e+00 0.000000000000000000e+00 0.000000000000000000e+00 0.000000000000000000e+00 0.000000000000000000e+00 1.000000000000000000e+00 1.000000000000000000e+00 1.000000000000000000e+00 0.000000000000000000e+00 0.000000000000000000e+00 0.000000000000000000e+00 0.000000000000000000e+00 0.000000000000000000e+00 0.000000000000000000e+00 0.000000000000000000e+00 0.000000000000000000e+00 0.000000000000000000e+00 0.000000000000000000e+00
2.464580023366694933e-03 2.464580023366694933e-03 4.916820180336116397e-03 2.464607678919107734e-03 4.916847834888913443e-03 2.464607678947352502e-03 4.916847891644599532e-03 2.464607735584805909e-03 4.950111826117208590e-03 2.497872904887171643e-03 9.950498869663798596e-01 9.975353922093098680e-01 9.950498869663800816e-01 2.497872904887147357e-03 4.950111826117184304e-03 2.464607735584805909e-03 4.916847891644583052e-03 2.464607678947332119e-03 4.916847834888854463e-03 2.464607678919059162e-03 4.916820180336058284e-03 2.464580023366650698e-03 2.464580023366650698e-03
9.444175095480721385e-03 9.444175095480721385e-03 1.869842177971896627e-02 9.445889167373794360e-03 1.870013550472876540e-02 9.445889195586034195e-03 1.870014975870997256e-02 9.445903333053760204e-03 1.921811502038070149e-02 9.963960171113015254e-03 9.807818000850968554e-01 9.905540829168675288e-01 9.807818000850967444e-01 9.963960171112959743e-03 1.921811502038067027e-02 9.445903333053781020e-03 1.870014975870979562e-02 9.445889195585869397e-03 1.870013550472822070e-02 9.445889167373428333e-03 1.869842177971826197e-02 9.444175095480435156e-03 9.444175095480435156e-03
1.977532215846202618e-02 1.977532215846202618e-02 3.864959714763293447e-02 1.979382909181643876e-02 3.866809168777349259e-02 1.979383065202723960e-02 3.866844552401536850e-02 1.979417818624424827e-02 4.117483298015409826e-02 2.230182744528532574e-02 9.588240635588111127e-01 9.802054839835807609e-01 9.588240635588111127e-01 2.230182744528526328e-02 4.117483298015401499e-02 1.979417818624425174e-02 3.866844552401498686e-02 1.979383065202679898e-02 3.866809168777209094e-02 1.979382909181552630e-02 3.864959714763160220e-02 1.977532215846152658e-02 1.977532215846152658e-02
3.176579099315965382e-02 3.176579099315965382e-02 6.093311730383639546e-02 3.186225795510677639e-02 6.102941884893936519e-02 3.186228410545995093e-02 6.103279859966535825e-02 3.186556155724570849e-02 6.847021795347177364e-02 3.931157892092588396e-02 9.315225997906447786e-01 9.681312580092432674e-01 9.315225997906450006e-01 3.931157892092574518e-02 6.847021795347159323e-02 3.186556155724558359e-02 6.103279859966442150e-02 3.186228410545908357e-02 6.102941884893679780e-02 3.186225795510504166e-02 6.093311730383393909e-02 3.176579099315872401e-02 3.176579099315872401e-02
4.351124451848883967e-02 4.351124451848883967e-02 8.139006022083837555e-02 4.384531437308744617e-02 8.172289149803224628e-02 4.384554077461792765e-02 8.174190907687960139e-02 4.386370972899637094e-02 9.849185492016068744e-02 6.065262000636725825e-02 9.014764840640452359e-01 9.561187266921175043e-01 9.014764840640453469e-01 6.065262000636711254e-02 9.849185492016052090e-02 4.386370972899631543e-02 8.174190907687838015e-02 4.384554077461658150e-02 8.172289149802852704e-02 4.384531437308496898e-02 8.139006022083511427e-02 4.351124451848788904e-02 4.351124451848788904e-02
5.324346148144467467e-02 5.324346148144467467e-02 9.640594471477641203e-02 5.412938988626343761e-02 9.728558964283527677e-02 5.413067446980030645e-02 9.736179571552940060e-02 5.420232114936647527e-02 1.288509802073352639e-01 8.582552649940172751e-02 8.710412288131684777e-01 9.457289042171923565e-01 8.710412288131683667e-01 8.582552649940160261e-02 1.288509802073349864e-01 5.420232114936634343e-02 9.736179571552769363e-02 5.413067446979859254e-02 9.728558964283078037e-02 5.412938988626034287e-02 9.640594471477240135e-02 5.324346148144373791e-02 5.324346148144373791e-02
5.964058925467451144e-02 5.964058925467451144e-02 1.036259626978723869e-01 6.158081560984495634e-02 1.055421993730700364e-01 6.158624148828301115e-02 1.057828087840449321e-01 6.180885240897403266e-02 1.577873828692046565e-01 1.141897513747116011e-01 8.419086569251801322e-01 9.379798780987974594e-01 8.419086569251804653e-01 1.141897513747116288e-01 1.577873828692044622e-01 6.180885240897381755e-02 1.057828087840431974e-01 6.158624148828117234e-02 1.055421993730654429e-01 6.158081560984175751e-02 1.036259626978680848e-01 5.964058925467354694e-02 5.964058925467354694e-02
6.203981097160485292e-02 6.203981097160485292e-02 1.023636206329580911e-01 6.570934333512652714e-02 1.059596261997690081e-01 6.572775914615638926e-02 1.065954349830052078e-01 6.630729757262185387e-02 1.844071152918599632e-01 1.450220091124260480e-01 8.148520590784541495e-01 9.331519110064931954e-01 8.148520590784535944e-01 1.450220091124264366e-01 1.844071152918599077e-01 6.630729757262167345e-02 1.065954349830036119e-01 6.572775914615464066e-02 1.059596261997650529e-01 6.570934333512379322e-02 1.023636206329544274e-01 6.203981097160420066e-02 6.203981097160420066e-02
6.051505366329090752e-02 6.051505366329090752e-02 9.362443695946245925e-02 6.668071617760970571e-02 9.960138747313718177e-02 6.673349086668785290e-02 1.010632816453170268e-01 6.804920909619693870e-02 2.087094274960394347e-01 1.776057955599757987e-01 7.896851303726308835e-01 9.307515893325626344e-01 7.896851303726302174e-01 1.776057955599764093e-01 2.087094274960395457e-01 6.804920909619667502e-02 1.010632816453159027e-01 6.673349086668650676e-02 9.960138747313475316e-02 6.668071617760783221e-02 9.362443695945937838e-02 6.051505366329062302e-02 6.051505366329062302e-02
5.581164820641809632e-02 5.581164820641809632e-02 7.975987927291879054e-02 6.518897919170175970e-02 8.871985533022916370e-02 6.532107365546702127e-02 9.172313040426452457e-02 6.799850609466862039e-02 2.314106276120546368e-01 2.113305360995568483e-01 7.654329664414414314e-01 9.296358511772538913e-01 7.654329664414403211e-01 2.113305360995577087e-01 2.314106276120548589e-01 6.799850609466856488e-02 9.172313040426416375e-02 6.532107365546613309e-02 8.871985533022846981e-02 6.518897919170094091e-02 7.975987927291711133e-02 5.581164820641826979e-02 5.581164820641826979e-02
4.915948823149251384e-02 4.915948823149251384e-02 6.385281673265956470e-02 6.223120198062868230e-02 7.611346765010354454e-02 6.252702245393935987e-02 8.173126183749630791e-02 6.750758752358908266e-02 2.536196586529226860e-01 2.457730893669954342e-01 7.406653655178346840e-01 9.282616367931442181e-01 7.406653655178330187e-01 2.457730893669966832e-01 2.536196586529230190e-01 6.750758752358926307e-02 8.173126183749690465e-02 6.252702245393945701e-02 7.611346765010475190e-02 6.223120198062957048e-02 6.385281673265934266e-02 4.915948823149333263e-02 4.915948823149333263e-02
4.200972574085071881e-02 4.200972574085071881e-02 4.899340114836051030e-02 5.884671717610619884e-02 6.442740314428568871e-02 5.944997141280181779e-02 7.412979243914734340e-02 6.804238458329486816e-02 2.764516278588116660e-01 2.807364815293086346e-01 7.139081610342874473e-01 9.250014336079920296e-01 7.139081610342856710e-01 2.807364815293107441e-01 2.764516278588130538e-01 6.804238458329532613e-02 7.412979243914877281e-02 5.944997141280263658e-02 6.442740314428906101e-02 5.884671717610869685e-02 4.899340114836161358e-02 4.200972574085227312e-02 4.200972574085227312e-02
3.575257479823600731e-02 3.575257479823600731e-02 3.762041633889067621e-02 5.588611340132331601e-02 5.557787271273222085e-02 5.702111811490299248e-02 7.121408756157977804e-02 7.091860696677856901e-02 3.006743529923925906e-01 3.162303128354191362e-01 6.840350052671240189e-01 9.184546851723384142e-01 6.840350052671214653e-01 3.162303128354220227e-01 3.006743529923942004e-01 7.091860696677948495e-02 7.121408756158249809e-02 5.702111811490456761e-02 5.557787271273687685e-02 5.588611340132718791e-02 3.762041633889284808e-02 3.575257479823806123e-02 3.575257479823806123e-02
3.147328186795579630e-02 3.147328186795579630e-02 3.107572060998522664e-02 5.386232878294999749e-02 5.043408033531800172e-02 5.585224915981848448e-02 7.414307659464706990e-02 7.710126938383889128e-02 3.264682989097127397e-01 3.523919291420398170e-01 6.505522295805170607e-01 9.076914723022635467e-01 6.505522295805142852e-01 3.523919291420436473e-01 3.264682989097152377e-01 7.710126938384037620e-02 7.414307659465051159e-02 5.585224915982067717e-02 5.043408033532324752e-02 5.386232878295490328e-02 3.107572060998786342e-02 3.147328186795838451e-02 3.147328186795838451e-02
2.979073778428776090e-02 2.979073778428776090e-02 2.945755083746739306e-02 5.291121037568317226e-02 4.881301309463684235e-02 5.618721005881737590e-02 8.286152634928387051e-02 8.709893497856431577e-02 3.533471727653117456e-01 3.893635801833584265e-01 6.137196035537936245e-01 8.923854060261650067e-01 6.137196035537909600e-01 3.893635801833628673e-01 3.533471727653145766e-01 8.709893497856641131e-02 8.286152634928797833e-02 5.618721005881996411e-02 4.881301309464178978e-02 5.291121037568851521e-02 2.945755083746991188e-02 2.979073778429088340e-02 2.979073778429088340e-02
3.080219138271297549e-02 3.080219138271297549e-02 3.177957483595216653e-02 5.285852711098776302e-02 4.975384659330922554e-02 5.795368440128845222e-02 9.631831193284347281e-02 1.009592721135427612e-01 3.802443851667423047e-01 4.271542042931326111e-01 5.744917481891645972e-01 8.728212918610355198e-01 5.744917481891615996e-01 4.271542042931379402e-01 3.802443851667452468e-01 1.009592721135455229e-01 9.631831193284803860e-02 5.795368440129142207e-02 4.975384659331305581e-02 5.285852711099287005e-02 3.177957483595397065e-02 3.080219138271641718e-02 3.080219138271641718e-02
3.413337025440216915e-02 3.413337025440216915e-02 3.636752553158192902e-02 5.336260236659435413e-02 5.196573338619152327e-02 6.088656235093995589e-02 1.128907946209671276e-01 1.183498843455128291e-01 4.057306662099069428e-01 4.655212998275882197e-01 5.343078645694228079e-01 8.497921987262792021e-01 5.343078645694204765e-01 4.655212998275943259e-01 4.057306662099107175e-01 1.183498843455164096e-01 1.128907946209722069e-01 6.088656235094312696e-02 5.196573338619386861e-02 5.336260236659895462e-02 3.636752553158253271e-02 3.413337025440588146e-02 3.413337025440588146e-02
3.907162015725450938e-02 3.907162015725450938e-02 4.137274133517294256e-02 5.408374500937213059e-02 5.430439883933495249e-02 6.467872119730087854e-02 1.308814570500899666e-01 1.386928340529204329e-01 4.283001080787042225e-01 5.039060537271546902e-01 4.947908409413224740e-01 8.244229108513693172e-01 4.947908409413196429e-01 5.039060537271610185e-01 4.283001080787083859e-01 1.386928340529247072e-01 1.308814570500959340e-01 6.467872119730438962e-02 5.430439883933580597e-02 5.408374500937617596e-02 4.137274133517219316e-02 3.907162015725838128e-02 3.907162015725838128e-02
4.474502061916673518e-02 4.474502061916673518e-02 4.526378613500758180e-02 5.482811190007399332e-02 5.613789078741675959e-02 6.911328694779113324e-02 1.489484489352260188e-01 1.613152663906146089e-01 4.466517731951571424e-01 5.414433329678706164e-01 4.574331264512651041e-01 7.979674875481856944e-01 4.574331264512624395e-01 5.414433329678783879e-01 4.466517731951609171e-01 1.613152663906197715e-01 1.489484489352322361e-01 6.911328694779483861e-02 5.613789078741622529e-02 5.482811190007735869e-02 4.526378613500538911e-02 4.474502061917069728e-02 4.474502061917069728e-02
5.030538680758472186e-02 5.030538680758472186e-02 4.717573230659941053e-02 5.562504062215739564e-02 5.750591419238272606e-02 7.414276626681914895e-02 1.663646977967675467e-01 1.855818199026981474e-01 4.599026956117334697e-01 5.770499013289147605e-01 4.233431186349534969e-01 7.716263876690170331e-01 4.233431186349518871e-01 5.770499013289224211e-01 4.599026956117371334e-01 1.855818199027044757e-01 1.663646977967743468e-01 7.414276626682396454e-02 5.750591419238151175e-02 5.562504062216052508e-02 4.717573230659610067e-02 5.030538680758894765e-02 5.030538680758894765e-02
5.507774687786862883e-02 5.507774687786862883e-02 4.704423045877071524e-02 5.671940775440896532e-02 5.904539104569461044e-02 7.990031004691129646e-02 1.830585869908087637e-01 2.109846981118936038e-01 4.676916573539537381e-01 6.095741460309945792e-01 3.931044925555603475e-01 7.464155104556119413e-01 3.931044925555594038e-01 6.095741460310026838e-01 4.676916573539571242e-01 2.109846981119009868e-01 1.830585869908167018e-01 7.990031004691681982e-02 5.904539104569343083e-02 5.671940775441255272e-02 4.704423045876689191e-02 5.507774687787339585e-02 5.507774687787339585e-02
5.865115377935861685e-02 5.865115377935861685e-02 4.551364003388534002e-02 5.848715309927268735e-02 6.172608089064717668e-02 8.665002049799398753e-02 1.994546282874408161e-01 2.371808144446004019e-01 4.701641286872720871e-01 6.379743680351738222e-01 3.667685044342079426e-01 7.231004698773318973e-01 3.667685044342071099e-01 6.379743680351823709e-01 4.701641286872753067e-01 2.371808144446090616e-01 1.994546282874499754e-01 8.665002049800048234e-02 6.172608089064672565e-02 5.848715309927721151e-02 4.551364003388174567e-02 5.865115377936384183e-02 5.865115377936384183e-02
6.090187913769477129e-02 6.090187913769477129e-02 4.366793803261516393e-02 6.130474799761220089e-02 6.649344111404781321e-02 9.469997011150571575e-02 2.161862340536961080e-01 2.639786959736582506e-01 4.678585936393027667e-01 6.614849957509858491e-01 3.439648063718432347e-01 7.021904974617270145e-01 3.439648063718432902e-01 6.614849957509952860e-01 4.678585936393053202e-01 2.639786959736685756e-01 2.161862340537065441e-01 9.469997011151333466e-02 6.649344111404860425e-02 6.130474799761802956e-02 4.366793803261239532e-02 6.090187913770071099e-02 6.090187913770071099e-02
6.195596576375921039e-02 6.195596576375921039e-02 4.267452932825382961e-02 6.541561074272563003e-02 7.393689766365549310e-02 1.043090429991238993e-01 2.337806189864917172e-01 2.912880728190836432e-01 4.615356726780786567e-01 6.797330847308690194e-01 3.240886003242972047e-01 6.839728845910205690e-01 3.240886003242984814e-01 6.797330847308785673e-01 4.615356726780810437e-01 2.912880728190949120e-01 2.337806189865033746e-01 1.043090429991330309e-01 7.393689766365806049e-02 6.541561074273335996e-02 4.267452932825249040e-02 6.195596576376608683e-02 6.195596576376608683e-02
6.211015480677478662e-02 6.211015480677478662e-02 4.344505860242896256e-02 7.083529341129901624e-02 8.408609086624774243e-02 1.156158523644882641e-01 2.524124896627595871e-01 3.190508239647817379e-01 4.519995578307527406e-01 6.927801436688401093e-01 3.065075427600116864e-01 6.685638934937055966e-01 3.065075427600142399e-01 6.927801436688496572e-01 4.519995578307550721e-01 3.190508239647948940e-01 2.524124896627726322e-01 1.156158523644987279e-01 8.408609086625197515e-02 7.083529341130870294e-02 4.344505860242957318e-02 6.211015480678263451e-02 6.211015480678263451e-02
6.173608905921126183e-02 6.173608905921126183e-02 4.640250430814041316e-02 7.732386417580695837e-02 9.639220687112294572e-02 1.286071796970707504e-01 2.717923913050558360e-01 3.471729946822056934e-01 4.399557478892904827e-01 7.010829107491832746e-01 2.907332661196458390e-01 6.559556324323198018e-01 2.907332661196496137e-01 7.010829107491941548e-01 4.399557478892918705e-01 3.471729946822205704e-01 2.717923913050696583e-01 1.286071796970827408e-01 9.639220687112864949e-02 7.732386417581876836e-02 4.640250430814300830e-02 6.173608905922016443e-02 6.173608905922016443e-02
6.119192090848225851e-02 6.119192090848225851e-02 5.140665376071706927e-02 8.443298348981420620e-02 1.098914212195501172e-01 1.431291098313037802e-01 2.912088409912016451e-01 3.754746418626547233e-01 4.259330149652301722e-01 7.053859647425652080e-01 2.765179547235572799e-01 6.460477969714785162e-01 2.765179547235618318e-01 7.053859647425755330e-01 4.259330149652318931e-01 3.754746418626705440e-01 2.912088409912166886e-01 1.431291098313171029e-01 1.098914212195569451e-01 8.443298348982773704e-02 5.140665376072173914e-02 6.119192090849213950e-02 6.119192090849213950e-02
6.075919195333370770e-02 6.075919195333370770e-02 5.784242378574856042e-02 9.161326457646813692e-02 1.234915470665601950e-01 1.589312014918913551e-01 3.096958166997972328e-01 4.036684602569619584e-01 4.102764787580175376e-01 7.065739248083143798e-01 2.638607773933294709e-01 6.386641333665245002e-01 2.638607773933349110e-01 7.065739248083248158e-01 4.102764787580191475e-01 4.036684602569799440e-01 3.096958166998126649e-01 1.589312014919066207e-01 1.234915470665678000e-01 9.161326457648313881e-02 5.784242378575485399e-02 6.075919195334438666e-02 6.075919195334438666e-02
6.061345057077365678e-02 6.061345057077365678e-02 6.483113515374352986e-02 9.835095652190449511e-02 1.362877994555265482e-01 1.757263238896395741e-01 3.262628693481343101e-01 4.313708126647178287e-01 3.931988150932771431e-01 7.055179755226921312e-01 2.529349112780638897e-01 6.335617331456809831e-01 2.529349112780704401e-01 7.055179755227020122e-01 3.931988150932787529e-01 4.313708126647372021e-01 3.262628693481505193e-01 1.757263238896570046e-01 1.362877994555348193e-01 9.835095652192088478e-02 6.483113515375131530e-02 6.061345057078498799e-02 6.061345057078498799e-02
6.082732602393364080e-02 6.082732602393364080e-02 7.149544846303827750e-02 1.042961320969009037e-01 1.478087475286676555e-01 1.932476752221100602e-01 3.401130285903294359e-01 4.581412806003780092e-01 3.748631041593870616e-01 7.029494343643888365e-01 2.439663313880885975e-01 6.304440932862609426e-01 2.439663313880959250e-01 7.029494343643997167e-01 3.748631041593887825e-01 4.581412806003984928e-01 3.401130285903463668e-01 1.932476752221288785e-01 1.478087475286763985e-01 1.042961320969184175e-01 7.149544846304665968e-02 6.082732602394555488e-02 6.082732602394555488e-02
6.139715664478850865e-02 6.139715664478850865e-02 7.720082630018854086e-02 1.093486820600415715e-01 1.581190646144056133e-01 2.112890846188253402e-01 3.507853397206075474e-01 4.835405044115875794e-01 3.554664091935638703e-01 6.993833930711287339e-01 2.371054784479443844e-01 6.289858746707297499e-01 2.371054784479517119e-01 6.993833930711406133e-01 3.554664091935646475e-01 4.835405044116083406e-01 3.507853397206245338e-01 2.112890846188465732e-01 1.581190646144152723e-01 1.093486820600596959e-01 7.720082630019751979e-02 6.139715664480067947e-02 6.139715664480067947e-02
6.228034254367351835e-02 6.228034254367351835e-02 8.171023957283260475e-02 1.136816124955379870e-01 1.677525031048464621e-01 2.297223972203847608e-01 3.581885722632029423e-01 5.071921093488689358e-01 3.352978230603122500e-01 6.951013052294755523e-01 2.323305957710345981e-01 6.288702877445455641e-01 2.323305957710418979e-01 6.951013052294859884e-01 3.352978230603135823e-01 5.071921093488913623e-01 3.581885722632208169e-01 2.297223972204079923e-01 1.677525031048573145e-01 1.136816124955566665e-01 8.171023957284116734e-02 6.228034254368559203e-02 6.228034254368559203e-02
6.343074117756992980e-02 6.343074117756992980e-02 8.521856665898042138e-02 1.176990990307506119e-01 1.775015122020700553e-01 2.484934333206965384e-01 3.625296625912938220e-01 5.288337886228849927e-01 3.147559196821240746e-01 6.901867903998423204e-01 2.294086714453430764e-01 6.298321961731351282e-01 2.294086714453497100e-01 6.901867903998526455e-01 3.147559196821259619e-01 5.288337886229067530e-01 3.625296625913106974e-01 2.484934333207219070e-01 1.775015122020820457e-01 1.176990990307697771e-01 8.521856665898906724e-02 6.343074117758193409e-02 6.343074117758193409e-02
6.482290683142803711e-02 6.482290683142803711e-02 8.826908709103263584e-02 1.219441306234634037e-01 1.881327652625239266e-01 2.676032310431462058e-01 3.641727258875926410e-01 5.483453816604370035e-01 2.943243288199806074e-01 6.845976029886707837e-01 2.279210127798563523e-01 6.316946088894515032e-01 2.279210127798626528e-01 6.845976029886817749e-01 2.943243288199827723e-01 5.483453816604609843e-01 3.641727258876100715e-01 2.676032310431730732e-01 1.881327652625381097e-01 1.219441306234829575e-01 8.826908709104099027e-02 6.482290683143987486e-02 6.482290683143987486e-02
6.646128383063391876e-02 6.646128383063391876e-02 9.158616788107198925e-02 1.269825885293130729e-01 2.001179985150986773e-01 2.870829753144379937e-01 3.634823810618404982e-01 5.657474723507307512e-01 2.745163698360167381e-01 6.782511277414760009e-01 2.273413029992334689e-01 6.343854130274378944e-01 2.273413029992389367e-01 6.782511277414876583e-01 2.745163698360204019e-01 5.657474723507531777e-01 3.634823810618570405e-01 2.870829753144674146e-01 2.001179985151142482e-01 1.269825885293334455e-01 9.158616788108039919e-02 6.646128383064565937e-02 6.646128383064565937e-02
6.837583170306331393e-02 6.837583170306331393e-02 9.587736817064047845e-02 1.332943430562120446e-01 2.134617874374259983e-01 3.069696367512136925e-01 3.607042987855987870e-01 5.811712816110757851e-01 2.558071845156699720e-01 6.711015677992346884e-01 2.271399411854154449e-01 6.379254309458755046e-01 2.271399411854195527e-01 6.711015677992456796e-01 2.558071845156749680e-01 5.811712816110999880e-01 3.607042987856145522e-01 3.069696367512443347e-01 2.134617874374433732e-01 1.332943430562332221e-01 9.587736817064940187e-02 6.837583170307495739e-02 6.837583170307495739e-02
7.060947757521830737e-02 7.060947757521830737e-02 1.016607270438995431e-01 1.411970766499704988e-01 2.276756420253679414e-01 3.272863370937187377e-01 3.559181506277122597e-01 5.948076112624172129e-01 2.385731914194481607e-01 6.631930490330852912e-01 2.268830760027937266e-01 6.423868354838004890e-01 2.268830760027961690e-01 6.631930490330972816e-01 2.385731914194536840e-01 5.948076112624406386e-01 3.559181506277269147e-01 3.272863370937502681e-01 2.276756420253870372e-01 1.411970766499922592e-01 1.016607270439091326e-01 7.060947757523022839e-02 7.060947757523022839e-02
7.320437717674158073e-02 7.320437717674158073e-02 1.091599523873654776e-01 1.508171957632868654e-01 2.419017805680155342e-01 3.480284568700496295e-01 3.490705533812343830e-01 6.068475148072608460e-01 2.230544250404782602e-01 6.546817616951954300e-01 2.262988279927437563e-01 6.478300579797457992e-01 2.262988279927448665e-01 6.546817616952076424e-01 2.230544250404851436e-01 6.068475148072838277e-01 3.490705533812479833e-01 3.480284568700820480e-01 2.419017805680356015e-01 1.508171957633096527e-01 1.091599523873762884e-01 7.320437717675351563e-02 7.320437717675351563e-02
7.619312606596029269e-02 7.619312606596029269e-02 1.182868622857229518e-01 1.621081685743189782e-01 2.551445755198302190e-01 3.691546330125771713e-01 3.400678407352569210e-01 6.174289916047506210e-01 2.093473874823117975e-01 6.458291379551466260e-01 2.252948278395528192e-01 6.542346366388998025e-01 2.252948278395521253e-01 6.458291379551586164e-01 2.093473874823200687e-01 6.174289916047737137e-01 3.400678407352687449e-01 3.691546330126103115e-01 2.551445755198512577e-01 1.621081685743424594e-01 1.182868622857350810e-01 7.619312606597278270e-02 7.619312606597278270e-02
7.959840394527162299e-02 7.959840394527162299e-02 1.287043743645168159e-01 1.749041226930826698e-01 2.665366278710425973e-01 3.905813630175631324e-01 3.288896121926502825e-01 6.266020176927269425e-01 1.974271097749934478e-01 6.369744951392134480e-01 2.239264573519418600e-01 6.614426079607499398e-01 2.239264573519395563e-01 6.369744951392262156e-01 1.974271097750031900e-01 6.266020176927497021e-01 3.288896121926609961e-01 3.905813630175966056e-01 2.665366278710641357e-01 1.749041226931076776e-01 1.287043743645300553e-01 7.959840394528443219e-02 7.959840394528443219e-02
8.344109941018260090e-02 8.344109941018260090e-02 1.399421854566434142e-01 1.889889047391283272e-01 2.755585416152745992e-01 4.121805255059655670e-01 3.156795944756557448e-01 6.343193244332625547e-01 1.871897340068091053e-01 6.284982201217701459e-01 2.223294095619663402e-01 6.691309526833085775e-01 2.223294095619619826e-01 6.284982201217822473e-01 1.871897340068198190e-01 6.343193244332855363e-01 3.156795944756638495e-01 4.121805255059992623e-01 2.755585416152955269e-01 1.889889047391540011e-01 1.399421854566583745e-01 8.344109941019584031e-02 8.344109941019584031e-02
8.775387546846956377e-02 8.775387546846956377e-02 1.515264266869933985e-01 2.041596368888844992e-01 2.821482432865727308e-01 4.337799908683835359e-01 3.007809336270323430e-01 6.404539412819606481e-01 1.785028010251505370e-01 6.207854297835583290e-01 2.206393751175578788e-01 6.768227692312331900e-01 2.206393751175519391e-01 6.207854297835706525e-01 1.785028010251616670e-01 6.404539412819829636e-01 3.007809336270396705e-01 4.337799908684176753e-01 2.821482432865937695e-01 2.041596368889113666e-01 1.515264266870097742e-01 8.775387546848351095e-02 8.775387546848351095e-02
9.259527746338835907e-02 9.259527746338835907e-02 1.630858894591304953e-01 2.202686475694268509e-01 2.866711448460427247e-01 4.551679512416685891e-01 2.847042024919528291e-01 6.448383348974285889e-01 1.712501170263698302e-01 6.141962668197171737e-01 2.189235530286465503e-01 6.839371704034665767e-01 2.189235530286391118e-01 6.141962668197291642e-01 1.712501170263810435e-01 6.448383348974507934e-01 2.847042024919582137e-01 4.551679512417033946e-01 2.866711448460635969e-01 2.202686475694551060e-01 1.630858894591480368e-01 9.259527746340290300e-02 9.259527746340290300e-02
9.805927294671207273e-02 9.805927294671207273e-02 1.744090759864767859e-01 2.372363389282453328e-01 2.897652143662871049e-01 4.761013267900642276e-01 2.680404946942053224e-01 6.473154845784059308e-01 1.653610286164089171e-01 6.090443629909227941e-01 2.171432848603948584e-01 6.898681042228121951e-01 2.171432848603858101e-01 6.090443629909348955e-01 1.653610286164201859e-01 6.473154845784284683e-01 2.680404946942099853e-01 4.761013267901005319e-01 2.897652143663074775e-01 2.372363389282746704e-01 1.744090759864958540e-01 9.805927294672726890e-02 9.805927294672726890e-02
1.042764469053595461e-01 1.042764469053595461e-01 1.854437441811774001e-01 2.550370350531527275e-01 2.921119782235259699e-01 4.963177275501810537e-01 2.513507299151691021e-01 6.477903232115597154e-01 1.608188731393030979e-01 6.055812890296294881e-01 2.151565361518901764e-01 6.940750961439314803e-01 2.151565361518797403e-01 6.055812890296418116e-01 1.608188731393133952e-01 6.477903232115805876e-01 2.513507299151735985e-01 4.963177275502177466e-01 2.921119782235470641e-01 2.550370350531830921e-01 1.854437441811972176e-01 1.042764469053751308e-01 1.042764469053751308e-01
1.114054317883435424e-01 1.114054317883435424e-01 1.962480717321903601e-01 2.736672231626638419e-01 2.942047777282801868e-01 5.155494278368228933e-01 2.350696047533959998e-01 6.462707972280379298e-01 1.576487663195134115e-01 6.039831982533611088e-01 2.127566502663305881e-01 6.961661964997617469e-01 2.127566502663195414e-01 6.039831982533743204e-01 1.576487663195226263e-01 6.462707972280615776e-01 2.350696047534005795e-01 5.155494278368604189e-01 2.942047777283022247e-01 2.736672231626963159e-01 1.962480717322111212e-01 1.114054317883596823e-01 1.114054317883596823e-01
1.196157843537804383e-01 1.196157843537804383e-01 2.069150136214057134e-01 2.931089671012158671e-01 2.961838294859466258e-01 5.335372115935917980e-01 2.194564373099768539e-01 6.428908525576796373e-01 1.558894438650289260e-01 6.043366571089753281e-01 2.097334717535762616e-01 6.959557599659654814e-01 2.097334717535649928e-01 6.043366571089882067e-01 1.558894438650366143e-01 6.428908525577018418e-01 2.194564373099812671e-01 5.335372115936297677e-01 2.961838294859702181e-01 2.931089671012491737e-01 2.069150136214276403e-01 1.196157843537970084e-01 1.196157843537970084e-01
1.290656978134511468e-01 1.290656978134511468e-01 2.174959152301588206e-01 3.133002462378850494e-01 2.977852228150268954e-01 5.500421704862012984e-01 2.046080010048093312e-01 6.379119936091370846e-01 1.555567953183985275e-01 6.066232552804571299e-01 2.059374211139441135e-01 6.934862139522717239e-01 2.059374211139325950e-01 6.066232552804701195e-01 1.555567953184047725e-01 6.379119936091607324e-01 2.046080010048136888e-01 5.500421704862400452e-01 2.977852228150511538e-01 3.133002462379205766e-01 2.174959152301814691e-01 1.290656978134684385e-01 1.290656978134684385e-01
1.398791358394002038e-01 1.398791358394002038e-01 2.279457395174803724e-01 3.341196008408861551e-01 2.984154837008161087e-01 5.648545904749471269e-01 1.905264395349575979e-01 6.317045868992872126e-01 1.566077859820800833e-01 6.107058114321592956e-01 2.013276256943647147e-01 6.890117177256039893e-01 2.013276256943533349e-01 6.107058114321718412e-01 1.566077859820843854e-01 6.317045868993089730e-01 1.905264395349617335e-01 5.648545904749870950e-01 2.984154837008409222e-01 3.341196008409224594e-01 2.279457395175044365e-01 1.398791358394184670e-01 1.398791358394184670e-01
1.521269926138774375e-01 1.521269926138774375e-01 2.381026127937377335e-01 3.553867086367306638e-01 2.973258855691705560e-01 5.778005091537249394e-01 1.772160701708235808e-01 6.247137892510780111e-01 1.589128544317598979e-01 6.163214783913115724e-01 1.959911423415649778e-01 6.829501343088586474e-01 1.959911423415543197e-01 6.163214783913246730e-01 1.589128544317625347e-01 6.247137892511006596e-01 1.772160701708277442e-01 5.778005091537647964e-01 2.973258855691958136e-01 3.553867086367684114e-01 2.381026127937631298e-01 1.521269926138963946e-01 1.521269926138963946e-01
1.658158432465024201e-01 1.658158432465024201e-01 2.477025235100235590e-01 3.768754760712370588e-01 2.938325159474669546e-01 5.887476466858465596e-01 1.647728007979098741e-01 6.174171756752467877e-01 1.622430088854581176e-01 6.230877192234542949e-01 1.901294863502526744e-01 6.758158540752353671e-01 1.901294863502433763e-01 6.230877192234669515e-01 1.622430088854594776e-01 6.174171756752692142e-01 1.647728007979138709e-01 5.887476466858845292e-01 2.938325159474923787e-01 3.768754760712757501e-01 2.477025235100498157e-01 1.658158432465225429e-01 1.658158432465225429e-01
1.808861156968308570e-01 1.808861156968308570e-01 2.564198218082524572e-01 3.983334078549576884e-01 2.875171440470303819e-01 5.976125507971277173e-01 1.534322948856743363e-01 6.102815538210102364e-01 1.662751553503822310e-01 6.305254991745766757e-01 1.840181714369194532e-01 6.681483980818875290e-01 1.840181714369114319e-01 6.305254991745916637e-01 1.662751553503819535e-01 6.102815538210339952e-01 1.534322948856789992e-01 5.976125507971662421e-01 2.875171440470546402e-01 3.983334078549971569e-01 2.564198218082791580e-01 1.808861156968524508e-01 1.808861156968524508e-01
1.972195605609918800e-01 1.972195605609918800e-01 2.639185011466706476e-01 4.195009013577838397e-01 2.783525858719564927e-01 6.043697178716339602e-01 1.435569993838362868e-01 6.037252613915468080e-01 1.706160339749809574e-01 6.381003994640758181e-01 1.779519818827372535e-01 6.604502154775858669e-01 1.779519818827309252e-01 6.381003994640894739e-01 1.706160339749790977e-01 6.037252613915700117e-01 1.435569993838412550e-01 6.043697178716709306e-01 2.783525858719786972e-01 4.195009013578241408e-01 2.639185011466982367e-01 1.972195605610144731e-01 1.972195605610144731e-01
2.146541618570093068e-01 2.146541618570093068e-01 2.698991171376260989e-01 4.401261479078464323e-01 2.667209616905441005e-01 6.090615316985579231e-01 1.355629654334020995e-01 5.980900022552098072e-01 1.748418322570701733e-01 6.452776719293216168e-01 1.721914212247254716e-01 6.531425842519242853e-01 1.721914212247206144e-01 6.452776719293354946e-01 1.748418322570668426e-01 5.980900022552342321e-01 1.355629654334077616e-01 6.090615316985944494e-01 2.667209616905650837e-01 4.401261479078866223e-01 2.698991171376535769e-01 2.146541618570314836e-01 2.146541618570314836e-01
2.330034350911673602e-01 2.330034350911673602e-01 2.741307259900006010e-01 4.599742963113773175e-01 2.533258088969597699e-01 6.118059608283663575e-01 1.298081035798483995e-01 5.936237359355578391e-01 1.785474447189667746e-01 6.515828940371772848e-01 1.669238212420490475e-01 6.465426582181369453e-01 1.669238212420457168e-01 6.515828940371938272e-01 1.785474447189620839e-01 5.936237359355812648e-01 1.298081035798553662e-01 6.118059608284017736e-01 2.533258088969791433e-01 4.599742963114170080e-01 2.741307259900289672e-01 2.330034350911907304e-01 2.330034350911907304e-01
2.520765418480291342e-01 2.520765418480291342e-01 2.764641464443119423e-01 4.788321238031896243e-01 2.390293613214713175e-01 6.127980398414908381e-01 1.264772868216747503e-01 5.904740168645512544e-01 1.813969363924345657e-01 6.566572319281063219e-01 1.622469855261894633e-01 6.408592861099604576e-01 1.622469855261882421e-01 6.566572319281196446e-01 1.813969363924283762e-01 5.904740168645745690e-01 1.264772868216826884e-01 6.127980398415255880e-01 2.390293613214889146e-01 4.788321238032297589e-01 2.764641464443389762e-01 2.520765418480539477e-01 2.520765418480539477e-01
2.716957971168990627e-01 2.716957971168990627e-01 2.768294551457675667e-01 4.965107507681814081e-01 2.246655683887995858e-01 6.123018342841906048e-01 1.255020302014720479e-01 5.886899679114463435e-01 1.831656189436262072e-01 6.602963266853765223e-01 1.581760098035051854e-01 6.362017129520638470e-01 1.581760098035059070e-01 6.602963266853906221e-01 1.831656189436184912e-01 5.886899679114703243e-01 1.255020302014813183e-01 6.123018342842233563e-01 2.246655683888158783e-01 4.965107507682215982e-01 2.768294551457931574e-01 2.716957971169243757e-01 2.716957971169243757e-01
2.917088301210301049e-01 2.917088301210301049e-01 2.752247235064669839e-01 5.128486964923277824e-01 2.108825699088353045e-01 6.106317943624920419e-01 1.265425693307429822e-01 5.882308754593982281e-01 1.837648000141190452e-01 6.624646833852267935e-01 1.546673819640052572e-01 6.325943629103367716e-01 1.546673819640080605e-01 6.624646833852393391e-01 1.837648000141095250e-01 5.882308754594229860e-01 1.265425693307529464e-01 6.106317943625250155e-01 2.108825699088506811e-01 5.128486964923680835e-01 2.752247235064921305e-01 2.917088301210563062e-01 2.917088301210563062e-01
3.119937035015729609e-01 3.119937035015729609e-01 2.717036056486324958e-01 5.277162285402812181e-01 1.980554698252000312e-01 6.081254205148456382e-01 1.290412141484316155e-01 5.889799308066407946e-01 1.832429901735105060e-01 6.632825084637603563e-01 1.516504906634154048e-01 6.299924084123511570e-01 1.516504906634197625e-01 6.632825084637731239e-01 1.832429901734999589e-01 5.889799308066653305e-01 1.290412141484425235e-01 6.081254205148785008e-01 1.980554698252138535e-01 5.277162285403207420e-01 2.717036056486557549e-01 3.119937035016002169e-01 3.119937035016002169e-01
3.324565162944239094e-01 3.324565162944239094e-01 2.663669075617028925e-01 5.410203119250440729e-01 1.862862848143697625e-01 6.051119206249079285e-01 1.323339238058208467e-01 5.907623694402884817e-01 1.817619354296310386e-01 6.629878834221608619e-01 1.490561572369071275e-01 6.282958012557220417e-01 1.490561572369131227e-01 6.629878834221726303e-01 1.817619354296193257e-01 5.907623694403129067e-01 1.323339238058315326e-01 6.051119206249397919e-01 1.862862848143826688e-01 5.410203119250839299e-01 2.663669075617240423e-01 3.324565162944530528e-01 3.324565162944530528e-01
3.530222480024833853e-01 3.530222480024833853e-01 2.593592154389889326e-01 5.527083185608888671e-01 1.754808403665491789e-01 6.018830471545402183e-01 1.357890881037012998e-01 5.933675901348657300e-01 1.795514839393715367e-01 6.618824003752552532e-01 1.468344852336589124e-01 6.273625184711243419e-01 1.468344852336666562e-01 6.618824003752656893e-01 1.795514839393583528e-01 5.933675901348899329e-01 1.357890881037118469e-01 6.018830471545723038e-01 1.754808403665612804e-01 5.527083185609283911e-01 2.593592154390096383e-01 3.530222480025140830e-01 3.530222480025140830e-01
3.736206978967078762e-01 3.736206978967078762e-01 2.508679648733664336e-01 5.627684933833628778e-01 1.654705389154590145e-01 5.986720396139225686e-01 1.389341366271167055e-01 5.965743981786978400e-01 1.768526894190601273e-01 6.602715768227875870e-01 1.449589649323416718e-01 6.270236667404985864e-01 1.449589649323501095e-01 6.602715768227975790e-01 1.768526894190468879e-01 5.965743981787220429e-01 1.389341366271266698e-01 5.986720396139547651e-01 1.654705389154701167e-01 5.627684933834018466e-01 2.508679648733846967e-01 3.736206978967395176e-01 3.736206978967395176e-01
3.941701999671560208e-01 3.941701999671560208e-01 2.411205720013830378e-01 5.712260041526127097e-01 1.561365608486793011e-01 5.956446632946971187e-01 1.415343630210104398e-01 6.001773382927163558e-01 1.738621942875045179e-01 6.584118106019621885e-01 1.434186677500079443e-01 6.271030194695667026e-01 1.434186677500171037e-01 6.584118106019709593e-01 1.738621942874922777e-01 6.001773382927402256e-01 1.415343630210189885e-01 5.956446632947286490e-01 1.561365608486902090e-01 5.712260041526510124e-01 2.411205720014005238e-01 3.941701999671903267e-01 3.941701999671903267e-01
4.145622231714788386e-01 4.145622231714788386e-01 2.303760691706507324e-01 5.781348299368582744e-01 1.474974671643336510e-01 5.929033622057398034e-01 1.436029420840901905e-01 6.040106182901845422e-01 1.706915554794165846e-01 6.564734249024946067e-01 1.422039246661782608e-01 6.274415492752126733e-01 1.422039246661874756e-01 6.564734249025023782e-01 1.706915554794053713e-01 6.040106182902076348e-01 1.436029420840979620e-01 5.929033622057707786e-01 1.474974671643432822e-01 5.781348299368957999e-01 2.303760691706671637e-01 4.145622231715144768e-01 4.145622231715144768e-01
4.346498962338187777e-01 4.346498962338187777e-01 2.189106043886339947e-01 5.835671666067302477e-01 1.397362402430708805e-01 5.905024347456980793e-01 1.453418656280372478e-01 6.079651017486683573e-01 1.673521967184730119e-01 6.545252648046433475e-01 1.412921305271555572e-01 6.279243757069301601e-01 1.412921305271638839e-01 6.545252648046518962e-01 1.673521967184632420e-01 6.079651017486901177e-01 1.453418656280445198e-01 5.905024347457287215e-01 1.397362402430795958e-01 5.835671666067677732e-01 2.189106043886493991e-01 4.346498962338563032e-01 4.346498962338563032e-01
4.542428793272845211e-01 4.542428793272845211e-01 2.069997950512308671e-01 5.876028934246579905e-01 1.331639522315516966e-01 5.884697516821740804e-01 1.470339367773243755e-01 6.119939733475231458e-01 1.637705015212717885e-01 6.525414954094292952e-01 1.406391543172124947e-01 6.285045786117767763e-01 1.406391543172202108e-01 6.525414954094364006e-01 1.637705015212632398e-01 6.119939733475459054e-01 1.470339367773304262e-01 5.884697516822033903e-01 1.331639522315598290e-01 5.876028934246946278e-01 2.069997950512453000e-01 4.542428793273232679e-01 4.542428793273232679e-01
4.731098873467133870e-01 4.731098873467133870e-01 1.949035723591430735e-01 5.903216493808618459e-01 1.281374151824267449e-01 5.868294291749691638e-01 1.489197958899410867e-01 6.161043242808394993e-01 1.598296156169863591e-01 6.504268840782645444e-01 1.401789838800527321e-01 6.292168429012485742e-01 1.401789838800585331e-01 6.504268840782720940e-01 1.598296156169793092e-01 6.161043242808608156e-01 1.489197958899471375e-01 5.868294291749988068e-01 1.281374151824344054e-01 5.903216493808987053e-01 1.949035723591575620e-01 4.731098873467533550e-01 4.731098873467533550e-01
4.909887137788734313e-01 4.909887137788734313e-01 1.828594827599814010e-01 5.917992403610656815e-01 1.249610888763724587e-01 5.856201910620342233e-01 1.510971511595197436e-01 6.203348969034170324e-01 1.554269178609492263e-01 6.480538074884663047e-01 1.398309031162242588e-01 6.301747214528221619e-01 1.398309031162284777e-01 6.480538074884740762e-01 1.554269178609438140e-01 6.203348969034382376e-01 1.510971511595251837e-01 5.856201910620624229e-01 1.249610888763797723e-01 5.917992403611013197e-01 1.828594827599956119e-01 4.909887137789151201e-01 4.909887137789151201e-01
5.076020833474289562e-01 5.076020833474289562e-01 1.710880107158952723e-01 5.921087558505262471e-01 1.238056894522117091e-01 5.849056546630363451e-01 1.534712976419558284e-01 6.247238518383904093e-01 1.505310814606610204e-01 6.453029430206494999e-01 1.395109273867797262e-01 6.315484518038911865e-01 1.395109273867821131e-01 6.453029430206571604e-01 1.505310814606570513e-01 6.247238518384100603e-01 1.534712976419614627e-01 5.849056546630645448e-01 1.238056894522190227e-01 5.921087558505607751e-01 1.710880107159082064e-01 5.076020833474708116e-01 5.076020833474708116e-01
5.226764130710307432e-01 5.226764130710307432e-01 1.598090522361631238e-01 5.913253847568328281e-01 1.246675259334523583e-01 5.847749350489422904e-01 1.557694769965360659e-01 6.292736183857440269e-01 1.452218629717564047e-01 6.421000503512261925e-01 1.391432364849220504e-01 6.335249583298674381e-01 1.391432364849223280e-01 6.421000503512337421e-01 1.452218629717534348e-01 6.292736183857638999e-01 1.557694769965409232e-01 5.847749350489691578e-01 1.246675259334595748e-01 5.913253847568671340e-01 1.598090522361753640e-01 5.226764130710741529e-01 5.226764130710741529e-01
5.359599073768308575e-01 5.359599073768308575e-01 1.492637942900074677e-01 5.895329312564624447e-01 1.273771562932037860e-01 5.853341794980819746e-01 1.576120085881426991e-01 6.339215951627094059e-01 1.396997752622573530e-01 6.384430114309073145e-01 1.386681052547082682e-01 6.362566107094382861e-01 1.386681052547068249e-01 6.384430114309150861e-01 1.396997752622556044e-01 6.339215951627289458e-01 1.576120085881471677e-01 5.853341794981087309e-01 1.273771562932110302e-01 5.895329312564965285e-01 1.492637942900188752e-01 5.359599073768747113e-01 5.359599073768747113e-01
5.472365670627145073e-01 5.472365670627145073e-01 1.397328616615659824e-01 5.868297239509832064e-01 1.316490916534585331e-01 5.866914008222426924e-01 1.586165154969280122e-01 6.385249668568921955e-01 1.342607718765016223e-01 6.344157446403588807e-01 1.380448331205293422e-01 6.398090931933790859e-01 1.380448331205264278e-01 6.344157446403666523e-01 1.342607718765007618e-01 6.385249668569111803e-01 1.586165154969317870e-01 5.866914008222692267e-01 1.316490916534653888e-01 5.868297239510160690e-01 1.397328616615759744e-01 5.472365670627584722e-01 5.472365670627584722e-01
5.563336809311704156e-01 5.563336809311704156e-01 1.315412132528357703e-01 5.833320226192200142e-01 1.371516616352308759e-01 5.889379680147839302e-01 1.585029049962018433e-01 6.428650883020055051e-01 1.292408920951955420e-01 6.301880825103995942e-01 1.372504811755550502e-01 6.441202784187751718e-01 1.372504811755506926e-01 6.301880825104064776e-01 1.292408920951954032e-01 6.428650883020234907e-01 1.585029049962050074e-01 5.889379680148090213e-01 1.371516616352370654e-01 5.833320226192513225e-01 1.315412132528450406e-01 5.563336809312134923e-01 5.563336809312134923e-01
5.631219984770334808e-01 5.631219984770334808e-01 1.250434452716143174e-01 5.791739605062309337e-01 1.435716772427342303e-01 5.921302742474754410e-01 1.571683046691446928e-01 6.466723438783694711e-01 1.249446920327204613e-01 6.260026937672005243e-01 1.362768598289926247e-01 6.489807717410164267e-01 1.362768598289871014e-01 6.260026937672078517e-01 1.249446920327209332e-01 6.466723438783877898e-01 1.571683046691468300e-01 5.921302742475000880e-01 1.435716772427394761e-01 5.791739605062613538e-01 1.250434452716226719e-01 5.631219984770760023e-01 5.631219984770760023e-01
5.675096645588511013e-01 5.675096645588511013e-01 1.205891632095727889e-01 5.745041711133371809e-01 1.506531128661359187e-01 5.962745805678654198e-01 1.547119044064414750e-01 6.496672686108379002e-01 1.215765420969652788e-01 6.221514057349164517e-01 1.351285272950900895e-01 6.540429252472133026e-01 1.351285272950836502e-01 6.221514057349242233e-01 1.215765420969667637e-01 6.496672686108557748e-01 1.547119044064427518e-01 5.962745805678898448e-01 1.506531128661400820e-01 5.745041711133664908e-01 1.205891632095808658e-01 5.675096645588937339e-01 5.675096645588937339e-01
5.694326415218831094e-01 5.694326415218831094e-01 1.184750918277313603e-01 5.694801672474714138e-01 1.582004839635914317e-01 6.013170907917315677e-01 1.514058090839092707e-01 6.516094210496587991e-01 1.191937823162514953e-01 6.189439096885991365e-01 1.338234890264020926e-01 6.588593462775977905e-01 1.338234890263948762e-01 6.189439096886064640e-01 1.191937823162539517e-01 6.516094210496758965e-01 1.514058090839093262e-01 6.013170907917568808e-01 1.582004839635942905e-01 5.694801672475000576e-01 1.184750918277395898e-01 5.694326415219258530e-01 5.694326415219258530e-01
5.688452873100902085e-01 5.688452873100902085e-01 1.188962438012812761e-01 5.642619939417672370e-01 1.660515102479053484e-01 6.071402325301509251e-01 1.476242841194075617e-01 6.523432684460752640e-01 1.176951059389718668e-01 6.166720948386221757e-01 1.323963460523857882e-01 6.629454481307259783e-01 1.323963460523780444e-01 6.166720948386295031e-01 1.176951059389757109e-01 6.523432684460916953e-01 1.476242841194073119e-01 6.071402325301751279e-01 1.660515102479072636e-01 5.642619939417941044e-01 1.188962438012904632e-01 5.688452873101330631e-01 5.688452873101330631e-01
5.657146998472155630e-01 5.657146998472155630e-01 1.219106599391940882e-01 5.590065675803210787e-01 1.740349935492690459e-01 6.135651366039575061e-01 1.437551474104580840e-01 6.518308648066963862e-01 1.168478663019646008e-01 6.155734913016903675e-01 1.309017128119520923e-01 6.658548823777576953e-01 1.309017128119440987e-01 6.155734913016976950e-01 1.168478663019693331e-01 6.518308648067121513e-01 1.437551474104571958e-01 6.135651366039820420e-01 1.740349935492692957e-01 5.590065675803468359e-01 1.219106599392041912e-01 5.657146998472588617e-01 5.657146998472588617e-01
5.600213418644086616e-01 5.600213418644086616e-01 1.274298648499353481e-01 5.538635306718002749e-01 1.819346956360866630e-01 6.203595780126079928e-01 1.401203263666002397e-01 6.501642570952741451e-01 1.163470334442578968e-01 6.157977035908555052e-01 1.294147113685761019e-01 6.672531916499724325e-01 1.294147113685679418e-01 6.157977035908637209e-01 1.163470334442630455e-01 6.501642570952891331e-01 1.401203263665995180e-01 6.203595780126324177e-01 1.819346956360852752e-01 5.538635306718258100e-01 1.274298648499470332e-01 5.600213418644517382e-01 5.600213418644517382e-01
5.517665829677196321e-01 5.517665829677196321e-01 1.352405971171670440e-01 5.489726256033895524e-01 1.894768885384886803e-01 6.272502367836673143e-01 1.369273049710184875e-01 6.475554457434754552e-01 1.158895081625623269e-01 6.173802058683610650e-01 1.280257926177056915e-01 6.669747570638722145e-01 1.280257926176975314e-01 6.173802058683695027e-01 1.158895081625679196e-01 6.475554457434895550e-01 1.369273049710175993e-01 6.272502367836904069e-01 1.894768885384862378e-01 5.489726256034141993e-01 1.352405971171803667e-01 5.517665829677618206e-01 5.517665829677618206e-01
5.409856318942338760e-01 5.409856318942338760e-01 1.450543483349741869e-01 5.444618105056825419e-01 1.963495416604388588e-01 6.339380451169276398e-01 1.342616207655143445e-01 6.443069504676780523e-01 1.152431726176778859e-01 6.202280877579324780e-01 1.268289898817189509e-01 6.650513444126494589e-01 1.268289898817113182e-01 6.202280877579406937e-01 1.152431726176839644e-01 6.443069504676910420e-01 1.342616207655137617e-01 6.339380451169502884e-01 1.963495416604354726e-01 5.444618105057055235e-01 1.450543483349891194e-01 5.409856318942740661e-01 5.409856318942740661e-01
5.277624857888855159e-01 5.277624857888855159e-01 1.565724907842665214e-01 5.404448682501479251e-01 2.022484853536999638e-01 6.401155184924719466e-01 1.321168744119179672e-01 6.407701373162486558e-01 1.142917941686072275e-01 6.241217782487473720e-01 1.259053306590087185e-01 6.617065858748334417e-01 1.259053306590018073e-01 6.241217782487553656e-01 1.142917941686129590e-01 6.407701373162604241e-01 1.321168744119173011e-01 6.401155184924922636e-01 2.022484853536956062e-01 5.404448682501703516e-01 1.565724907842830083e-01 5.277624857889238186e-01 5.277624857889238186e-01
5.122425394833036716e-01 5.122425394833036716e-01 1.695491023647896500e-01 5.370172653250651074e-01 2.069350037412744647e-01 6.454851681411688524e-01 1.304474302411908204e-01 6.373004040469982812e-01 1.130442514025741668e-01 6.287350296622183921e-01 1.253055010797847757e-01 6.573180546548079706e-01 1.253055010797784197e-01 6.287350296622266077e-01 1.130442514025795098e-01 6.373004040470102716e-01 1.304474302411904318e-01 6.454851681411883924e-01 2.069350037412697463e-01 5.370172653250879780e-01 1.695491023648077467e-01 5.122425394833421963e-01 5.122425394833421963e-01
4.946387001567181807e-01 4.946387001567181807e-01 1.838330194908690540e-01 5.342495415805172954e-01 2.102841472049357119e-01 6.497781815245561310e-01 1.292235612379252774e-01 6.342177688040968597e-01 1.116073354863602179e-01 6.336724727975411309e-01 1.250369707209645631e-01 6.523553061250311202e-01 1.250369707209594561e-01 6.336724727975503457e-01 1.116073354863645478e-01 6.342177688041086281e-01 1.292235612379251386e-01 6.497781815245757819e-01 2.102841472049307991e-01 5.342495415805398329e-01 1.838330194908888437e-01 4.946387001567535968e-01 4.946387001567535968e-01
4.752282404787025460e-01 4.752282404787025460e-01 1.993756809890158410e-01 5.321784553117721028e-01 2.123055456435662958e-01 6.527724047693084231e-01 1.284705056579528437e-01 6.317787941755284020e-01 1.101323231567547384e-01 6.385203375636019363e-01 1.250600518136238404e-01 6.473067072796052646e-01 1.250600518136203709e-01 6.385203375636101519e-01 1.101323231567582633e-01 6.317787941755408365e-01 1.284705056579527327e-01 6.527724047693272968e-01 2.123055456435616051e-01 5.321784553117951955e-01 1.993756809890368797e-01 4.752282404787349090e-01 4.752282404787349090e-01
4.543398565229225250e-01 4.543398565229225250e-01 2.162007519132062572e-01 5.307972416705378782e-01 2.131278478130367859e-01 6.543082612560580102e-01 1.282805711290856687e-01 6.301620960852897246e-01 1.087532563398612706e-01 6.429024185676724956e-01 1.252948701896196837e-01 6.426091417339293566e-01 1.252948701896180739e-01 6.429024185676808223e-01 1.087532563398636298e-01 6.301620960853021591e-01 1.282805711290857520e-01 6.543082612560767730e-01 2.131278478130316234e-01 5.307972416705613039e-01 2.162007519132280731e-01 4.543398565229525010e-01 4.543398565229525010e-01
4.323328811340504396e-01 4.323328811340504396e-01 2.343426871391554589e-01 5.300473399803076191e-01 2.129508553054474396e-01 6.543007557150377629e-01 1.287979400073081815e-01 6.294661249037438733e-01 1.075369932964278380e-01 6.465311896843106698e-01 1.256377399017618024e-01 6.385928101981470650e-01 1.256377399017617191e-01 6.465311896843182193e-01 1.075369932964296421e-01 6.294661249037561968e-01 1.287979400073082648e-01 6.543007557150557485e-01 2.129508553054422493e-01 5.300473399803324881e-01 2.343426871391792732e-01 4.323328811340786393e-01 4.323328811340786393e-01
4.095726523847325606e-01 4.095726523847325606e-01 2.537709974744526975e-01 5.298144483943583172e-01 2.119813720683542679e-01 6.527454352148818195e-01 1.301853331540243353e-01 6.297154751387048499e-01 1.064609419094548204e-01 6.492440448557943444e-01 1.259821763837606357e-01 6.354492096265569323e-01 1.259821763837623565e-01 6.492440448558012278e-01 1.064609419094555837e-01 6.297154751387181726e-01 1.301853331540246128e-01 6.527454352148991390e-01 2.119813720683494662e-01 5.298144483943829641e-01 2.537709974744776775e-01 4.095726523847586509e-01 4.095726523847586509e-01
3.864070659008584929e-01 3.864070659008584929e-01 2.743220423904275118e-01 5.299314782172005467e-01 2.103754114900963645e-01 6.497164123573135885e-01 1.325869248626492247e-01 6.308712297264084112e-01 1.054252393058525000e-01 6.510172597059474819e-01 1.262379828291466666e-01 6.332252355874706806e-01 1.262379828291497474e-01 6.510172597059544763e-01 1.054252393058528053e-01 6.308712297264222890e-01 1.325869248626497243e-01 6.497164123573309080e-01 2.103754114900922012e-01 5.299314782172269700e-01 2.743220423904535465e-01 3.864070659008827513e-01 3.864070659008827513e-01
3.631490381370414133e-01 3.631490381370414133e-01 2.956589917469584772e-01 5.301897902096904813e-01 2.082081170370689849e-01 6.453554689415111900e-01 1.361013270253238761e-01 6.328417458872431789e-01 1.042948833528760666e-01 6.519549322000082192e-01 1.263422794840175223e-01 6.318414296237319094e-01 1.263422794840212970e-01 6.519549322000142144e-01 1.042948833528757058e-01 6.328417458872571677e-01 1.361013270253247365e-01 6.453554689415286205e-01 2.082081170370660983e-01 5.301897902097170157e-01 2.956589917469865103e-01 3.631490381370635068e-01 3.631490381370635068e-01
3.400680340915823163e-01 3.400680340915823163e-01 3.172733097661578627e-01 5.303581592946642331e-01 2.054836789488553583e-01 6.398527693023633445e-01 1.407727082666137830e-01 6.354922869951080688e-01 1.029575280691572559e-01 6.522556963439636313e-01 1.262590223522015720e-01 6.311285472549686970e-01 1.262590223522060962e-01 6.522556963439705147e-01 1.029575280691567285e-01 6.354922869951221687e-01 1.407727082666147267e-01 6.398527693023808860e-01 2.054836789488534710e-01 5.303581592946916556e-01 3.172733097661887269e-01 3.400680340916038547e-01 3.400680340916038547e-01
3.173913882193653002e-01 3.173913882193653002e-01 3.385297038237584655e-01 5.302066853788430789e-01 2.021835118855002944e-01 6.334214838807814552e-01 1.465996772207624477e-01 6.386541144215585053e-01 1.013774729780213546e-01 6.521649308281098900e-01 1.259676560062881479e-01 6.308742727006064754e-01 1.259676560062926443e-01 6.521649308281175506e-01 1.013774729780206468e-01 6.386541144215730492e-01 1.465996772207631693e-01 6.334214838807999959e-01 2.021835118854999613e-01 5.302066853788718337e-01 3.385297038237897738e-01 3.173913882193855063e-01 3.173913882193855063e-01
2.953135409556324475e-01 2.953135409556324475e-01 3.587442273071683729e-01 5.295310092672907976e-01 1.983366673139674019e-01 6.262701660767578948e-01 1.535538306656681340e-01 6.421351465920803747e-01 9.962750968001012064e-02 6.519231926263323595e-01 1.254456627929669832e-01 6.308711221362369725e-01 1.254456627929714796e-01 6.519231926263396870e-01 9.962750968000921858e-02 6.421351465920945856e-01 1.535538306656685781e-01 6.262701660767757694e-01 1.983366673139682068e-01 5.295310092673197744e-01 3.587442273072018462e-01 2.953135409556524871e-01 2.953135409556524871e-01
2.740092563579118456e-01 2.740092563579118456e-01 3.772757356138434215e-01 5.281713858328449529e-01 1.940868538344625860e-01 6.185775698270846723e-01 1.615958773674525950e-01 6.457344059167182682e-01 9.788743002834772444e-02 6.517219455708611608e-01 1.246523973237439187e-01 6.309572227612438855e-01 1.246523973237482763e-01 6.517219455708691545e-01 9.788743002834703055e-02 6.457344059167321459e-01 1.615958773674522064e-01 6.185775698271034351e-01 1.940868538344648342e-01 5.281713858328737077e-01 3.772757356138773943e-01 2.740092563579315521e-01 2.740092563579315521e-01
2.536459631448471641e-01 2.536459631448471641e-01 3.936070147748300663e-01 5.260218699571836964e-01 1.897291154197707774e-01 6.104744536694403090e-01 1.706785556483797761e-01 6.492610553106352711e-01 9.640889665079641069e-02 6.516753308890099738e-01 1.235216549063788694e-01 6.310434941419501564e-01 1.235216549063828245e-01 6.516753308890176344e-01 9.640889665079559190e-02 6.492610553106498150e-01 1.706785556483788047e-01 6.104744536694597379e-01 1.897291154197752461e-01 5.260218699572123402e-01 3.936070147748650938e-01 2.536459631448657603e-01 2.536459631448657603e-01
2.343908399224262362e-01 2.343908399224262362e-01 4.073948500082538171e-01 5.230271117979455875e-01 1.856971267069536524e-01 6.020357678540924073e-01 1.807316839978387879e-01 6.525563290387226267e-01 9.545752331698841020e-02 6.518124501073681021e-01 1.219676958748984880e-01 6.311234834179356712e-01 1.219676958749021933e-01 6.518124501073770949e-01 9.545752331698788284e-02 6.525563290387360604e-01 1.807316839978360401e-01 6.020357678541125024e-01 1.856971267069598142e-01 5.230271117979744533e-01 4.073948500082881230e-01 2.343908399224437500e-01 2.343908399224437500e-01
2.164100166981583750e-01 2.164100166981583750e-01 4.184772739246813145e-01 5.191675517369219728e-01 1.824971137876789939e-01 5.932846970821222810e-01 1.916332668487869262e-01 6.555140338551044277e-01 9.525076309955668452e-02 6.520895770645454004e-01 1.199047130703997099e-01 6.312653225655613376e-01 1.199047130704034847e-01 6.520895770645561695e-01 9.525076309955629594e-02 6.555140338551188606e-01 1.916332668487835400e-01 5.932846970821422650e-01 1.824971137876877647e-01 5.191675517369506165e-01 4.184772739247153428e-01 2.164100166981739182e-01 2.164100166981739182e-01
1.998597949543520769e-01 1.998597949543520769e-01 4.268386273748628890e-01 5.144372483016770303e-01 1.806020366118543941e-01 5.842077347999095061e-01 2.031782516368415281e-01 6.580936581919257788e-01 9.591194688224441434e-02 6.524171921360648607e-01 1.172745566438555959e-01 6.315884988329815153e-01 1.172745566438591763e-01 6.524171921360749637e-01 9.591194688224476128e-02 6.580936581919409889e-01 2.031782516368366154e-01 5.842077347999310444e-01 1.806020366118647191e-01 5.144372483017064512e-01 4.268386273748965842e-01 1.998597949543650942e-01 1.998597949543650942e-01
1.848723752876043624e-01 1.848723752876043624e-01 4.325452405670850986e-01 5.088210966632328303e-01 1.803342467777453162e-01 5.747777580072171988e-01 2.150601444459068479e-01 6.603203598259625995e-01 9.745584985758225238e-02 6.526938321605644244e-01 1.140737740468446976e-01 6.322308247331753783e-01 1.140737740468483474e-01 6.526938321605748605e-01 9.745584985758298791e-02 6.603203598259783647e-01 2.150601444459005473e-01 5.747777580072378489e-01 1.803342467777575564e-01 5.088210966632624732e-01 4.325452405671178502e-01 1.848723752876153814e-01 1.848723752876153814e-01
1.715404770561968217e-01 1.715404770561968217e-01 4.356729054508667320e-01 5.022789072013543743e-01 1.817714562401047396e-01 5.649803833092799099e-01 2.268784829231164091e-01 6.622684838665386931e-01 9.981096249142937249e-02 6.528380813597159937e-01 1.103701787123290284e-01 6.333126663170973725e-01 1.103701787123324285e-01 6.528380813597276511e-01 9.981096249143099619e-02 6.622684838665566787e-01 2.268784829231091649e-01 5.649803833092995609e-01 1.817714562401198941e-01 5.022789072013842393e-01 4.356729054508988730e-01 1.715404770562052039e-01 1.715404770562052039e-01
