# L = 12 / J = 1 / lamb = 0.5
# particle_position = 5
# final_time = 10 / steps = 100
0.000000000000000000e+00 0.000000000000000000e+00 0.000000000000000000e+00 0.000000000000000000e+00 0.000000000000000000e+00 0.000000000000000000e+00 0.000000000000000000e+00 0.000000000000000000e+00 0.000000000000000000e+00 0.000000000000000000e+00 1.000000000000000000e+00 1.000000000000000000e+00 1.000000000000000000e+00 0.000000000000000000e+00 0.000000000000000000e+00 0.000000000000000000e+00 0.000000000000000000e+00 0.000000000000000000e+00 0.000000000000000000e+00 0.000000000000000000e+00 0.000000000000000000e+00 0.000000000000000000e+00 0.000000000000000000e+00
2.446340267927199063e-03 2.446340267927199063e-03 4.880454208241946472e-03 2.446379887610397336e-03 4.880493766618504425e-03 2.446379887705568603e-03 4.880493970281201375e-03 2.446380091468169145e-03 4.929824187802182844e-03 2.495792266560643499e-03 9.950700938817690355e-01 9.975536198650851727e-01 9.950700938817690355e-01 2.495792266560656943e-03 4.929824187802199324e-03 2.446380091468171314e-03 4.880493970281190100e-03 2.446379887705553858e-03 4.880493766618479272e-03 2.446379887610373484e-03 4.880454208241935196e-03 2.446340267927157863e-03 2.446340267927157863e-03
9.165249885696934509e-03 9.165249885696934509e-03 1.814750542331718119e-02 9.167663028935853220e-03 1.814990375640953071e-02 9.167663122741894280e-03 1.814995389063129780e-02 9.167713353079504079e-03 1.890806804679990433e-02 9.930817023962874857e-03 9.810869489135813915e-01 9.908322756774519124e-01 9.810869489135813915e-01 9.930817023962949450e-03 1.890806804679999800e-02 9.167713353079524896e-03 1.814995389063133596e-02 9.167663122741892545e-03 1.814990375640950990e-02 9.167663028935832403e-03 1.814750542331711181e-02 9.165249885696889406e-03 9.165249885696889406e-03
1.846633449143243039e-02 1.846633449143243039e-02 3.610464936261421898e-02 1.849163500361003173e-02 3.612960547866703870e-02 1.849164007974405180e-02 3.613080964812361712e-02 1.849284923961810878e-02 3.972152577217123032e-02 2.213584655177181990e-02 9.602263406993809536e-01 9.815068763887450087e-01 9.602263406993810646e-01 2.213584655177203847e-02 3.972152577217148706e-02 1.849284923961813654e-02 3.613080964812362406e-02 1.849164007974405874e-02 3.612960547866695543e-02 1.849163500360994153e-02 3.610464936261404550e-02 1.846633449143228467e-02 1.846633449143228467e-02
2.804832196178921877e-02 2.804832196178921877e-02 5.386555360207091053e-02 2.817479835874226249e-02 5.398903172280724444e-02 2.817488083761763087e-02 5.400002497572618798e-02 2.818595047648309732e-02 6.435093437264266525e-02 3.879810171573227356e-02 9.353890772947622834e-01 9.718114060574254420e-01 9.353890772947615062e-01 3.879810171573275929e-02 6.435093437264320648e-02 2.818595047648315977e-02 5.400002497572629206e-02 2.817488083761766210e-02 5.398903172280723056e-02 2.817479835874222779e-02 5.386555360207070930e-02 2.804832196178908693e-02 2.804832196178908693e-02
3.561303122962356654e-02 3.561303122962356654e-02 6.680761329791927439e-02 3.602755905058720870e-02 6.720720301832108778e-02 3.602824445965953359e-02 6.726565318623228817e-02 3.608728048370428432e-02 8.976560814537005994e-02 5.944367702514402607e-02 9.093840226489906531e-01 9.638977221417363017e-01 9.093840226489898759e-01 5.944367702514486568e-02 8.976560814537097588e-02 3.608728048370436758e-02 6.726565318623248246e-02 3.602824445965970013e-02 6.720720301832092125e-02 3.602755905058708380e-02 6.680761329791901071e-02 3.561303122962345552e-02 3.561303122962345552e-02
3.945769802209904420e-02 3.945769802209904420e-02 7.186854227079446378e-02 4.048319759997037054e-02 7.284268106785544983e-02 4.048689064759995737e-02 7.306169212593971451e-02 4.070874659798439515e-02 1.136828139538316601e-01 8.345228796137443839e-02 8.842151056209966997e-01 9.592307711714683771e-01 8.842151056209953675e-01 8.345228796137564575e-02 1.136828139538328675e-01 4.070874659798447148e-02 7.306169212593992268e-02 4.048689064760017248e-02 7.284268106785539432e-02 4.048319759997028033e-02 7.186854227079414459e-02 3.945769802209890542e-02 3.945769802209890542e-02
3.888303438479121660e-02 3.888303438479121660e-02 6.828744542757270164e-02 4.094459175252689737e-02 7.021469226785999329e-02 4.095923283756335714e-02 7.085523122230480420e-02 4.160964601861687900e-02 1.350728272878478908e-01 1.101131322038511606e-01 8.606936125154341921e-01 9.581987345141040890e-01 8.606936125154323047e-01 1.101131322038531590e-01 1.350728272878495562e-01 4.160964601861706635e-02 7.085523122230502624e-02 4.095923283756367633e-02 7.021469226786000717e-02 4.094459175252684879e-02 6.828744542757241021e-02 3.888303438479114721e-02 3.888303438479114721e-02
3.431593061537845796e-02 3.431593061537845796e-02 5.760479369830043966e-02 3.782877512171635426e-02 6.083566246048770915e-02 3.787482319862877506e-02 6.239046337858097924e-02 3.945580982773291834e-02 1.542729826015334371e-01 1.387100083587088639e-01 8.384659576636512845e-01 9.600379946837988010e-01 8.384659576636485090e-01 1.387100083587114452e-01 1.542729826015358796e-01 3.945580982773322365e-02 6.239046337858124291e-02 3.787482319862896241e-02 6.083566246048772302e-02 3.782877512171643752e-02 5.760479369830033558e-02 3.431593061537840245e-02 3.431593061537840245e-02
2.713302386344473849e-02 2.713302386344473849e-02 4.299497709903545017e-02 3.233347198164272795e-02 4.770646003301645677e-02 3.245404075234337160e-02 5.096592808504041977e-02 3.576833597025669970e-02 1.726964081547947283e-01 1.686075715822671350e-01 8.163967846203012968e-01 9.630729048850497076e-01 8.163967846202974110e-01 1.686075715822708820e-01 1.726964081547979479e-01 3.576833597025726175e-02 5.096592808504082917e-02 3.245404075234371855e-02 4.770646003301651228e-02 3.233347198164292918e-02 4.299497709903529752e-02 2.713302386344468992e-02 2.713302386344468992e-02
1.925563846354077721e-02 1.925563846354077721e-02 2.821404371674656950e-02 2.603322137970998096e-02 3.428584944735844214e-02 2.630468275375115808e-02 4.035061549839731587e-02 3.246017657174525561e-02 1.922425692053162105e-01 1.993064867793022943e-01 7.931351595718978409e-01 9.651793500907893675e-01 7.931351595718931780e-01 1.993064867793067629e-01 1.922425692053201240e-01 3.246017657174613685e-02 4.035061549839789180e-02 2.630468275375145298e-02 3.428584944735855317e-02 2.603322137971017872e-02 2.821404371674634051e-02 1.925563846354070088e-02 1.925563846354070088e-02
1.264255530923130699e-02 1.264255530923130699e-02 1.653508267733452830e-02 2.044915337539464015e-02 2.351005206011298060e-02 2.098661918255000092e-02 3.372242470563792394e-02 3.131101724405863096e-02 2.145981867927882758e-01 2.304450864871511739e-01 7.676539681344325405e-01 9.643266534723198280e-01 7.676539681344275445e-01 2.304450864871570859e-01 2.145981867927934106e-01 3.131101724405981751e-02 3.372242470563875660e-02 2.098661918255032705e-02 2.351005206011300835e-02 2.044915337539488648e-02 1.653508267733420911e-02 1.264255530923126362e-02 1.264255530923126362e-02
8.820928868615128191e-03 8.820928868615128191e-03 9.995970904193443932e-03 1.671951734351820665e-02 1.716077921636493045e-02 1.766998578883980861e-02 3.294730728801117947e-02 3.353096776190579026e-02 2.406357915429489236e-01 2.617449592478968134e-01 7.395936325795933186e-01 9.590469875888408824e-01 7.395936325795871014e-01 2.617449592479038634e-01 2.406357915429550021e-01 3.353096776190737927e-02 3.294730728801250480e-02 1.766998578884028392e-02 1.716077921636510739e-02 1.671951734351857788e-02 9.995970904193242704e-03 8.820928868615197579e-03 8.820928868615197579e-03
8.568462023991972251e-03 8.568462023991972251e-03 9.132027221505320189e-03 1.544108258744779881e-02 1.570802623740966131e-02 1.695851940451009385e-02 3.835228109855971096e-02 3.951843225461144221e-02 2.700733059465504904e-01 2.929200385751084545e-01 7.093357627685989986e-01 9.487201982373389963e-01 7.093357627685921152e-01 2.929200385751164482e-01 2.700733059465575958e-01 3.951843225461357939e-02 3.835228109856151507e-02 1.695851940451076345e-02 1.570802623740998397e-02 1.544108258744830882e-02 9.132027221505313250e-03 8.568462023992258481e-03 8.568462023992258481e-03
1.180535633536157827e-02 1.180535633536157827e-02 1.317691258267546066e-02 1.668069777817726695e-02 1.856423682434179406e-02 1.888290660913226338e-02 4.895509809799487855e-02 4.884805243500056626e-02 3.014716857761947089e-01 3.235847340933445393e-01 6.778384844596396785e-01 9.336266373598730572e-01 6.778384844596316849e-01 3.235847340933536431e-01 3.014716857762032021e-01 4.884805243500325855e-02 4.895509809799719614e-02 1.888290660913323482e-02 1.856423682434243938e-02 1.668069777817796431e-02 1.317691258267580587e-02 1.180535633536219063e-02 1.180535633536219063e-02
1.769276647841508399e-02 1.769276647841508399e-02 2.056235035211350162e-02 2.009979184858996792e-02 2.455356832964079514e-02 2.301581324330950751e-02 6.297177813228178878e-02 6.045643868069920657e-02 3.325489884120004791e-01 3.531998903326578065e-01 6.463417656625357610e-01 9.147877907845481937e-01 6.463417656625267682e-01 3.531998903326682981e-01 3.325489884120096939e-01 6.045643868070246785e-02 6.297177813228481413e-02 2.301581324331083631e-02 2.455356832964182556e-02 2.009979184859101570e-02 2.056235035211436205e-02 1.769276647841613176e-02 1.769276647841613176e-02
2.488460331069730289e-02 2.488460331069730289e-02 2.948227252058654990e-02 2.511187742254532979e-02 3.236726311362245201e-02 2.863784517525238410e-02 7.837522984729936026e-02 7.294723186687845917e-02 3.607074834339659142e-01 3.810836954761356865e-01 6.160732929192884733e-01 8.936641679169893271e-01 6.160732929192795915e-01 3.810836954761465112e-01 3.607074834339753511e-01 7.294723186688220617e-02 7.837522984730305176e-02 2.863784517525406331e-02 3.236726311362400632e-02 2.511187742254665511e-02 2.948227252058797584e-02 2.488460331069882250e-02 2.488460331069882250e-02
3.185341389470015827e-02 3.185341389470015827e-02 3.832138338175490599e-02 3.100795102030598493e-02 4.084146858451460915e-02 3.489428570493256082e-02 9.332492437134669305e-02 8.492234268967427391e-02 3.836254182900797893e-01 4.064915901208331350e-01 5.880531919451831291e-01 8.718015559499335820e-01 5.880531919451746914e-01 4.064915901208450144e-01 3.836254182900892817e-01 8.492234268967850663e-02 9.332492437135091190e-02 3.489428570493462167e-02 4.084146858451662837e-02 3.100795102030776823e-02 3.832138338175675868e-02 3.185341389470202483e-02 3.185341389470202483e-02
3.721068600506335922e-02 3.721068600506335922e-02 4.585289121952419722e-02 3.702477303510286200e-02 4.901495664530453045e-02 4.091403136571956228e-02 1.063915899988381319e-01 9.526004785884555071e-02 3.997633812553327837e-01 4.287431207747828821e-01 5.630312112955176973e-01 8.505108264224754411e-01 5.630312112955098147e-01 4.287431207747952611e-01 3.997633812553425536e-01 9.526004785885024140e-02 1.063915899988431280e-01 4.091403136572208804e-02 4.901495664530704927e-02 3.702477303510517959e-02 4.585289121952654950e-02 3.721068600506562130e-02 3.721068600506562130e-02
3.996069629455101940e-02 3.996069629455101940e-02 5.123157344756668063e-02 4.237439546863125406e-02 5.604061027855740396e-02 4.589540334968897350e-02 1.166069042133320577e-01 1.032913130817357944e-01 4.086707735175216238e-01 4.473546839905712669e-01 5.415254190318623539e-01 8.306417785026136702e-01 5.415254190318548044e-01 4.473546839905836459e-01 4.086707735175308942e-01 1.032913130817410541e-01 1.166069042133376504e-01 4.589540334969174906e-02 5.604061027856034605e-02 4.237439546863382145e-02 5.123157344756900516e-02 3.996069629455330924e-02 3.996069629455330924e-02
3.965405940712364574e-02 3.965405940712364574e-02 5.389276711911668294e-02 4.627872501900149455e-02 6.108569654660949561e-02 4.918157819632716643e-02 1.234295426752774344e-01 1.088592339419707788e-01 4.110359892326051479e-01 4.621328621425696559e-01 5.238946876938648245e-01 8.124798363548473290e-01 5.238946876938570529e-01 4.621328621425822014e-01 4.110359892326140296e-01 1.088592339419764271e-01 1.234295426752833463e-01 4.918157819633016403e-02 6.108569654661277076e-02 4.627872501900418684e-02 5.389276711911898665e-02 3.965405940712569272e-02 3.965405940712569272e-02
3.643226945100940667e-02 3.643226945100940667e-02 5.348425126264881591e-02 4.804927610651929526e-02 6.334190133891036412e-02 5.034444132872439859e-02 1.267171853064870402e-01 1.122724232060560989e-01 4.084869617475263004e-01 4.731953864282998357e-01 5.103796132063583846e-01 7.957656521246790904e-01 5.103796132063518343e-01 4.731953864283123812e-01 4.084869617475342385e-01 1.122724232060620941e-01 1.267171853064932852e-01 5.034444132872749333e-02 6.334190133891348662e-02 4.804927610652225817e-02 5.348425126265084206e-02 3.643226945101135650e-02 3.643226945101135650e-02
3.097193816772655928e-02 3.097193816772655928e-02 4.990837981787903804e-02 4.722290267264767777e-02 6.219222062021551728e-02 4.927497317628746348e-02 1.267430527688344633e-01 1.141777688315198935e-01 4.032018483429075095e-01 4.809109677981727726e-01 5.010803194650443881e-01 7.798169190800753325e-01 5.010803194650397252e-01 4.809109677981853181e-01 4.032018483429149480e-01 1.141777688315263328e-01 1.267430527688407083e-01 4.927497317629037782e-02 6.219222062021835529e-02 4.722290267265057823e-02 4.990837981788063399e-02 3.097193816772790195e-02 3.097193816772790195e-02
2.434666722741627570e-02 2.434666722741627570e-02 4.346662029552516432e-02 4.372430609648637195e-02 5.748721176365349100e-02 4.625419095438965122e-02 1.242303783710513865e-01 1.153834332587382744e-01 3.974237558899007539e-01 4.857762492587845982e-01 4.958843288827515239e-01 7.637194423040664093e-01 4.958843288827471385e-01 4.857762492587968661e-01 3.974237558899074152e-01 1.153834332587452688e-01 1.242303783710576454e-01 4.625419095439242678e-02 5.748721176365590574e-02 4.372430609648908506e-02 4.346662029552623291e-02 2.434666722741718817e-02 2.434666722741718817e-02
1.782889096164027090e-02 1.782889096164027090e-02 3.502035836434043425e-02 3.799478794751259825e-02 4.981076168254375963e-02 4.196537406089407424e-02 1.203359534126928476e-01 1.166640531980121798e-01 3.929857598810209129e-01 4.882683926884736625e-01 4.943910945013654246e-01 7.465487269137676130e-01 4.943910945013624825e-01 4.882683926884853198e-01 3.929857598810269637e-01 1.166640531980194101e-01 1.203359534126991204e-01 4.196537406089664163e-02 4.981076168254571640e-02 3.799478794751474237e-02 3.502035836434077426e-02 1.782889096164093357e-02 1.782889096164093357e-02
1.265779301185367828e-02 1.265779301185367828e-02 2.604612672566777518e-02 3.101901041138141121e-02 4.059437839693694899e-02 3.741413779639427006e-02 1.165161187129479109e-01 1.185804483518758945e-01 3.909446914754408642e-01 4.887188942147246973e-01 4.958879775701230397e-01 7.275820649406564700e-01 4.958879775701214854e-01 4.887188942147362436e-01 3.909446914754460822e-01 1.185804483518836661e-01 1.165161187129543918e-01 3.741413779639679582e-02 4.059437839693840616e-02 3.101901041138343390e-02 2.604612672566790008e-02 1.265779301185420043e-02 1.265779301185420043e-02
9.804823165083170061e-03 9.804823165083170061e-03 1.848589620241867029e-02 2.420253556291917379e-02 3.197569892405985326e-02 3.374731414827089604e-02 1.142536951900941511e-01 1.213460433660304982e-01 3.913979600140969350e-01 4.872467283277130412e-01 4.994143980476549172e-01 7.064638616828263773e-01 4.994143980476548061e-01 4.872467283277238104e-01 3.913979600141018755e-01 1.213460433660384225e-01 1.142536951901007708e-01 3.374731414827367854e-02 3.197569892406125491e-02 2.420253556292095015e-02 1.848589620241871886e-02 9.804823165083796296e-03 9.804823165083796296e-03
9.774412793860208157e-03 9.774412793860208157e-03 1.436570570032380187e-02 1.909694158165153172e-02 2.637786389099212869e-02 3.199621151172635930e-02 1.146910442926373647e-01 1.247689140688098691e-01 3.935212021794281534e-01 4.837701948719808631e-01 5.039165165602840224e-01 6.832944934294009620e-01 5.039165165602847996e-01 4.837701948719913547e-01 3.935212021794327053e-01 1.247689140688180431e-01 1.146910442926445256e-01 3.199621151172921812e-02 2.637786389099381831e-02 1.909694158165328726e-02 1.436570570032430147e-02 9.774412793861235113e-03 9.774412793861235113e-03
1.248035184622391103e-02 1.248035184622391103e-02 1.525219209457057482e-02 1.702266372346956241e-02 2.588572983644923248e-02 3.280238848469713836e-02 1.182727448466271286e-01 1.282883812837771198e-01 3.958202834214516463e-01 4.780931129950204972e-01 5.084588278158170827e-01 6.586258796095849632e-01 5.084588278158206354e-01 4.780931129950298786e-01 3.958202834214555321e-01 1.282883812837853632e-01 1.182727448466349973e-01 3.280238848470045515e-02 2.588572983645167497e-02 1.702266372347166490e-02 1.525219209457192270e-02 1.248035184622548616e-02 1.248035184622548616e-02
1.723314387712713072e-02 1.723314387712713072e-02 2.170124228776823538e-02 1.868508618582339492e-02 3.158223578777490104e-02 3.620266896374740168e-02 1.245250732279320482e-01 1.311069202414124613e-01 3.965449042373939692e-01 4.700391135224441519e-01 5.124343747961486173e-01 6.333641325834806768e-01 5.124343747961535023e-01 4.700391135224536443e-01 3.965449042373979660e-01 1.311069202414210100e-01 1.245250732279407080e-01 3.620266896375147481e-02 3.158223578777858559e-02 1.868508618582604905e-02 2.170124228777085135e-02 1.723314387712934423e-02 1.723314387712934423e-02
2.285727186456137580e-02 2.285727186456137580e-02 3.289276029258089012e-02 2.390047633181781317e-02 4.305464951748583236e-02 4.154651828857679197e-02 1.320753997153433223e-01 1.323942764641944658e-01 3.941709265656562766e-01 4.595934265138666985e-01 5.157091833763091104e-01 6.085981130003667028e-01 5.157091833763149946e-01 4.595934265138749697e-01 3.941709265656592742e-01 1.323942764642034309e-01 1.320753997153528980e-01 4.154651828858151735e-02 4.305464951749096020e-02 2.390047633182118547e-02 3.289276029258499101e-02 2.285727186456402646e-02 2.285727186456402646e-02
2.793020949609392387e-02 2.793020949609392387e-02 4.661920929053822715e-02 3.153415730629454544e-02 5.826403782540702514e-02 4.759084280642090353e-02 1.389467995199377137e-01 1.315174838588175910e-01 3.878348240995564966e-01 4.470083445695829938e-01 5.186500553793694790e-01 5.853883871107185000e-01 5.186500553793759183e-01 4.470083445695899882e-01 3.878348240995587726e-01 1.315174838588261397e-01 1.389467995199477335e-01 4.759084280642606607e-02 5.826403782541367954e-02 3.153415730629870878e-02 4.661920929054345908e-02 2.793020949609693881e-02 2.793020949609693881e-02
3.110244473315761787e-02 3.110244473315761787e-02 5.970223272602732251e-02 3.970254013148307587e-02 7.388530316026267752e-02 5.276991533363214332e-02 1.430720700119791355e-01 1.282363903009343664e-01 3.776063432177350077e-01 4.328375059765111055e-01 5.220143800705570047e-01 5.645602553868291906e-01 5.220143800705653314e-01 4.328375059765171007e-01 3.776063432177365620e-01 1.282363903009429429e-01 1.430720700119894051e-01 5.276991533363743769e-02 7.388530316027037970e-02 3.970254013148796779e-02 5.970223272603351894e-02 3.110244473316061894e-02 3.110244473316061894e-02
3.142893137876562326e-02 3.142893137876562326e-02 6.877464179756830054e-02 4.621434415671168972e-02 8.608565080986832485e-02 5.558399900209057970e-02 1.428882157289949051e-01 1.228064764931626890e-01 3.645196898059859802e-01 4.178834517848512564e-01 5.267191045471887323e-01 5.465450156372477775e-01 5.267191045471968369e-01 4.178834517848570851e-01 3.645196898059871460e-01 1.228064764931709185e-01 1.428882157290044808e-01 5.558399900209565897e-02 8.608565080987648499e-02 4.621434415671697021e-02 6.877464179757473983e-02 3.142893137876830167e-02 3.142893137876830167e-02
2.862778851471830741e-02 2.862778851471830741e-02 7.122822788960959939e-02 4.914691797201427986e-02 9.155695382333361998e-02 5.500663955124055621e-02 1.378293737670119590e-01 1.159517336314323799e-01 3.503450595897953379e-01 4.030677793082125260e-01 5.335437879727230603e-01 5.313051196102542839e-01 5.335437879727321642e-01 4.030677793082174110e-01 3.503450595897965036e-01 1.159517336314402486e-01 1.378293737670210906e-01 5.500663955124515669e-02 9.155695382334162746e-02 4.914691797201935219e-02 7.122822788961566398e-02 2.862778851472021560e-02 2.862778851472021560e-02
2.318983366470615468e-02 2.318983366470615468e-02 6.604231707742283519e-02 4.739846348731691084e-02 8.850659071456748461e-02 5.079402507421873492e-02 1.285536187593253332e-01 1.087060065521184976e-01 3.371557084137619120e-01 3.892565949507874046e-01 5.428485796425743803e-01 5.183627054037412973e-01 5.428485796425825960e-01 3.892565949507918455e-01 3.371557084137626337e-01 1.087060065521261859e-01 1.285536187593334934e-01 5.079402507422256519e-02 8.850659071457446514e-02 4.739846348732141418e-02 6.604231707742778956e-02 2.318983366470726143e-02 2.318983366470726143e-02
1.629464283294947483e-02 1.629464283294947483e-02 5.421268232347840887e-02 4.104854356399038895e-02 7.728944800352097189e-02 4.359923245779742662e-02 1.168161819207347157e-01 1.021611769956975169e-01 3.268080120872711158e-01 3.770884538206960568e-01 5.543921104959436130e-01 5.069298165093750752e-01 5.543921104959530499e-01 3.770884538207004422e-01 3.268080120872715044e-01 1.021611769957050525e-01 1.168161819207419322e-01 4.359923245780055606e-02 7.728944800352649525e-02 4.104854356399408738e-02 5.421268232348179505e-02 1.629464283294973156e-02 1.629464283294973156e-02
9.539090370181612863e-03 9.539090370181612863e-03 3.860460577736283400e-02 3.140523817057481321e-02 6.044996000974066364e-02 3.484636585973906880e-02 1.050140172649650372e-01 9.719151888973684428e-02 3.204808533137483151e-01 3.668525102139740257e-01 5.673122331757655123e-01 4.961162998131624646e-01 5.673122331757747272e-01 3.668525102139780780e-01 3.204808533137488702e-01 9.719151888974442155e-02 1.050140172649717957e-01 3.484636585974162926e-02 6.044996000974479922e-02 3.140523817057748468e-02 3.860460577736474219e-02 9.539090370181286735e-03 9.539090370181286735e-03
4.539166905978709449e-03 4.539166905978709449e-03 2.322993051746373092e-02 2.070636770232485088e-02 4.211688644213344018e-02 2.638930451825955911e-02 9.553495485488701366e-02 9.423406849124187079e-02 3.184043189626282189e-01 3.584507541404776121e-01 5.802885252912978187e-01 4.851725479941926822e-01 5.802885252913067005e-01 3.584507541404811648e-01 3.184043189626289405e-01 9.423406849124973950e-02 9.553495485489375827e-02 2.638930451826179691e-02 4.211688644213638921e-02 2.070636770232651622e-02 2.322993051746465379e-02 4.539166905978160409e-03 4.539166905978160409e-03
2.508134645367256135e-03 2.508134645367256135e-03 1.213887630288144892e-02 1.154701389363806292e-02 2.690028549537731503e-02 2.004492351466785616e-02 9.010986945470174370e-02 9.319003019314141267e-02 3.198503789665795849e-01 3.514545457651231386e-01 5.918520238912945430e-01 4.737134170973908431e-01 5.918520238913036469e-01 3.514545457651265803e-01 3.198503789665809727e-01 9.319003019314946179e-02 9.010986945470887688e-02 2.004492351467012864e-02 2.690028549537982691e-02 1.154701389363917835e-02 1.213887630288210118e-02 2.508134645366907022e-03 2.508134645366907022e-03
3.928661598014842465e-03 3.928661598014842465e-03 8.256427064819247402e-03 6.192101873001410080e-03 1.860961270624930317e-02 1.713007006946537861e-02 8.936508474310139727e-02 9.347608056349802907e-02 3.233791237611677860e-01 3.452398724621088544e-01 6.007612043694082749e-01 4.618698708734289560e-01 6.007612043694168236e-01 3.452398724621121850e-01 3.233791237611697289e-01 9.347608056350628636e-02 8.936508474310919659e-02 1.713007006946802926e-02 1.860961270625221750e-02 6.192101873002541987e-03 8.256427064820577935e-03 3.928661598015143440e-03 3.928661598015143440e-03
8.416067825978382211e-03 8.416067825978382211e-03 1.252778302269175539e-02 5.971962691426854070e-03 1.918303261304424648e-02 1.813220555518806759e-02 9.270560330739757715e-02 9.420870707293249602e-02 3.272596601195843502e-01 3.391655122859308924e-01 6.063380383123329054e-01 4.503268547186778936e-01 6.063380383123402328e-01 3.391655122859333904e-01 3.272596601195861266e-01 9.420870707294112800e-02 9.270560330740643118e-02 1.813220555519143989e-02 1.918303261304842022e-02 5.971962691428640835e-03 1.252778302269459687e-02 8.416067825979553149e-03 8.416067825979553149e-03
1.481790549780206273e-02 1.481790549780206273e-02 2.364953441462284978e-02 1.093639780858462682e-02 2.816111136481742189e-02 2.260471545323722992e-02 9.855171876165233491e-02 9.446475626391924452e-02 3.299384747564752529e-01 3.327486256401345766e-01 6.086619775435330171e-01 4.402278437841180558e-01 6.086619775435392343e-01 3.327486256401372411e-01 3.299384747564773623e-01 9.446475626392747404e-02 9.855171876166178568e-02 2.260471545324144182e-02 2.816111136482348301e-02 1.093639780858759666e-02 2.364953441462773476e-02 1.481790549780429359e-02 1.481790549780429359e-02
2.152632953706856353e-02 2.152632953706856353e-02 3.847761621136249616e-02 1.986478343404941491e-02 4.286718602444190840e-02 2.931136656757413195e-02 1.048398338883760189e-01 9.354042509399107530e-02 3.304228093684708489e-01 3.257946796963273051e-01 6.085533691165178061e-01 4.329549564768647718e-01 6.085533691165220249e-01 3.257946796963296920e-01 3.304228093684734024e-01 9.354042509399886074e-02 1.048398338883857750e-01 2.931136656757911407e-02 4.286718602445015874e-02 1.986478343405391131e-02 3.847761621136948362e-02 2.152632953707161317e-02 2.152632953707161317e-02
2.691536696736085768e-02 2.691536696736085768e-02 5.298120366517612700e-02 3.062104988312430373e-02 5.922805991133676951e-02 3.657131483577161918e-02 1.096207780572816398e-01 9.113534924200923648e-02 3.284812219820661960e-01 3.184514898640567471e-01 6.073347204217434125e-01 4.298237674472658587e-01 6.073347204217461881e-01 3.184514898640588565e-01 3.284812219820685275e-01 9.113534924201627252e-02 1.096207780572912710e-01 3.657131483577714254e-02 5.922805991134669906e-02 3.062104988313031281e-02 5.298120366518475899e-02 2.691536696736450407e-02 2.691536696736450407e-02
2.977635839680119537e-02 2.977635839680119537e-02 6.343135794025739349e-02 4.073887720361192566e-02 7.296251015225539704e-02 4.269993731709939566e-02 1.115705185915621400e-01 8.741549828448698378e-02 3.246244201557628717e-01 3.111769515242721051e-01 6.064255649208424304e-01 4.317579830839776700e-01 6.064255649208434296e-01 3.111769515242732709e-01 3.246244201557647036e-01 8.741549828449329818e-02 1.115705185915711883e-01 4.269993731710515494e-02 7.296251015226633274e-02 4.073887720361907966e-02 6.343135794026702468e-02 2.977635839680495278e-02 2.977635839680495278e-02
2.962507173068868252e-02 2.962507173068868252e-02 6.744024438847942560e-02 4.805870396183261478e-02 8.075591665865790303e-02 4.641936687583150811e-02 1.102721427290975775e-01 8.294784813192179751e-02 3.198955629358126163e-01 3.046318010606214877e-01 6.068856717956874203e-01 4.390236511966263411e-01 6.068856717956864211e-01 3.046318010606227089e-01 3.198955629358149477e-01 8.294784813192743189e-02 1.102721427291058903e-01 4.641936687583715637e-02 8.075591665866910240e-02 4.805870396184034471e-02 6.744024438848880698e-02 2.962507173069205482e-02 2.962507173069205482e-02
2.679409441092081220e-02 2.679409441092081220e-02 6.452872222330459373e-02 5.123449500223371811e-02 8.106550864060667327e-02 4.713137007705978099e-02 1.062149259108589455e-01 7.853739912912044430e-02 3.155492064901850857e-01 2.995269051951011674e-01 6.090506706360445666e-01 4.510983626946858394e-01 6.090506706360417910e-01 2.995269051951029438e-01 3.155492064901883054e-01 7.853739912912523213e-02 1.062149259108662869e-01 4.713137007706505455e-02 8.106550864061687345e-02 5.123449500224154518e-02 6.452872222331246244e-02 2.679409441092351837e-02 2.679409441092351837e-02
2.229132752400455469e-02 2.229132752400455469e-02 5.607379818105952263e-02 4.998293350274709418e-02 7.434783871167283120e-02 4.499513104594808632e-02 1.005519099655064752e-01 7.502110416144908145e-02 3.127178201825849269e-01 2.964642164647875999e-01 6.123876379962038818e-01 4.667240970174266201e-01 6.123876379961999961e-01 2.964642164647895428e-01 3.127178201825885906e-01 7.502110416145342520e-02 1.005519099655128867e-01 4.499513104595278395e-02 7.434783871168160196e-02 4.998293350275433145e-02 5.607379818106562885e-02 2.229132752400637268e-02 2.229132752400637268e-02
1.747747465510518516e-02 1.747747465510518516e-02 4.470651602572500716e-02 4.503789485416458127e-02 6.270703590438404806e-02 4.081409542103654753e-02 9.472654487876024099e-02 7.307781775169441829e-02 3.121524074627652356e-01 2.958092147715551401e-01 6.156340985334887161e-01 4.841460344598867982e-01 6.156340985334830540e-01 2.958092147715578046e-01 3.121524074627698431e-01 7.307781775169831795e-02 9.472654487876587537e-02 4.081409542104062760e-02 6.270703590439061226e-02 4.503789485417069444e-02 4.470651602572917743e-02 1.747747465510639947e-02 1.747747465510639947e-02
1.366836131994689230e-02 1.366836131994689230e-02 3.341209217808328857e-02 3.786430773918593451e-02 4.914823924070766542e-02 3.578758681865214231e-02 9.009981062577644695e-02 7.310002506648706488e-02 3.140891377817661145e-01 2.976216078243101859e-01 6.171897971876364464e-01 5.014851931305779331e-01 6.171897971876294520e-01 2.976216078243134056e-01 3.140891377817715546e-01 7.310002506649081189e-02 9.009981062578181765e-02 3.578758681865585461e-02 4.914823924071228672e-02 3.786430773919094439e-02 3.341209217808576576e-02 1.366836131994767292e-02 1.366836131994767292e-02
1.178463377761823118e-02 1.178463377761823118e-02 2.466122043808267189e-02 3.024608516188011589e-02 3.671925534391850404e-02 3.120919450472333170e-02 8.768125402382120903e-02 7.514904925601197105e-02 3.182529036114173926e-01 3.016546387195253587e-01 6.156389872800616114e-01 5.171472513692939588e-01 6.156389872800525076e-01 3.016546387195296330e-01 3.182529036114237209e-01 7.514904925601541275e-02 8.768125402382626055e-02 3.120919450472679074e-02 3.671925534392159879e-02 3.024608516188418902e-02 2.466122043808403191e-02 1.178463377761908293e-02 1.178463377761908293e-02
1.214775290768117799e-02 1.214775290768117799e-02 1.985176294337015132e-02 2.387603403374760624e-02 2.780953064122083235e-02 2.819119000602736055e-02 8.800924616293787084e-02 7.898992357334665149e-02 3.239751756136146077e-01 3.074169080445898206e-01 6.102267834951249359e-01 5.301502745184142329e-01 6.102267834951138337e-01 3.074169080445949831e-01 3.239751756136219352e-01 7.898992357335013481e-02 8.800924616294332481e-02 2.819119000603096531e-02 2.780953064122312218e-02 2.387603403375120753e-02 1.985176294337130318e-02 1.214775290768255016e-02 1.214775290768255016e-02
1.446731433923726176e-02 1.446731433923726176e-02 1.919218087771363060e-02 2.004502333584516974e-02 2.377047661778701818e-02 2.746969799701077034e-02 9.116531055556412189e-02 8.418291911787698090e-02 3.303839303432039576e-01 3.142782517167285183e-01 6.011194178234643415e-01 5.402703020807061440e-01 6.011194178234503527e-01 3.142782517167349576e-01 3.303839303432119512e-01 8.418291911788046422e-02 9.116531055557001995e-02 2.746969799701481571e-02 2.377047661778940169e-02 2.004502333584888552e-02 1.919218087771534798e-02 1.446731433923948221e-02 1.446731433923948221e-02
1.800077141334363931e-02 1.800077141334363931e-02 2.197792309304244171e-02 1.947305054728014004e-02 2.487908815453183237e-02 2.931231199880793975e-02 9.686860816713495359e-02 9.019992921162520161e-02 3.366170732463060755e-01 3.215947164894007448e-01 5.893468538969294235e-01 5.479545378170932457e-01 5.893468538969131032e-01 3.215947164894088495e-01 3.366170732463154569e-01 9.019992921162856003e-02 9.686860816714126798e-02 2.931231199881269289e-02 2.487908815453509712e-02 1.947305054728463297e-02 2.197792309304533523e-02 1.800077141334682079e-02 1.800077141334682079e-02
2.181509882815079945e-02 2.181509882815079945e-02 2.707355856218918860e-02 2.227204542127598705e-02 3.054811035026610416e-02 3.352123331141147744e-02 1.045902203555497678e-01 9.653549544264194981e-02 3.420137614595528674e-01 3.288269580947098536e-01 5.764364580355725298e-01 5.540237917822717906e-01 5.764364580355541001e-01 3.288269580947200121e-01 3.420137614595633591e-01 9.653549544264529436e-02 1.045902203555565957e-01 3.352123331141704243e-02 3.054811035027082608e-02 2.227204542128187470e-02 2.707355856219360521e-02 2.181509882815493850e-02 2.181509882815493850e-02
2.505728383618608529e-02 2.505728383618608529e-02 3.336784173832294670e-02 2.799947773807021784e-02 3.963227183811963289e-02 3.950852081720426789e-02 1.136475910277638252e-01 1.027910317355263808e-01 3.462470596789223309e-01 3.356304194224773441e-01 5.638610709529243703e-01 5.592565157065463310e-01 5.638610709529032761e-01 3.356304194224890014e-01 3.462470596789344324e-01 1.027910317355297254e-01 1.136475910277711249e-01 3.950852081721078352e-02 3.963227183812620402e-02 2.799947773807797552e-02 3.336784173832921252e-02 2.505728383619093905e-02 2.505728383619093905e-02
2.715160579794753670e-02 2.715160579794753670e-02 4.002498222155195101e-02 3.575985723379756370e-02 5.069986098548873166e-02 4.641651190188256920e-02 1.232713896431171519e-01 1.087222072878221008e-01 3.493748476909085410e-01 3.419029521572943819e-01 5.525015028190976007e-01 5.639915465568335895e-01 5.525015028190755073e-01 3.419029521573080377e-01 3.493748476909218637e-01 1.087222072878253759e-01 1.232713896431250344e-01 4.641651190188995219e-02 5.069986098549730119e-02 3.575985723380716713e-02 4.002498222155965318e-02 2.715160579795279638e-02 2.715160579795279638e-02
2.787877138773404984e-02 2.787877138773404984e-02 4.647920567854667978e-02 4.433045223875244772e-02 6.220912721329117934e-02 5.326141078990796751e-02 1.326623809182360669e-01 1.142495065499383317e-01 3.518026902992854588e-01 3.477842679282635019e-01 5.423292885449173539e-01 5.678870149046145732e-01 5.423292885448928180e-01 3.477842679282791560e-01 3.518026902992996141e-01 1.142495065499417872e-01 1.326623809182445046e-01 5.326141078991604438e-02 6.220912721330144890e-02 4.433045223876397323e-02 4.647920567855578361e-02 2.787877138773930952e-02 2.787877138773930952e-02
2.733878041328720310e-02 2.733878041328720310e-02 5.225176758071091443e-02 5.231156198072908770e-02 7.260897737332190627e-02 5.908489556099766338e-02 1.410634474331378674e-01 1.194386310324149630e-01 3.541703501877723204e-01 3.536097389218225695e-01 5.324413297928313193e-01 5.699245273191296812e-01 5.324413297928066724e-01 3.536097389218411657e-01 3.541703501877881410e-01 1.194386310324184325e-01 1.410634474331473043e-01 5.908489556100606638e-02 7.260897737333288360e-02 5.231156198074189689e-02 5.225176758072063582e-02 2.733878041329208461e-02 2.733878041329208461e-02
2.583779503012119741e-02 2.583779503012119741e-02 5.675140281684919880e-02 5.831384623599523975e-02 8.043399397417341778e-02 6.310212593568377548e-02 1.478608078610387788e-01 1.244606417950445548e-01 3.571894767869012721e-01 3.598271642235194023e-01 5.214461958144636089e-01 5.686646248301046036e-01 5.214461958144387399e-01 3.598271642235402190e-01 3.571894767869180920e-01 1.244606417950483851e-01 1.478608078610481047e-01 6.310212593569243522e-02 8.043399397418510288e-02 5.831384623600845141e-02 5.675140281685896876e-02 2.583779503012540238e-02 2.583779503012540238e-02
2.375636370609435222e-02 2.375636370609435222e-02 5.921741759999551991e-02 6.118663795797100319e-02 8.446313649225412057e-02 6.483289264805876251e-02 1.527063073357581846e-01 1.295426206193164842e-01 3.614701394101558773e-01 3.668889865764567992e-01 5.080615383215385528e-01 5.626705405556892137e-01 5.080615383215114633e-01 3.668889865764799474e-01 3.614701394101736409e-01 1.295426206193205365e-01 1.527063073357677880e-01 6.483289264806713081e-02 8.446313649226512565e-02 6.118663795798403443e-02 5.921741760000480415e-02 2.375636370609796391e-02 2.375636370609796391e-02
2.144881596963296028e-02 2.144881596963296028e-02 5.888353677895118848e-02 6.026453065889315203e-02 8.396259515523632477e-02 6.419773218461606590e-02 1.556305181614294209e-01 1.349189784464085995e-01 3.673755250665622918e-01 3.751350949981434590e-01 4.916909734697129108e-01 5.509558595937100733e-01 4.916909734696870982e-01 3.751350949981683836e-01 3.673755250665811101e-01 1.349189784464134845e-01 1.556305181614391075e-01 6.419773218462375419e-02 8.396259515524615025e-02 6.026453065890514244e-02 5.888353677895943189e-02 2.144881596963581910e-02 2.144881596963581910e-02
1.919815167839051401e-02 1.919815167839051401e-02 5.531879416946002687e-02 5.557787087709879087e-02 7.896120322977691341e-02 6.155709529791764112e-02 1.571040355900393259e-01 1.407914369097628959e-01 3.749363899479081219e-01 3.846839655907224320e-01 4.727480305280352679e-01 5.333021496729354327e-01 4.727480305280104544e-01 3.846839655907494659e-01 3.749363899479276618e-01 1.407914369097682528e-01 1.571040355900489571e-01 6.155709529792489226e-02 7.896120322978500417e-02 5.557787087710933105e-02 5.531879416946684086e-02 1.919815167839285588e-02 1.919815167839285588e-02
1.722033043355960386e-02 1.722033043355960386e-02 4.879512520649566948e-02 4.795380485343406218e-02 7.044774919880739117e-02 5.767398524506198165e-02 1.580075383726190774e-01 1.473020489050501092e-01 3.838414303159229379e-01 3.953524740772249024e-01 4.525891330055131223e-01 5.103395771166597816e-01 4.525891330054893635e-01 3.953524740772541013e-01 3.838414303159429775e-01 1.473020489050563264e-01 1.580075383726282368e-01 5.767398524506849727e-02 7.044774919881352515e-02 4.795380485344279131e-02 4.879512520650079732e-02 1.722033043356163695e-02 1.722033043356163695e-02
1.569009875815325153e-02 1.569009875815325153e-02 4.048953889514114030e-02 3.894273908062279022e-02 6.036561472415950119e-02 5.359179493169292929e-02 1.594908115269367821e-01 1.545190645802565765e-01 3.935008409669213392e-01 4.066254102675235793e-01 4.330712281649899964e-01 4.833693565037837092e-01 4.330712281649677364e-01 4.066254102675543325e-01 3.935008409669419893e-01 1.545190645802638485e-01 1.594908115269466076e-01 5.359179493169875796e-02 6.036561472416403229e-02 3.894273908063014544e-02 4.048953889514503302e-02 1.569009875815504870e-02 1.569009875815504870e-02
1.475586397256323234e-02 1.475586397256323234e-02 3.237414149760264176e-02 3.054467171391098829e-02 5.132547774605408786e-02 5.043851523195812953e-02 1.627328407487558526e-01 1.624316547603518179e-01 4.031634118569829006e-01 4.176915543065364278e-01 4.159003407681852171e-01 4.539987965383946444e-01 4.159003407681648445e-01 4.176915543065677916e-01 4.031634118570030512e-01 1.624316547603599226e-01 1.627328407487659279e-01 5.043851523196361819e-02 5.132547774605787649e-02 3.054467171391763575e-02 3.237414149760622917e-02 1.475586397256518564e-02 1.475586397256518564e-02
1.452386532730958434e-02 1.452386532730958434e-02 2.676488086010652204e-02 2.477135318899932256e-02 4.604995413366216178e-02 4.919099899279132798e-02 1.686503201253252426e-01 1.709483217353723050e-01 4.120571767337345426e-01 4.275519353136881251e-01 4.020227281770104022e-01 4.237229565780636920e-01 4.020227281769921390e-01 4.275519353137215983e-01 4.120571767337548041e-01 1.709483217353819917e-01 1.686503201253362338e-01 4.919099899279680277e-02 4.604995413366633206e-02 2.477135318900609146e-02 2.676488086011066803e-02 1.452386532731185682e-02 1.452386532731185682e-02
1.501444971467521747e-02 1.501444971467521747e-02 2.564290419284471698e-02 2.314279413021531895e-02 4.667117528654096681e-02 5.045073938989866336e-02 1.776284594991734689e-01 1.798960153175225007e-01 4.195219490964612330e-01 4.351882607241823187e-01 3.912950170887278256e-01 3.935986573684864820e-01 3.912950170887129486e-01 4.351882607242158474e-01 4.195219490964808839e-01 1.798960153175337140e-01 1.776284594991863752e-01 5.045073938990454060e-02 4.667117528654688569e-02 2.314279413022311480e-02 2.564290419285046932e-02 1.501444971467796007e-02 1.501444971467796007e-02
1.611404603031637087e-02 1.611404603031637087e-02 2.997148920283282739e-02 2.625569739532017388e-02 5.408036444835166712e-02 5.428809963017822149e-02 1.893546464165269672e-01 1.890214805763446027e-01 4.251082953897408756e-01 4.397599541477032470e-01 3.825602790081790716e-01 3.641144602660377760e-01 3.825602790081669702e-01 4.397599541477372753e-01 4.251082953897588612e-01 1.890214805763575368e-01 1.893546464165415666e-01 5.428809963018482732e-02 5.408036444836054196e-02 2.625569739532989527e-02 2.997148920284115753e-02 1.611404603031946214e-02 1.611404603031946214e-02
1.755514294919109652e-02 1.755514294919109652e-02 3.925950109761140033e-02 3.355870547852748270e-02 6.754311067876440922e-02 6.020105991645175597e-02 2.028166704295475409e-01 1.980006938554693674e-01 4.286288346848032282e-01 4.407838970487581998e-01 3.740988452425821897e-01 3.352825832946305096e-01 3.740988452425734190e-01 4.407838970487920061e-01 4.286288346848201591e-01 1.980006938554841611e-01 2.028166704295646383e-01 6.020105991645952753e-02 6.754311067877719066e-02 3.355870547853968822e-02 3.925950109762280094e-02 1.755514294919453128e-02 1.755514294919453128e-02
1.894870803054390582e-02 1.894870803054390582e-02 5.155412846658471299e-02 4.342099096254929680e-02 8.473394164530412276e-02 6.720871357133725854e-02 2.164858547447698345e-01 2.064636428987705885e-01 4.301605576282501175e-01 4.382486458055914746e-01 3.642800326775291198e-01 3.068965058040714067e-01 3.642800326775248454e-01 4.382486458056252809e-01 4.301605576282663268e-01 2.064636428987871586e-01 2.164858547447890968e-01 6.720871357134612645e-02 8.473394164532072059e-02 4.342099096256359092e-02 5.155412846659881976e-02 1.894870803054746547e-02 1.894870803054746547e-02
1.987217793674682376e-02 1.987217793674682376e-02 6.390422499383137389e-02 5.349937923258204359e-02 1.022252353150259335e-01 7.406550020174962334e-02 2.286528457465048514e-01 2.140385473603688971e-01 4.300074542378067299e-01 4.326277250377963957e-01 3.521695109577754890e-01 2.788420903506175219e-01 3.521695109577752114e-01 4.326277250378305905e-01 4.300074542378220510e-01 2.140385473603870770e-01 2.286528457465253072e-01 7.406550020175936555e-02 1.022252353150454457e-01 5.349937923259814182e-02 6.390422499384763866e-02 1.987217793675025157e-02 1.987217793675025157e-02
1.999065051475591714e-02 1.999065051475591714e-02 7.317235417617090620e-02 6.131994890214836902e-02 1.163258906182848273e-01 7.954905771518828994e-02 2.378359536104890093e-01 2.204123372185211038e-01 4.286383155108555165e-01 4.247820996621540224e-01 3.378713563009658194e-01 2.513392802081350630e-01 3.378713563009695386e-01 4.247820996621871625e-01 4.286383155108692833e-01 2.204123372185405605e-01 2.378359536105102701e-01 7.954905771519839297e-02 1.163258906183056718e-01 6.131994890216505012e-02 7.317235417618769833e-02 1.999065051475886617e-02 1.999065051475886617e-02
1.917050191987135915e-02 1.917050191987135915e-02 7.694809081070412560e-02 6.492153703848253798e-02 1.240496118198610997e-01 8.275219737603560499e-02 2.431543403323111752e-01 2.253954211226804893e-01 4.266142045395693860e-01 4.157725779053630943e-01 3.224894303095197645e-01 2.250263064518034095e-01 3.224894303095268699e-01 4.157725779053946802e-01 4.266142045395815985e-01 2.253954211227010285e-01 2.431543403323324914e-01 8.275219737604563863e-02 1.240496118198815834e-01 6.492153703849876112e-02 7.694809081072016832e-02 1.917050191987361776e-02 1.917050191987361776e-02
1.754182891585308324e-02 1.754182891585308324e-02 7.427255562785854692e-02 6.338328973796979182e-02 1.239392933677344460e-01 8.330480770869706786e-02 2.445612150427898535e-01 2.289723882505093622e-01 4.245154060793492334e-01 4.066289231359074274e-01 3.077348977561517596e-01 2.008623339940655006e-01 3.077348977561615295e-01 4.066289231359385137e-01 4.245154060793607242e-01 2.289723882505309838e-01 2.445612150428103926e-01 8.330480770870668517e-02 1.239392933677531256e-01 6.338328973798411370e-02 7.427255562787242471e-02 1.754182891585459592e-02 1.754182891585459592e-02
1.548102629191151595e-02 1.548102629191151595e-02 6.593985256315726406e-02 5.708551979878228461e-02 1.165024061430912639e-01 8.146687109089682799e-02 2.428669022715690406e-01 2.313198363722140105e-01 4.228722402721233342e-01 3.981354609274725953e-01 2.953306329707598987e-01 1.798918494648923949e-01 2.953306329707722777e-01 3.981354609275021827e-01 4.228722402721339924e-01 2.313198363722365758e-01 2.428669022715884973e-01 8.146687109090576528e-02 1.165024061431074176e-01 5.708551979879453175e-02 6.593985256316860222e-02 1.548102629191235383e-02 1.548102629191235383e-02
1.351234149832113499e-02 1.351234149832113499e-02 5.427595200901141198e-02 4.762571503240025511e-02 1.041173029757986729e-01 7.806611258809129095e-02 2.395394794682801087e-01 2.327794313724602104e-01 4.221015421673718349e-01 3.906888182702880075e-01 2.864257402237315731e-01 1.629603736460520647e-01 2.864257402237463945e-01 3.906888182703158185e-01 4.221015421673811052e-01 2.327794313724833031e-01 2.395394794682983164e-01 7.806611258809965925e-02 1.041173029758119817e-01 4.762571503241026794e-02 5.427595200902021744e-02 1.351234149832155305e-02 1.351234149832155305e-02
1.215703367950352227e-02 1.215703367950352227e-02 4.246355520673825851e-02 3.740857809474615325e-02 9.042249446320047013e-02 7.429476217318715936e-02 2.363346095006104430e-01 2.337869570792692753e-01 4.224522543320652912e-01 3.842633888617525972e-01 2.812174177714288348e-01 1.504818784180291802e-01 2.812174177714453771e-01 3.842633888617795201e-01 4.224522543320741175e-01 2.337869570792932561e-01 2.363346095006281788e-01 7.429476217319488929e-02 9.042249446321164175e-02 3.740857809475420931e-02 4.246355520674517658e-02 1.215703367950384667e-02 1.215703367950384667e-02
1.177924024008750702e-02 1.177924024008750702e-02 3.362574638089897705e-02 2.902164632430042496e-02 7.935421374892986934e-02 7.141790752447968460e-02 2.348559999198606418e-01 2.347723141613807796e-01 4.239678179522748391e-01 3.784901896724126025e-01 2.788952415594652123e-01 1.423333595688412723e-01 2.788952415594826428e-01 3.784901896724379156e-01 4.239678179522835544e-01 2.347723141614054820e-01 2.348559999198784609e-01 7.141790752448744228e-02 7.935421374894052748e-02 2.902164632430780100e-02 3.362574638090556206e-02 1.177924024008813499e-02 1.177924024008813499e-02
1.248060194918051632e-02 1.248060194918051632e-02 2.995372262448253026e-02 2.456846298823238753e-02 7.410360366288615275e-02 7.046956470781921833e-02 2.361672741185519842e-01 2.360560978272505661e-01 4.264763230144849038e-01 3.728237232877921747e-01 2.779086158601580814e-01 1.379037325127053792e-01 2.779086158601757339e-01 3.728237232878153784e-01 4.264763230144931194e-01 2.360560978272756849e-01 2.361672741185705526e-01 7.046956470782735071e-02 7.410360366289778233e-02 2.456846298824021807e-02 2.995372262449015263e-02 1.248060194918174624e-02 1.248060194918174624e-02
1.407949996478637979e-02 1.407949996478637979e-02 3.214172161923664617e-02 2.514130926115907411e-02 7.628914485169123461e-02 7.201464217014699742e-02 2.405586877088425890e-01 2.377715960534524664e-01 4.296184197110110570e-01 3.667481779804981912e-01 2.764531351171771734e-01 1.362717104024532278e-01 2.764531351171941043e-01 3.667481779805198960e-01 4.296184197110194392e-01 2.377715960534775574e-01 2.405586877088622400e-01 7.201464217015622615e-02 7.628914485170561199e-02 2.514130926116859427e-02 3.214172161924655491e-02 1.407949996478836778e-02 1.407949996478836778e-02
1.618112304116409161e-02 1.618112304116409161e-02 3.928538135018003197e-02 3.057264874659499851e-02 8.557431508836399470e-02 7.603498197970823269e-02 2.475242818231832564e-01 2.398354159715824219e-01 4.329165678905139147e-01 3.599652068497821156e-01 2.730099152853532329e-01 1.364489191817225278e-01 2.730099152853693867e-01 3.599652068498014890e-01 4.329165678905220194e-01 2.398354159716074852e-01 2.475242818232041286e-01 7.603498197971871042e-02 8.557431508838227174e-02 3.057264874660712770e-02 3.928538135019303545e-02 1.618112304116688452e-02 1.618112304116688452e-02
1.831243711619548117e-02 1.831243711619548117e-02 4.924681618688572793e-02 3.952259467784442065e-02 9.982619974932728513e-02 8.196219773761682925e-02 2.559429158358098033e-01 2.419769390774730300e-01 4.358784941695967308e-01 3.525127071129448564e-01 2.667692821857706731e-01 1.376113377146859773e-01 2.667692821857842733e-01 3.525127071129628420e-01 4.358784941696047799e-01 2.419769390774976769e-01 2.559429158358313972e-01 8.196219773762868088e-02 9.982619974934971163e-02 3.952259467785949193e-02 4.924681618690148616e-02 1.831243711619894368e-02 1.831243711619894368e-02
2.007347347360562487e-02 2.007347347360562487e-02 5.934372190334930020e-02 4.986448203062528867e-02 1.157510883260390450e-01 8.884022458302483216e-02 2.644001972501868192e-01 2.438201548221158033e-01 4.381156423482039930e-01 3.447846623273640443e-01 2.578207196537585788e-01 1.392551835667099891e-01 2.578207196537706247e-01 3.447846623273809197e-01 4.381156423482125417e-01 2.438201548221395898e-01 2.644001972502090791e-01 8.884022458303798830e-02 1.157510883260646911e-01 4.986448203064286488e-02 5.934372190336709846e-02 2.007347347360952799e-02 2.007347347360952799e-02
2.125167176415393433e-02 2.125167176415393433e-02 6.712913759351826770e-02 5.925074530987131660e-02 1.298081371571572495e-01 9.556810044365360302e-02 2.715544908435413296e-01 2.449960005909502525e-01 4.394477034999791365e-01 3.374496195082954397e-01 2.470721544052939811e-01 1.412445368584139826e-01 2.470721544053036955e-01 3.374496195083114825e-01 4.394477034999884624e-01 2.449960005909736227e-01 2.715544908435635341e-01 9.556810044366745305e-02 1.298081371571848108e-01 5.925074530989038468e-02 6.712913759353697496e-02 2.125167176415800052e-02 2.125167176415800052e-02
2.186102052688178310e-02 2.186102052688178310e-02 7.101997558335074179e-02 6.569939437173043240e-02 1.391323584895039212e-01 1.011570667615665498e-01 2.764473751495320486e-01 2.452538512781202995e-01 4.399610122517084165e-01 3.312917611373582538e-01 2.359445095872934328e-01 1.437545262640256283e-01 2.359445095873010934e-01 3.312917611373733529e-01 4.399610122517186306e-01 2.452538512781429758e-01 2.764473751495533649e-01 1.011570667615807745e-01 1.391323584895315379e-01 6.569939437175002783e-02 7.101997558336872740e-02 2.186102052688586664e-02 2.186102052688586664e-02
2.209669200214304727e-02 2.209669200214304727e-02 7.060326912197949223e-02 6.804723320302856482e-02 1.422117361167899163e-01 1.049386884627299815e-01 2.786851549631864655e-01 2.445404366096110005e-01 4.399951238758493255e-01 3.270170700742979220e-01 2.259473869458820672e-01 1.471435161925188084e-01 2.259473869458866468e-01 3.270170700743117997e-01 4.399951238758595951e-01 2.445404366096321780e-01 2.786851549632065050e-01 1.049386884627439981e-01 1.422117361168162009e-01 6.804723320304728595e-02 7.060326912199577087e-02 2.209669200214704407e-02 2.209669200214704407e-02
2.222775440720269405e-02 2.222775440720269405e-02 6.656945109752344936e-02 6.616434906312572417e-02 1.391516216566245912e-01 1.066796827560752142e-01 2.784624836461986330e-01 2.430237140129566098e-01 4.400493780077571193e-01 3.250740388226213140e-01 2.182652950899018340e-01 1.518025554457324566e-01 2.182652950899037492e-01 3.250740388226339150e-01 4.400493780077679995e-01 2.430237140129772322e-01 2.784624836462178954e-01 1.066796827560884675e-01 1.391516216566477393e-01 6.616434906314223874e-02 6.656945109753720224e-02 2.222775440720665269e-02 2.222775440720665269e-02
2.247325278557991968e-02 2.247325278557991968e-02 6.034701324685522866e-02 6.089776152060027287e-02 1.314913743629921028e-01 1.065875547795493150e-01 2.764461998216047878e-01 2.410554014125030065e-01 4.406264689660280287e-01 3.255332632500166912e-01 2.134697644102758474e-01 1.580283495961150309e-01 2.134697644102750425e-01 3.255332632500284040e-01 4.406264689660395750e-01 2.410554014125227129e-01 2.764461998216223848e-01 1.065875547795614858e-01 1.314913743630106435e-01 6.089776152061465025e-02 6.034701324686642110e-02 2.247325278558387485e-02 2.247325278558387485e-02
2.291187540687989604e-02 2.291187540687989604e-02 5.359930346311000959e-02 5.378692738524044198e-02 1.216700774782260713e-01 1.052201130705000265e-01 2.735721281711058217e-01 2.390837755493504524e-01 4.420547544760812242e-01 3.280550725343161500e-01 2.114288998757244409e-01 1.659503613950132073e-01 2.114288998757213600e-01 3.280550725343265861e-01 4.420547544760919378e-01 2.390837755493690764e-01 2.735721281711219754e-01 1.052201130705112814e-01 1.216700774782416283e-01 5.378692738525264055e-02 5.359930346311898852e-02 2.291187540688398999e-02 2.291187540688398999e-02
2.346075355369995133e-02 2.346075355369995133e-02 4.776541552163732218e-02 4.664826185764487515e-02 1.123289105864801463e-01 1.033333691543567162e-01 2.708203842589935184e-01 2.375421115540290729e-01 4.443445948170148263e-01 3.319526425666142200e-01 2.114257931845005822e-01 1.755199341438627714e-01 2.114257931844955030e-01 3.319526425666238234e-01 4.443445948170265392e-01 2.375421115540465866e-01 2.708203842590091170e-01 1.033333691543669719e-01 1.123289105864932885e-01 4.664826185765535982e-02 4.776541552164478843e-02 2.346075355370428120e-02 2.346075355370428120e-02
2.393038092721236701e-02 2.393038092721236701e-02 4.378181020784877725e-02 4.114655587503528167e-02 1.056618589343425729e-01 1.017111488231689370e-01 2.690248629657329693e-01 2.367435909686834705e-01 4.471285918177677066e-01 3.363344862182885975e-01 2.124368584376202795e-01 1.865475860464268221e-01 2.124368584376133962e-01 3.363344862182972017e-01 4.471285918177790863e-01 2.367435909686993467e-01 2.690248629657469581e-01 1.017111488231787070e-01 1.056618589343545495e-01 4.114655587504501694e-02 4.378181020785563982e-02 2.393038092721710974e-02 2.393038092721710974e-02
2.413128035960159304e-02 2.413128035960159304e-02 4.203261821885140997e-02 3.845660556055235935e-02 1.029822877655789393e-01 1.010153649530507319e-01 2.687478636600130755e-01 2.368096988409214565e-01 4.497110310736620042e-01 3.402902332727067991e-01 2.134769453359428304e-01 1.987610581052888792e-01 2.134769453359337821e-01 3.402902332727141266e-01 4.497110310736719962e-01 2.368096988409355563e-01 2.687478636600257875e-01 1.010153649530599884e-01 1.029822877655911517e-01 3.845660556056265666e-02 4.203261821885875132e-02 2.413128035960657863e-02 2.413128035960657863e-02
2.398618098455634201e-02 2.398618098455634201e-02 4.248229969753102020e-02 3.907815717588598858e-02 1.045825353840719035e-01 1.016821641572314416e-01 2.702238892277029070e-01 2.376483468784265640e-01 4.512166019188953991e-01 3.430724749310680166e-01 2.139028942586510551e-01 2.118554760793457670e-01 2.139028942586403692e-01 3.430724749310746224e-01 4.512166019189044475e-01 2.376483468784388597e-01 2.702238892277155080e-01 1.016821641572410312e-01 1.045825353840854344e-01 3.907815717589765286e-02 4.248229969753945789e-02 2.398618098456165026e-02 2.398618098456165026e-02
2.359787210147798117e-02 2.359787210147798117e-02 4.488183163821869021e-02 4.281776705968323021e-02 1.098634899885948674e-01 1.038725706790089992e-01 2.733590223547065490e-01 2.389842192722284320e-01 4.507958397818193075e-01 3.442286693254594798e-01 2.135857598484844355e-01 2.255175612872703794e-01 2.135857598484723896e-01 3.442286693254655305e-01 4.507958397818274676e-01 2.389842192722388958e-01 2.733590223547189835e-01 1.038725706790187969e-01 1.098634899886105493e-01 4.281776705969717739e-02 4.488183163822880711e-02 2.359787210148366760e-02 2.359787210148366760e-02
2.323938214181939244e-02 2.323938214181939244e-02 4.893116994447051227e-02 4.890901420516459430e-02 1.176370529448482749e-01 1.074730538138025104e-01 2.777686453540641476e-01 2.404310434799800111e-01 4.478265498889161256e-01 3.436508993450397287e-01 2.129080196316262552e-01 2.394229479735998645e-01 2.129080196316135987e-01 3.436508993450451133e-01 4.478265498889231755e-01 2.404310434799883101e-01 2.777686453540757494e-01 1.074730538138126690e-01 1.176370529448661217e-01 4.890901420518079662e-02 4.893116994448235002e-02 2.323938214182539805e-02 2.323938214182539805e-02
2.326370704793246161e-02 2.326370704793246161e-02 5.432522531900713103e-02 5.621868863888034029e-02 1.264779159298426714e-01 1.121349306096421361e-01 2.828428316136175069e-01 2.415863157324560362e-01 4.420524288116812195e-01 3.415340638465795831e-01 2.126000852945715003e-01 2.532215150736012999e-01 2.126000852945587882e-01 3.415340638465845791e-01 4.420524288116869926e-01 2.415863157324628363e-01 2.828428316136289422e-01 1.121349306096526693e-01 1.264779159298619338e-01 5.621868863889865203e-02 5.432522531902081453e-02 2.326370704793889396e-02 2.326370704793889396e-02
2.396335293824055843e-02 2.396335293824055843e-02 6.068461111479941245e-02 6.348340274942756989e-02 1.350222822960323310e-01 1.173410557656872216e-01 2.878364624546655981e-01 2.421248399782848226e-01 4.336205619082075802e-01 3.382584636919783727e-01 2.134810398972656620e-01 2.665332187359869542e-01 2.134810398972535328e-01 3.382584636919843679e-01 4.336205619082123541e-01 2.421248399782907346e-01 2.878364624546769779e-01 1.173410557656977132e-01 1.350222822960530922e-01 6.348340274944731798e-02 6.068461111481469883e-02 2.396335293824751120e-02 2.396335293824751120e-02
2.543256783710550264e-02 2.543256783710550264e-02 6.744080295768196953e-02 6.953287045192931004e-02 1.421617192498242366e-01 1.224905274449620968e-01 2.919820129792422003e-01 2.418687363552602110e-01 4.230111493633618158e-01 3.342334401064532834e-01 2.161956106703371017e-01 2.789729716653100433e-01 2.161956106703264990e-01 3.342334401064597782e-01 4.230111493633651465e-01 2.418687363552654290e-01 2.919820129792537466e-01 1.224905274449721720e-01 1.421617192498447202e-01 6.953287045194962712e-02 6.744080295769841471e-02 2.543256783711288910e-02 2.543256783711288910e-02
2.748811172753238760e-02 2.748811172753238760e-02 7.377646140004279207e-02 7.347316330407095697e-02 1.471339704926552527e-01 1.269936335410660477e-01 2.946152249817930446e-01 2.408180223366585826e-01 4.108855349797532752e-01 3.297487222781756433e-01 2.210349458165363490e-01 2.902092423626414508e-01 2.210349458165271341e-01 3.297487222781835259e-01 4.108855349797556067e-01 2.408180223366638284e-01 2.946152249818048685e-01 1.269936335410753458e-01 1.471339704926743208e-01 7.347316330409064955e-02 7.377646140005961195e-02 2.748811172754033957e-02 2.748811172754033957e-02
