# L = 12 / J = 1 / lamb = 0.8
# particle_position = 5
# final_time = 4 / steps = 20
0.000000000000000000e+00 0.000000000000000000e+00 0.000000000000000000e+00 0.000000000000000000e+00 0.000000000000000000e+00 0.000000000000000000e+00 0.000000000000000000e+00 0.000000000000000000e+00 0.000000000000000000e+00 0.000000000000000000e+00 1.000000000000000000e+00 1.000000000000000000e+00 1.000000000000000000e+00 0.000000000000000000e+00 0.000000000000000000e+00 0.000000000000000000e+00 0.000000000000000000e+00 0.000000000000000000e+00 0.000000000000000000e+00 0.000000000000000000e+00 0.000000000000000000e+00 0.000000000000000000e+00 0.000000000000000000e+00
2.405313267197663196e-02 2.405313267197663196e-02 4.687465057202920560e-02 2.406421372696538122e-02 4.688572392136753503e-02 2.406421419561709588e-02 4.688581738457980180e-02 2.406430573529160996e-02 4.818516872933874956e-02 2.536450965269395133e-02 9.518140889626511836e-01 9.759356062900932383e-01 9.518140889626511836e-01 2.536450965269389929e-02 4.818516872933873568e-02 2.406430573529166894e-02 4.688581738457982956e-02 2.406421419561705424e-02 4.688572392136746564e-02 2.406421372696534305e-02 4.687465057202901825e-02 2.405313267197652441e-02 2.405313267197652441e-02
7.989337168554493107e-02 7.989337168554493107e-02 1.434617550486141369e-01 8.048773094093607250e-02 1.440527494742670223e-01 8.048813995084466710e-02 1.440741720450698926e-01 8.050794045181949854e-02 1.614597001816102662e-01 9.796993752780190634e-02 8.384860260307610558e-01 9.194731518228602685e-01 8.384860260307606117e-01 9.796993752780197573e-02 1.614597001816103217e-01 8.050794045181962344e-02 1.440741720450695040e-01 8.048813995084447281e-02 1.440527494742668557e-01 8.048773094093614189e-02 1.434617550486140813e-01 7.989337168554487556e-02 7.989337168554487556e-02
1.326144520398450932e-01 1.326144520398450932e-01 2.051209037911242983e-01 1.376678687257779921e-01 2.100551541336089789e-01 1.376861704145675713e-01 2.105112984903234619e-01 1.380745362728184600e-01 2.757907509592711914e-01 2.044266167511045729e-01 7.235115643339926628e-01 8.615655310655619958e-01 7.235115643339923297e-01 2.044266167511047949e-01 2.757907509592717465e-01 1.380745362728188208e-01 2.105112984903235451e-01 1.376861704145672660e-01 2.100551541336088957e-01 1.376678687257776867e-01 2.051209037911242150e-01 1.326144520398450377e-01 1.326144520398450377e-01
1.570444474763748322e-01 1.570444474763748322e-01 1.935077235367988480e-01 1.759558826709456958e-01 2.111207116783274385e-01 1.761893785241671895e-01 2.146262433351085464e-01 1.789262206135903144e-01 3.504238785973712855e-01 3.208409996139767739e-01 6.454517764582233808e-01 8.187308446754719693e-01 6.454517764582232697e-01 3.208409996139774401e-01 3.504238785973722292e-01 1.789262206135910360e-01 2.146262433351086296e-01 1.761893785241674670e-01 2.111207116783281046e-01 1.759558826709455293e-01 1.935077235367983484e-01 1.570444474763749154e-01 1.570444474763749154e-01
1.537639905304204191e-01 1.537639905304204191e-01 1.449560671785538324e-01 1.966693155239972457e-01 1.810459400595352542e-01 1.981404503300927822e-01 1.958841988078364182e-01 2.089468801730327285e-01 3.905999090836025922e-01 4.232791004252177691e-01 5.943347166265905424e-01 7.831676736091265356e-01 5.943347166265906534e-01 4.232791004252187683e-01 3.905999090836040910e-01 2.089468801730333392e-01 1.958841988078368901e-01 1.981404503300930042e-01 1.810459400595358648e-01 1.966693155239971069e-01 1.449560671785540267e-01 1.537639905304205024e-01 1.537639905304205024e-01
1.410473242277612838e-01 1.410473242277612838e-01 1.174277445259412078e-01 2.089730816297958316e-01 1.642532982975918598e-01 2.148312425695319550e-01 2.058720072436188153e-01 2.441029091269976414e-01 4.210102442449439319e-01 5.008387199749533281e-01 5.399123890614248023e-01 7.396697673589571753e-01 5.399123890614241361e-01 5.008387199749546603e-01 4.210102442449458748e-01 2.441029091269985296e-01 2.058720072436191484e-01 2.148312425695324268e-01 1.642532982975924150e-01 2.089730816297958871e-01 1.174277445259420127e-01 1.410473242277612005e-01 1.410473242277612005e-01
1.351849676189325056e-01 1.351849676189325056e-01 1.271346072360040047e-01 2.159330264079912798e-01 1.654672055611720594e-01 2.326402954111487231e-01 2.505087245763820136e-01 2.930447002449700911e-01 4.495228091500297340e-01 5.569057280990173942e-01 4.721003340505254275e-01 6.855311585527715801e-01 4.721003340505237067e-01 5.569057280990195036e-01 4.495228091500319545e-01 2.930447002449705907e-01 2.505087245763821802e-01 2.326402954111492782e-01 1.654672055611730308e-01 2.159330264079910577e-01 1.271346072360043100e-01 1.351849676189317007e-01 1.351849676189317007e-01
1.392645896854772247e-01 1.392645896854772247e-01 1.454980551402557110e-01 2.152351896340700121e-01 1.646287212392885391e-01 2.517427891821168995e-01 2.980605969940809397e-01 3.523804598275798172e-01 4.621652157958397455e-01 5.981925808185213356e-01 4.082311604322143572e-01 6.319253080688563839e-01 4.082311604322124143e-01 5.981925808185235560e-01 4.621652157958412999e-01 3.523804598275803168e-01 2.980605969940813282e-01 2.517427891821168440e-01 1.646287212392888999e-01 2.152351896340692905e-01 1.454980551402556277e-01 1.392645896854760312e-01 1.392645896854760312e-01
1.470733992483765629e-01 1.470733992483765629e-01 1.455722821800058964e-01 2.087149740010513232e-01 1.598556312146589553e-01 2.725982565987106754e-01 3.256219722178430032e-01 4.131040938819355302e-01 4.457554685271735151e-01 6.250597066673667657e-01 3.675327781248903802e-01 5.913772039571782990e-01 3.675327781248894365e-01 6.250597066673688751e-01 4.457554685271746808e-01 4.131040938819362518e-01 3.256219722178432807e-01 2.725982565987102313e-01 1.598556312146591218e-01 2.087149740010504906e-01 1.455722821800053690e-01 1.470733992483745090e-01 1.470733992483745090e-01
1.528162354296165037e-01 1.528162354296165037e-01 1.335659192149871999e-01 2.054939075558004646e-01 1.717913698654444377e-01 2.988391226948790003e-01 3.381652329795520329e-01 4.681624911005554113e-01 4.049227980393262372e-01 6.332107029190036096e-01 3.495661217550178335e-01 5.689771305744039109e-01 3.495661217550173894e-01 6.332107029190057190e-01 4.049227980393273474e-01 4.681624911005565770e-01 3.381652329795520329e-01 2.988391226948782786e-01 1.717913698654440491e-01 2.054939075557995209e-01 1.335659192149866448e-01 1.528162354296146164e-01 1.528162354296146164e-01
1.556121408812249085e-01 1.556121408812249085e-01 1.335740942431531131e-01 2.146530942099365846e-01 2.092600771179096708e-01 3.342713880398419102e-01 3.467066714152468032e-01 5.148343698214402631e-01 3.561201923422085969e-01 6.221342381188461612e-01 3.398834464446889303e-01 5.635806463896562146e-01 3.398834464446889303e-01 6.221342381188473825e-01 3.561201923422084303e-01 5.148343698214420394e-01 3.467066714152470808e-01 3.342713880398400228e-01 2.092600771179092545e-01 2.146530942099358075e-01 1.335740942431525857e-01 1.556121408812236873e-01 1.556121408812236873e-01
1.574990362201105776e-01 1.574990362201105776e-01 1.558559547471994045e-01 2.379754141983566607e-01 2.525505123022724896e-01 3.793358398642648344e-01 3.478642620476268266e-01 5.523541616233159646e-01 3.122618241863907573e-01 5.989716216317748643e-01 3.287565665752069100e-01 5.714623888916070538e-01 3.287565665752079647e-01 5.989716216317759745e-01 3.122618241863895361e-01 5.523541616233186291e-01 3.478642620476279368e-01 3.793358398642648344e-01 2.525505123022725451e-01 2.379754141983562443e-01 1.558559547472003481e-01 1.574990362201099114e-01 1.574990362201099114e-01
1.607378521831363538e-01 1.607378521831363538e-01 1.899865799507868269e-01 2.716812018136794404e-01 2.786508301302036972e-01 4.304101273939165972e-01 3.324070504680832761e-01 5.789406607729746801e-01 2.774277728318791381e-01 5.744121456487201183e-01 3.172868227839768518e-01 5.864896260499127267e-01 3.172868227839776845e-01 5.744121456487217836e-01 2.774277728318778058e-01 5.789406607729773446e-01 3.324070504680842197e-01 4.304101273939160976e-01 2.786508301302038082e-01 2.716812018136789408e-01 1.899865799507878539e-01 1.607378521831354101e-01 1.607378521831354101e-01
1.679137986801891580e-01 1.679137986801891580e-01 2.230736552223312741e-01 3.127417551982027422e-01 2.889031752120022611e-01 4.812413775200926613e-01 3.022879463455767635e-01 5.918231753156160124e-01 2.525778172320020110e-01 5.568013853078235265e-01 3.078072866474519387e-01 5.999172606884549674e-01 3.078072866474537150e-01 5.568013853078249698e-01 2.525778172320005122e-01 5.918231753156177888e-01 3.022879463455783733e-01 4.812413775200926058e-01 2.889031752120018726e-01 3.127417551982023536e-01 2.230736552223319402e-01 1.679137986801888249e-01 1.679137986801888249e-01
1.828341428368001897e-01 1.828341428368001897e-01 2.532828016688629114e-01 3.606245071482980236e-01 2.994941384423597253e-01 5.252267316891335858e-01 2.688935455913000205e-01 5.902168316203713072e-01 2.400648447197308855e-01 5.500999244265966093e-01 2.963025679044426486e-01 6.039192734768155102e-01 2.963025679044442029e-01 5.500999244265976085e-01 2.400648447197302193e-01 5.902168316203731946e-01 2.688935455913010197e-01 5.252267316891329196e-01 2.994941384423599473e-01 3.606245071482978015e-01 2.532828016688623007e-01 1.828341428367987742e-01 1.828341428367987742e-01
2.093528139881328243e-01 2.093528139881328243e-01 2.839430025730819707e-01 4.139865666045273174e-01 3.125247331588410504e-01 5.575734480440670549e-01 2.398191613866674787e-01 5.778440701987971329e-01 2.408200550260950756e-01 5.547033415423717750e-01 2.774038756956316298e-01 5.963131801224761386e-01 2.774038756956330731e-01 5.547033415423728853e-01 2.408200550260950479e-01 5.778440701987989092e-01 2.398191613866684502e-01 5.575734480440677210e-01 3.125247331588411615e-01 4.139865666045257631e-01 2.839430025730804164e-01 2.093528139881309647e-01 2.093528139881309647e-01
2.487058772184981281e-01 2.487058772184981281e-01 3.122768391800234133e-01 4.685375655736873091e-01 3.116723764870694136e-01 5.761660379213346950e-01 2.170678050508013657e-01 5.620682713151485821e-01 2.497346037808125807e-01 5.677010822090075015e-01 2.527687410151715497e-01 5.813042785688544711e-01 2.527687410151717717e-01 5.677010822090068354e-01 2.497346037808137742e-01 5.620682713151482490e-01 2.170678050508019763e-01 5.761660379213335847e-01 3.116723764870692470e-01 4.685375655736841449e-01 3.122768391800211374e-01 2.487058772184958799e-01 2.487058772184958799e-01
2.981528166701845062e-01 2.981528166701845062e-01 3.292839056295293054e-01 5.184260732878740452e-01 2.870179913783802439e-01 5.812723814562504865e-01 2.057559195452285106e-01 5.504019360534706529e-01 2.564922837354165486e-01 5.826823981320249368e-01 2.302316773524562543e-01 5.659301343502894932e-01 2.302316773524555049e-01 5.826823981320243817e-01 2.564922837354185470e-01 5.504019360534698757e-01 2.057559195452287604e-01 5.812723814562495983e-01 2.870179913783809655e-01 5.184260732878713807e-01 3.292839056295283062e-01 2.981528166701816751e-01 2.981528166701816751e-01
3.522021838453525677e-01 3.522021838453525677e-01 3.283065322962744337e-01 5.582836846327682290e-01 2.516429821098487007e-01 5.755264955352851208e-01 2.134398720689703044e-01 5.474475422163120886e-01 2.521930161552016769e-01 5.918668339253159161e-01 2.155123115953102575e-01 5.562549390243585190e-01 2.155123115953087864e-01 5.918668339253143618e-01 2.521930161552032867e-01 5.474475422163102012e-01 2.134398720689708595e-01 5.755264955352842327e-01 2.516429821098486452e-01 5.582836846327652314e-01 3.283065322962725463e-01 3.522021838453500142e-01 3.522021838453500142e-01
4.050658634163674110e-01 4.050658634163674110e-01 3.101105205133376508e-01 5.841661062001193283e-01 2.278113532525014862e-01 5.641132037032362545e-01 2.374193274944403353e-01 5.538465342810331427e-01 2.361333039542803103e-01 5.906246980037871408e-01 2.077271989372355132e-01 5.556848381973433781e-01 2.077271989372339311e-01 5.906246980037848093e-01 2.361333039542818368e-01 5.538465342810298120e-01 2.374193274944414456e-01 5.641132037032338120e-01 2.278113532525020413e-01 5.841661062001158866e-01 3.101105205133368736e-01 4.050658634163634697e-01 4.050658634163634697e-01
