# L = 8 / J = 1 / lamb = 0.7
# particle_position = 5
# final_time = 8 / steps = 35
0.000000000000000000e+00 0.000000000000000000e+00 0.000000000000000000e+00 0.000000000000000000e+00 0.000000000000000000e+00 0.000000000000000000e+00 0.000000000000000000e+00 0.000000000000000000e+00 0.000000000000000000e+00 0.000000000000000000e+00 1.000000000000000000e+00 1.000000000000000000e+00 1.000000000000000000e+00 0.000000000000000000e+00 0.000000000000000000e+00
2.359022277912454710e-02 2.359022277912454710e-02 4.596981602979210990e-02 2.360503883948858114e-02 4.598459556640714652e-02 2.360503975099639828e-02 4.598477869400516282e-02 2.360521978393581577e-02 4.773327909540849012e-02 2.535822084027763990e-02 9.522623615430105826e-01 9.763946309128753720e-01 9.522514628210675403e-01 2.536894577775159615e-02 2.536894577775159615e-02
7.382535897060402141e-02 7.382535897060402141e-02 1.324295076009513461e-01 7.459259737735160489e-02 1.331868142584423098e-01 7.459337734318183255e-02 1.332275515004061051e-01 7.463162415390697801e-02 1.560239643939113352e-01 9.769935839174744008e-02 8.437314853221893340e-01 9.253365898033162340e-01 8.431376969131666455e-01 9.825976096935312709e-02 9.825976096935312709e-02
1.106431076806429770e-01 1.106431076806429770e-01 1.701829952887559949e-01 1.167868955776086293e-01 1.760792151954314599e-01 1.168207872853440493e-01 1.769065445446229845e-01 1.175519919657794787e-01 2.592230532552138311e-01 2.025525398936340593e-01 7.384954424817800067e-01 8.818523171270452599e-01 7.333705920157019831e-01 2.071599634934393475e-01 2.071599634934393475e-01
1.138007324395391290e-01 1.138007324395391290e-01 1.382191506277882787e-01 1.348397469822678330e-01 1.572076272050277057e-01 1.352566376076310972e-01 1.631831935343202311e-01 1.402607023227395444e-01 3.270170180693976469e-01 3.158350451516510615e-01 6.629417191319687541e-01 8.559405920427513026e-01 6.437995978562072175e-01 3.326345741908997566e-01 3.326345741908997566e-01
9.638461192231254082e-02 9.638461192231254082e-02 9.203517644782240048e-02 1.384086689694813688e-01 1.257679650695610329e-01 1.409185880080400521e-01 1.492428612310688907e-01 1.600495705768236465e-01 3.760397151214243117e-01 4.179076366634213446e-01 5.946459039926232926e-01 8.274435735091694166e-01 5.530714394918717636e-01 4.561227225420386722e-01 4.561227225420386722e-01
8.339093093130722778e-02 8.339093093130722778e-02 7.997700962744551390e-02 1.386576894392525794e-01 1.163149458915761492e-01 1.480630154190151759e-01 1.767771221101830104e-01 1.979322113170830233e-01 4.250960483421675762e-01 5.048038117516295831e-01 5.085894556093143448e-01 7.767621420801436027e-01 4.507792619319904159e-01 5.689635820348784012e-01 5.689635820348784012e-01
8.570881621612418122e-02 8.570881621612418122e-02 9.123426391611114128e-02 1.355399672119332599e-01 1.167530613412484097e-01 1.602573742754350994e-01 2.293635054118150773e-01 2.584006545118301412e-01 4.626036835998208474e-01 5.807849702581212581e-01 4.118383710845709977e-01 7.082754622529900956e-01 3.625000310487778155e-01 6.688080544457688514e-01 6.688080544457688514e-01
9.672378494374962721e-02 9.672378494374962721e-02 9.274987634150999583e-02 1.285147241730701939e-01 1.137037635974109950e-01 1.773916533911834847e-01 2.747789500012687292e-01 3.322607718676983124e-01 4.638363937665354042e-01 6.424022632065496952e-01 3.300014603262707014e-01 6.429614325590060631e-01 3.165061577990118113e-01 7.470806869742566692e-01 7.470806869742566692e-01
1.063820575050173078e-01 1.063820575050173078e-01 8.296940031762346790e-02 1.268408033669882473e-01 1.230828082893711956e-01 2.041516223168856614e-01 3.084121311631357609e-01 4.090549334942076287e-01 4.233336052246757242e-01 6.764561438899133750e-01 2.782828987635805329e-01 5.997436156719523348e-01 3.106396650575619089e-01 7.857732329439440777e-01 7.857732329439440777e-01
1.114005797745517834e-01 1.114005797745517834e-01 8.670755475517771815e-02 1.414216640978466777e-01 1.598975523939379084e-01 2.466262148801118548e-01 3.389719291979707005e-01 4.824594618641943611e-01 3.583873059992238597e-01 6.743679458939876303e-01 2.552809036907438545e-01 5.883197208696964164e-01 3.270590003994864881e-01 7.710052455740556976e-01 7.710052455740556976e-01
1.137851335924654345e-01 1.137851335924654345e-01 1.149504366768205749e-01 1.724368356575189942e-01 2.096987597772979051e-01 3.054547611631987514e-01 3.589700486269138957e-01 5.471550050631751594e-01 2.894969830488765550e-01 6.433958926891825136e-01 2.528112311776641308e-01 6.091322510522844125e-01 3.624363642260130525e-01 7.078765620490192756e-01 7.078765620490192756e-01
1.162611499079097971e-01 1.162611499079097971e-01 1.542192277131553546e-01 2.119130208308587227e-01 2.504558164832013101e-01 3.746631709178265268e-01 3.517047667125396404e-01 5.952781771359004770e-01 2.302210762973548042e-01 6.022578028672042061e-01 2.605614366622276412e-01 6.501173426969609759e-01 4.228132473699383054e-01 6.183058834573896823e-01 6.183058834573896823e-01
1.217135063379784915e-01 1.217135063379784915e-01 1.906824500601106975e-01 2.547452251285552416e-01 2.815911353316911669e-01 4.443319883985019647e-01 3.155208673424565458e-01 6.185917662686061247e-01 1.921253941782469221e-01 5.696002989905830649e-01 2.683680458658496693e-01 6.877865204116124787e-01 4.960887086958443715e-01 5.247243431899869526e-01 5.247243431899869526e-01
1.339571064548933654e-01 1.339571064548933654e-01 2.250253618380310405e-01 3.013699349000639183e-01 3.111812293539071850e-01 5.040960191088443842e-01 2.651860575709700796e-01 6.149527174895048631e-01 1.843199643976083935e-01 5.570101422985624939e-01 2.746318991435254819e-01 7.013215126332719151e-01 5.518046456966992919e-01 4.384124931579931328e-01 4.384124931579931328e-01
1.559323861448593807e-01 1.559323861448593807e-01 2.612420867515571343e-01 3.523721148081665477e-01 3.297189859833785097e-01 5.469017274043709298e-01 2.166687732202194627e-01 5.920978732504276199e-01 2.025230757586036490e-01 5.667797730447136084e-01 2.889072839097997503e-01 6.873045950377059121e-01 5.720408528048465113e-01 3.621661201692451537e-01 3.621661201692451537e-01
1.873299999681141137e-01 1.873299999681141137e-01 2.944595838951156175e-01 4.056736535732527460e-01 3.187393398690193114e-01 5.705285450116114321e-01 1.819434160831997771e-01 5.639761150582421889e-01 2.276965435203770205e-01 5.912793405272953606e-01 3.178592915722248669e-01 6.572599735628645856e-01 5.674491332036005753e-01 2.983693424338639821e-01 2.983693424338639821e-01
2.252737383549431316e-01 2.252737383549431316e-01 3.156240773655016874e-01 4.577371532524996400e-01 2.793717342863757391e-01 5.761199935899097291e-01 1.705342771984193484e-01 5.427356130351733698e-01 2.438595957677122117e-01 6.167804316086301641e-01 3.521207113990529880e-01 6.219816310848542695e-01 5.561512086531165133e-01 2.505720321451777588e-01 2.505720321451777588e-01
2.671864539979820208e-01 2.671864539979820208e-01 3.211283126770732577e-01 5.039933244464618323e-01 2.340890453162640383e-01 5.670050086147914170e-01 1.826693314053768613e-01 5.336524926489044640e-01 2.540785968416790497e-01 6.327035976747674706e-01 3.757539827254358089e-01 5.825938908682132267e-01 5.384471083637812905e-01 2.192199294518940023e-01 2.192199294518940023e-01
3.119781932822509596e-01 3.119781932822509596e-01 3.130983472350948316e-01 5.387824362522077859e-01 2.016181764152804035e-01 5.488525825022534388e-01 2.051050797939735215e-01 5.360933434494670191e-01 2.722437222426120074e-01 6.377277484482676284e-01 3.863242276060180336e-01 5.365443300518947245e-01 5.023585990303689464e-01 2.001349049477770814e-01 2.001349049477770814e-01
3.581344629450672890e-01 3.581344629450672890e-01 2.942461645674567250e-01 5.572075989007522212e-01 1.844514611483389355e-01 5.288352166945324839e-01 2.257525540291173416e-01 5.473391414910430131e-01 3.010923484159112040e-01 6.357132735189673367e-01 3.957625496271685583e-01 4.867545969796253646e-01 4.473573163040612255e-01 1.884567845497614746e-01 1.884567845497614746e-01
4.012404364937411927e-01 4.012404364937411927e-01 2.664792462728807765e-01 5.574073458190741404e-01 1.811003561489366032e-01 5.132391618073154360e-01 2.494990187513086988e-01 5.650285030297076405e-01 3.264136938065878013e-01 6.275234556840986189e-01 4.110828671937735157e-01 4.410885049868742414e-01 3.907136648077474961e-01 1.823779347333807643e-01 1.823779347333807643e-01
4.342259063008209186e-01 4.342259063008209186e-01 2.331174146681332937e-01 5.411570180035210065e-01 1.969374864241980883e-01 5.055939903124915258e-01 2.872712465628106115e-01 5.866912733924106726e-01 3.348964519692760877e-01 6.096088102341483683e-01 4.242718869212204758e-01 4.048271651270745619e-01 3.503927235788771855e-01 1.819661442212107960e-01 1.819661442212107960e-01
4.508299212112947263e-01 4.508299212112947263e-01 2.001338753123847736e-01 5.131752872554530276e-01 2.382681645893764133e-01 5.068977418638356269e-01 3.309233663222209132e-01 6.078158656096960266e-01 3.307110474410459577e-01 5.804672493826182889e-01 4.247564709044389097e-01 3.771348661705852257e-01 3.296694514208727833e-01 1.852210861417654675e-01 1.852210861417654675e-01
4.494028155360067500e-01 4.494028155360067500e-01 1.753350042794363517e-01 4.794857869878951240e-01 3.035280373647855079e-01 5.169777630579721617e-01 3.533571262084922449e-01 6.220271708048495940e-01 3.282598749194380883e-01 5.455492603444053179e-01 4.124162896289797486e-01 3.541454669607908001e-01 3.192849565523931399e-01 1.862774362182923471e-01 1.862774362182923471e-01
4.334071325993679724e-01 4.334071325993679724e-01 1.660183530272915375e-01 4.447486608156763221e-01 3.830833574711295930e-01 5.347712878914316903e-01 3.379208646964171336e-01 6.250972932618388267e-01 3.311677467484964166e-01 5.133069142260150430e-01 3.910656012868632403e-01 3.323728903553074820e-01 3.072253469721657471e-01 1.776718057129331174e-01 1.776718057129331174e-01
4.079683198420827606e-01 4.079683198420827606e-01 1.752361591863222934e-01 4.104560875020741295e-01 4.612366840196267526e-01 5.572911820126352778e-01 2.972715947369467537e-01 6.183754627763420331e-01 3.266190021108648645e-01 4.874532059293427144e-01 3.573496306099694930e-01 3.093593146774762936e-01 2.844370959685021960e-01 1.552429957562584117e-01 1.552429957562584117e-01
3.760405495350779281e-01 3.760405495350779281e-01 1.992140328565404628e-01 3.765582024264995109e-01 5.176108639922101240e-01 5.790284051423001399e-01 2.582344901805602166e-01 6.058077863825220843e-01 3.045957455027167859e-01 4.656869084872882758e-01 3.095325215793370277e-01 2.849459562719029448e-01 2.497832598086443257e-01 1.228735744890212395e-01 1.228735744890212395e-01
3.386253285312654793e-01 3.386253285312654793e-01 2.295194319545737771e-01 3.454126665710331445e-01 5.360930188811968700e-01 5.926190519133867074e-01 2.379078459880089869e-01 5.878030794854103291e-01 2.780696523357380490e-01 4.454973313354461673e-01 2.662726493041835951e-01 2.641255965288168972e-01 2.166762687292100031e-01 9.326314772479249449e-02 9.326314772479249449e-02
2.993280033209298474e-01 2.993280033209298474e-01 2.585359464982117106e-01 3.229076115530449820e-01 5.181806810826136145e-01 5.912184879068880239e-01 2.416534399931996868e-01 5.614982027755931471e-01 2.755318859412296817e-01 4.283036861364423187e-01 2.608112596444719933e-01 2.554056421596526127e-01 2.090712195509802362e-01 8.144588305365360603e-02 8.144588305365360603e-02
2.682630898859228452e-01 2.682630898859228452e-01 2.826067918190527384e-01 3.137499069307989608e-01 4.819274769538623993e-01 5.734633540182573208e-01 2.738104401565540358e-01 5.272390956436739939e-01 3.093601239410060377e-01 4.169122731783479474e-01 3.051656208472005583e-01 2.614783964102802005e-01 2.389482678131822635e-01 9.323047287636479497e-02 9.323047287636479497e-02
2.596597033981918878e-01 2.596597033981918878e-01 3.008709999286537928e-01 3.158489729145739222e-01 4.420742772306176516e-01 5.471769000830575269e-01 3.347710556737416021e-01 4.902102794469979652e-01 3.555117664862171845e-01 4.103836505302610460e-01 3.659665371281938806e-01 2.719430366981696046e-01 2.853770019653993906e-01 1.181099581534681281e-01 1.181099581534681281e-01
2.829072022727184832e-01 2.829072022727184832e-01 3.130056876450563186e-01 3.221049940146926693e-01 3.952464017326002832e-01 5.240787137334661505e-01 4.080146679920251818e-01 4.539299916526354783e-01 3.727658315432922920e-01 4.037593508604060411e-01 3.898204795903681963e-01 2.704265999622892380e-01 3.056526623440556922e-01 1.355819320680785867e-01 1.355819320680785867e-01
3.337081311316641985e-01 3.337081311316641985e-01 3.179903504684844506e-01 3.292723159255866450e-01 3.310990134687445408e-01 5.081639418673987718e-01 4.643840173815556027e-01 4.166290452202589534e-01 3.466038348348729481e-01 3.945812992404382213e-01 3.574605740946233401e-01 2.512328570960625784e-01 2.757569149060394298e-01 1.317514066320223109e-01 1.317514066320223109e-01
3.938771993279978068e-01 3.938771993279978068e-01 3.134529872483785007e-01 3.430866658549262538e-01 2.557559271665608702e-01 4.928923425285947624e-01 4.870300886918545458e-01 3.783484960843668254e-01 3.099853711899457354e-01 3.874177086868369480e-01 3.046296354241402327e-01 2.262221330810825770e-01 2.173390897471414174e-01 1.111710307752521165e-01 1.111710307752521165e-01
4.420667233386579853e-01 4.420667233386579853e-01 2.970251538973336936e-01 3.721943676692662795e-01 1.957999222750471668e-01 4.719102146151760713e-01 4.851947851036576553e-01 3.494418448536673605e-01 3.127350047651525911e-01 3.872715218705988227e-01 2.815079051664171605e-01 2.132804438250733847e-01 1.775832394190347274e-01 9.199312876519236126e-02 9.199312876519236126e-02
