# L = 12 / J = 1 / lamb = 0.1
# particle_position = 5
# final_time = 100 / steps = 100
0.000000000000000000e+00 0.000000000000000000e+00 0.000000000000000000e+00 0.000000000000000000e+00 0.000000000000000000e+00 0.000000000000000000e+00 0.000000000000000000e+00 0.000000000000000000e+00 0.000000000000000000e+00 0.000000000000000000e+00 1.000000000000000000e+00 1.000000000000000000e+00 1.000000000000000000e+00 0.000000000000000000e+00 0.000000000000000000e+00 0.000000000000000000e+00 0.000000000000000000e+00 0.000000000000000000e+00 0.000000000000000000e+00 0.000000000000000000e+00 0.000000000000000000e+00 0.000000000000000000e+00 0.000000000000000000e+00
1.699271620763948085e-03 1.699271620763948085e-03 3.348941774686546493e-03 1.717339816920938466e-03 3.366968241110125486e-03 1.717353206077369167e-03 3.374226178662038857e-03 1.724591078834311186e-03 1.153554173184468366e-02 9.900102278555669016e-03 9.884503043437815606e-01 9.982700657173924075e-01 9.884503043437813385e-01 9.900102278555717589e-03 1.153554173184474611e-02 1.724591078834323329e-03 3.374226178662056205e-03 1.717353206077374154e-03 3.366968241110135027e-03 1.717339816920940851e-03 3.348941774686551263e-03 1.699271620763946134e-03 1.699271620763946134e-03
1.732832180538874554e-03 1.732832180538874554e-03 3.324442953172523051e-03 1.737186448753217684e-03 3.330445949426997111e-03 1.739200381432462429e-03 3.692099148937892303e-03 2.102069666797298179e-03 3.990881537299292153e-02 3.865696608683857893e-02 9.597519259575369999e-01 9.975835112342482658e-01 9.597519259575367778e-01 3.865696608683890506e-02 3.990881537299325460e-02 2.102069666797290372e-03 3.692099148937868450e-03 1.739200381432440962e-03 3.330445949426958079e-03 1.737186448753196650e-03 3.324442953172468841e-03 1.732832180538831836e-03 1.732832180538831836e-03
1.740743662337861911e-04 1.740743662337861911e-04 1.750950964932962667e-04 3.407697284110011021e-04 3.551294482112704880e-04 3.577081596848013362e-04 2.033378843015855222e-03 2.049437935685719317e-03 8.168430610571245087e-02 8.339099141551108152e-02 9.166103194345417426e-01 9.964598753652171848e-01 9.166103194345409655e-01 8.339099141551185868e-02 8.168430610571318640e-02 2.049437935685732327e-03 2.033378843015868232e-03 3.577081596847953731e-04 3.551294482112659886e-04 3.407697284109998011e-04 1.750950964932974322e-04 1.740743662337844292e-04 1.740743662337844292e-04
1.789617340722558748e-03 1.789617340722558748e-03 3.053410575240931169e-03 1.931789222866903263e-03 3.280945220142351786e-03 2.019294214481582271e-03 8.259604117525040298e-03 7.088186404254588797e-03 1.363379733077949296e-01 1.403952495139085543e-01 8.583434020259840258e-01 9.882460713337538616e-01 8.583434020259826935e-01 1.403952495139101919e-01 1.363379733077965394e-01 7.088186404254650380e-03 8.259604117525140912e-03 2.019294214481584873e-03 3.280945220142350485e-03 1.931789222866891337e-03 3.053410575240934205e-03 1.789617340722557230e-03 1.789617340722557230e-03
1.789903357975423199e-03 1.789903357975423199e-03 2.773058440861824597e-03 1.799255646677316552e-03 3.078356557883243916e-03 2.113747411768262738e-03 1.428919020812208056e-02 1.358771756698805809e-02 1.939430357555181894e-01 2.042315516663131270e-01 7.947606054616694893e-01 9.758279310805542117e-01 7.947606054616673799e-01 2.042315516663159303e-01 1.939430357555208262e-01 1.358771756698817952e-02 1.428919020812218638e-02 2.113747411768218069e-03 3.078356557883161083e-03 1.799255646677264077e-03 2.773058440861687988e-03 1.789903357975319766e-03 1.789903357975319766e-03
5.657425888298419194e-04 5.657425888298419194e-04 6.068645779239083098e-04 1.091604113770113264e-03 1.819880878407106016e-03 1.849809560456589560e-03 2.175235424698067008e-02 2.250090530912651071e-02 2.483879725247044867e-01 2.697288636545722151e-01 7.301338719327652438e-01 9.576247879783033046e-01 7.301338719327618021e-01 2.697288636545769891e-01 2.483879725247088444e-01 2.250090530912684031e-02 2.175235424698099967e-02 1.849809560456579585e-03 1.819880878407105799e-03 1.091604113770103723e-03 6.068645779239220791e-04 5.657425888298420278e-04 5.657425888298420278e-04
1.976257054496360042e-03 1.976257054496360042e-03 2.906854104219804176e-03 2.341653025986155032e-03 4.758898901828442773e-03 3.955288309595041824e-03 3.628836267346731426e-02 3.703386822631178632e-02 2.990513697151722106e-01 3.328731189457601602e-01 6.659042908880360434e-01 9.294092303447560877e-01 6.659042908880314915e-01 3.328731189457672657e-01 2.990513697151785943e-01 3.703386822631245939e-02 3.628836267346798733e-02 3.955288309595031415e-03 4.758898901828449712e-03 2.341653025986129878e-03 2.906854104219817620e-03 1.976257054496376089e-03 1.976257054496376089e-03
1.737393816908812351e-03 1.737393816908812351e-03 2.072556014175883261e-03 1.791355018981940052e-03 4.866411091870318818e-03 4.806965799381377781e-03 5.043183115441454006e-02 5.302393589576163968e-02 3.399316864109718783e-01 3.886432066649979089e-01 6.101202239105215641e-01 8.956318388698910615e-01 6.101202239105171232e-01 3.886432066650075123e-01 3.399316864109805381e-01 5.302393589576279154e-02 5.043183115441558784e-02 4.806965799381393394e-03 4.866411091870297134e-03 1.791355018981879120e-03 2.072556014175732774e-03 1.737393816908685282e-03 1.737393816908685282e-03
8.870446430606060938e-04 8.870446430606060938e-04 1.310114643349438203e-03 1.933317068521071347e-03 6.450209092835255259e-03 6.601809438827522213e-03 6.535548711548369583e-02 7.000528667349424639e-02 3.681196541308122128e-01 4.346672625858638561e-01 5.630720629239648334e-01 8.564840499799908358e-01 5.630720629239595043e-01 4.346672625858764571e-01 3.681196541308227599e-01 7.000528667349628642e-02 6.535548711548559708e-02 6.601809438827652317e-03 6.450209092835403578e-03 1.933317068521077202e-03 1.310114643349493064e-03 8.870446430606236578e-04 8.870446430606236578e-04
2.079883338461705096e-03 2.079883338461705096e-03 3.318850210627451603e-03 2.916706528004203106e-03 1.014021720124394683e-02 9.772060947883154727e-03 8.242353688945493195e-02 8.850835260211703526e-02 3.882265529876055554e-01 4.697058005661942093e-01 5.254597530798585936e-01 8.107917376047311109e-01 5.254597530798545968e-01 4.697058005662098634e-01 3.882265529876182120e-01 8.850835260212032429e-02 8.242353688945795731e-02 9.772060947883328200e-03 1.014021720124407520e-02 2.916706528004167544e-03 3.318850210627459843e-03 2.079883338461722877e-03 2.079883338461722877e-03
1.472874454320537456e-03 1.472874454320537456e-03 1.874842448349073624e-03 1.924056810837895034e-03 1.044406157869322282e-02 1.132408960781865204e-02 9.518529795883569344e-02 1.045188958019388631e-01 3.983393497895900692e-01 4.927141252306273533e-01 5.001053626314655443e-01 7.630693048456298477e-01 5.001053626314622136e-01 4.927141252306458385e-01 3.983393497896040580e-01 1.045188958019435677e-01 9.518529795884006495e-02 1.132408960781896602e-02 1.044406157869347609e-02 1.924056810837882457e-03 1.874842448348971709e-03 1.472874454320410387e-03 1.472874454320410387e-03
9.327330667620887389e-04 9.327330667620887389e-04 2.441730707097350753e-03 2.857595789812399610e-03 1.385528616143890702e-02 1.418245584133779637e-02 1.063411387869382246e-01 1.176301319482753738e-01 3.992378880461731061e-01 5.041226970557615150e-01 4.835850331993403195e-01 7.131731429666297029e-01 4.835850331993402085e-01 5.041226970557838305e-01 3.992378880461890378e-01 1.176301319482815910e-01 1.063411387869439423e-01 1.418245584133826995e-02 1.385528616143938581e-02 2.857595789812479407e-03 2.441730707097506878e-03 9.327330667621469605e-04 9.327330667621469605e-04
1.969703592824733913e-03 1.969703592824733913e-03 4.252410974913954991e-03 3.571135787832197938e-03 1.700604686049603936e-02 1.694835356685919434e-02 1.158281669256338298e-01 1.283105697556206348e-01 3.978977163068116996e-01 5.055039670054112255e-01 4.754250126261994613e-01 6.605544146496862279e-01 4.754250126262036802e-01 5.055039670054359835e-01 3.978977163068290746e-01 1.283105697556287395e-01 1.158281669256412127e-01 1.694835356685977720e-02 1.700604686049648692e-02 3.571135787832187530e-03 4.252410974913953257e-03 1.969703592824752995e-03 1.969703592824752995e-03
1.032184026780999736e-03 1.032184026780999736e-03 2.100739438710904749e-03 2.070729896382451224e-03 1.576712902317756182e-02 1.725956222380537614e-02 1.189135134737973470e-01 1.340613826632092442e-01 3.922347339172926328e-01 4.985605666866302355e-01 4.753454579708011329e-01 6.080532113417052020e-01 4.753454579708093486e-01 4.985605666866567698e-01 3.922347339173112291e-01 1.340613826632191530e-01 1.189135134738064092e-01 1.725956222380617064e-02 1.576712902317831469e-02 2.070729896382494158e-03 2.100739438710840998e-03 1.032184026780878956e-03 1.032184026780878956e-03
7.466271159591995237e-04 7.466271159591995237e-04 3.504296955747944389e-03 3.490255881727895391e-03 1.885695706298945451e-02 1.892774044364906039e-02 1.208591604492715021e-01 1.357231309857818979e-01 3.842066136096224938e-01 4.840659691653727004e-01 4.789269503541421780e-01 5.553420130615306372e-01 4.789269503541548900e-01 4.840659691654011221e-01 3.842066136096426998e-01 1.357231309857932777e-01 1.208591604492819799e-01 1.892774044365003530e-02 1.885695706299043636e-02 3.490255881728012918e-03 3.504296955748168168e-03 7.466271159592955840e-04 7.466271159592955840e-04
1.742793198147239361e-03 1.742793198147239361e-03 4.954611293513645071e-03 3.804139245562946497e-03 1.997735252204796072e-02 1.961769561274634768e-02 1.209780418567230342e-01 1.350608433181349766e-01 3.790849771373351884e-01 4.653138382203758638e-01 4.857692872845613130e-01 5.020453131065302221e-01 4.857692872845787990e-01 4.653138382204064505e-01 3.790849771373577259e-01 1.350608433181474111e-01 1.209780418567343724e-01 1.961769561274727056e-02 1.997735252204873788e-02 3.804139245562863664e-03 4.954611293513580886e-03 1.742793198147248252e-03 1.742793198147248252e-03
6.406647070687041413e-04 6.406647070687041413e-04 2.018791838234462125e-03 1.750544487182676074e-03 1.636042559420115144e-02 1.769811687883465767e-02 1.158034887527116252e-01 1.304345072276887896e-01 3.735472406843646231e-01 4.440119499125325664e-01 4.954294890661345430e-01 4.513516955746723625e-01 4.954294890661567474e-01 4.440119499125652625e-01 3.735472406843897697e-01 1.304345072277022788e-01 1.158034887527238099e-01 1.769811687883577483e-02 1.636042559420223738e-02 1.750544487182663497e-03 2.018791838234322480e-03 6.406647070685705676e-04 6.406647070685705676e-04
5.605348821671863159e-04 5.605348821671863159e-04 3.772932182855604031e-03 3.441093269799186567e-03 1.860495006142420804e-02 1.788450987270496714e-02 1.118420639434531405e-01 1.236273370794167825e-01 3.689186306166815643e-01 4.205218330570682506e-01 5.037100512347948422e-01 4.041928386981674115e-01 5.037100512348207104e-01 4.205218330571014462e-01 3.689186306167092089e-01 1.236273370794307713e-01 1.118420639434661717e-01 1.788450987270613635e-02 1.860495006142545704e-02 3.441093269799212588e-03 3.772932182855758855e-03 5.605348821673074213e-04 5.605348821673074213e-04
1.615039905822621743e-03 1.615039905822621743e-03 4.957757085869598027e-03 3.532943816027373906e-03 1.830600415272947909e-02 1.719380665688197141e-02 1.075832239875512963e-01 1.169016390420102997e-01 3.684977370642808503e-01 3.985529649301644550e-01 5.114871822674370572e-01 3.610264148026214315e-01 5.114871822674668111e-01 3.985529649301986499e-01 3.684977370643111594e-01 1.169016390420244689e-01 1.075832239875643692e-01 1.719380665688307816e-02 1.830600415273044013e-02 3.532943816027144489e-03 4.957757085869371645e-03 1.615039905822613937e-03 1.615039905822613937e-03
5.601096293586321989e-04 5.601096293586321989e-04 1.694921515878587952e-03 1.326847258314130208e-03 1.373685607590546635e-02 1.455542238015674651e-02 1.001289524018657145e-01 1.086277217423112090e-01 3.684478327836181455e-01 3.786425933094573204e-01 5.187881823010447313e-01 3.270624079876544577e-01 5.187881823010775939e-01 3.786425933094922369e-01 3.684478327836515077e-01 1.086277217423255032e-01 1.001289524018790650e-01 1.455542238015792959e-02 1.373685607590666505e-02 1.326847258314035015e-03 1.694921515878353548e-03 5.601096293584825790e-04 5.601096293584825790e-04
5.711767722704934932e-04 5.711767722704934932e-04 3.532851716094024402e-03 3.276384415884428698e-03 1.616186793573918742e-02 1.497703398262314155e-02 9.589327435883063244e-02 1.008551455622896803e-01 3.690719858240299467e-01 3.606598891173077859e-01 5.224913028729912812e-01 3.030161058819620390e-01 5.224913028730261422e-01 3.606598891173433685e-01 3.690719858240663620e-01 1.008551455623041687e-01 9.589327435884435757e-02 1.497703398262445473e-02 1.616186793574055439e-02 3.276384415884374054e-03 3.532851716094104633e-03 5.711767722706219711e-04 5.711767722706219711e-04
1.642261199261203569e-03 1.642261199261203569e-03 4.668713999077954598e-03 3.445603957321264569e-03 1.615882424523227764e-02 1.488309681807916882e-02 9.283583713630806644e-02 9.549788521148552811e-02 3.725871521090560190e-01 3.476112141182599036e-01 5.240819288317177804e-01 2.894674677740438629e-01 5.240819288317530855e-01 3.476112141182965964e-01 3.725871521090954874e-01 9.549788521150018306e-02 9.283583713632193035e-02 1.488309681808052017e-02 1.615882424523338093e-02 3.445603957320993518e-03 4.668713999077682246e-03 1.642261199261188607e-03 1.642261199261188607e-03
8.224359230422871852e-04 8.224359230422871852e-04 1.968520845042788427e-03 1.733531208636463969e-03 1.304870900375849387e-02 1.379285449083120230e-02 8.870624559432309375e-02 9.095837160862138560e-02 3.752784002272572250e-01 3.385791660693074356e-01 5.243292041443192719e-01 2.908149573700939405e-01 5.243292041443537999e-01 3.385791660693454608e-01 3.752784002272998021e-01 9.095837160863612381e-02 8.870624559433717971e-02 1.379285449083286069e-02 1.304870900376010889e-02 1.733531208636460933e-03 1.968520845042625797e-03 8.224359230421343127e-04 8.224359230421343127e-04
7.904254316955937505e-04 7.904254316955937505e-04 3.752213143666706906e-03 3.867357292445654585e-03 1.681992973286421111e-02 1.605208682343746071e-02 8.915983621574166684e-02 8.913714526432629792e-02 3.770252941693736370e-01 3.327889156494590606e-01 5.208750270241928604e-01 3.042880655988170480e-01 5.208750270242239466e-01 3.327889156494985845e-01 3.770252941694192672e-01 8.913714526434136920e-02 8.915983621575615525e-02 1.605208682343941748e-02 1.681992973286603257e-02 3.867357292445680172e-03 3.752213143666839612e-03 7.904254316957307937e-04 7.904254316957307937e-04
1.685809816193250057e-03 1.685809816193250057e-03 4.666518952108308568e-03 4.033162708596569300e-03 1.809312890205954857e-02 1.772669550935344548e-02 9.179426222099339172e-02 9.119577706912614101e-02 3.798911388542882128e-01 3.320161274884517177e-01 5.144645867369072034e-01 3.274050343183173561e-01 5.144645867369347370e-01 3.320161274884932956e-01 3.798911388543367296e-01 9.119577706914168413e-02 9.179426222100837973e-02 1.772669550935568328e-02 1.809312890206139432e-02 4.033162708596443533e-03 4.666518952108127290e-03 1.685809816193228373e-03 1.685809816193228373e-03
1.218128885130551715e-03 1.218128885130551715e-03 3.253930154604551747e-03 3.235216265728954425e-03 1.805351723968549871e-02 1.929379296524630361e-02 9.543931662316437747e-02 9.556498282460770821e-02 3.810199399412304566e-01 3.343260080989575722e-01 5.063990370706702437e-01 3.598656262743793466e-01 5.063990370706911159e-01 3.343260080990014260e-01 3.810199399412817489e-01 9.556498282462407012e-02 9.543931662318023978e-02 1.929379296524906529e-02 1.805351723968812161e-02 3.235216265729201190e-03 3.253930154604607692e-03 1.218128885130414455e-03 1.218128885130414455e-03
1.124132741560042881e-03 1.124132741560042881e-03 5.066577535863783094e-03 5.465970501069550118e-03 2.359250177722369696e-02 2.368862892521070296e-02 1.042423448458183605e-01 1.036359998011377598e-01 3.809890334587422434e-01 3.385976499119523475e-01 4.945616185350351635e-01 3.946206223673685010e-01 4.945616185350488192e-01 3.385976499119984218e-01 3.809890334587959781e-01 1.036359998011552874e-01 1.042423448458354440e-01 2.368862892521396424e-02 2.359250177722671191e-02 5.465970501069755683e-03 5.066577535864063252e-03 1.124132741560188598e-03 1.124132741560188598e-03
1.656371808169698713e-03 1.656371808169698713e-03 5.389323085119963712e-03 5.351935028495636779e-03 2.588649373163321235e-02 2.695463642786424113e-02 1.150217963440220703e-01 1.154428170387562652e-01 3.819792751879201309e-01 3.458846137369728790e-01 4.787665335561951951e-01 4.254118056908297030e-01 4.787665335562014124e-01 3.458846137370213958e-01 3.819792751879763637e-01 1.154428170387756525e-01 1.150217963440409580e-01 2.695463642786814079e-02 2.588649373163661935e-02 5.351935028495660197e-03 5.389323085119915140e-03 1.656371808169682016e-03 1.656371808169682016e-03
1.538991903295048105e-03 1.538991903295048105e-03 5.483325798290753644e-03 5.586305700830860102e-03 2.902854191505837081e-02 3.094879314333951609e-02 1.278242962765117341e-01 1.293196682989068980e-01 3.817267265485445038e-01 3.538765166907681947e-01 4.606360403384768820e-01 4.495394621811120150e-01 4.606360403384756053e-01 3.538765166908188764e-01 3.817267265486020689e-01 1.293196682989281310e-01 1.278242962765328283e-01 3.094879314334434556e-02 2.902854191506307885e-02 5.586305700831318069e-03 5.483325798291033802e-03 1.538991903294938167e-03 1.538991903294938167e-03
1.480668747870177984e-03 1.480668747870177984e-03 7.635679028254514430e-03 8.002197413949202129e-03 3.612353222521898916e-02 3.694871961907956331e-02 1.447486265177283515e-01 1.460305684878963062e-01 3.811787480367093139e-01 3.615031761955539991e-01 4.397834124920489418e-01 4.615321128824984576e-01 4.397834124920415033e-01 3.615031761956070677e-01 3.811787480367682668e-01 1.460305684879200372e-01 1.447486265177518328e-01 3.694871961908510749e-02 3.612353222522427659e-02 8.002197413949497032e-03 7.635679028254893468e-03 1.480668747870325652e-03 1.480668747870325652e-03
1.624627497932923858e-03 1.624627497932923858e-03 7.309272950037640909e-03 7.574718528636676350e-03 3.899531950260630431e-02 4.129524627802806658e-02 1.617462373536262821e-01 1.645750413789378863e-01 3.813664693285271912e-01 3.694382656501107309e-01 4.161410398316113812e-01 4.574344859377283967e-01 4.161410398316001680e-01 3.694382656501643547e-01 3.813664693285860885e-01 1.645750413789648370e-01 1.617462373536532605e-01 4.129524627803449199e-02 3.899531950261229257e-02 7.574718528636868904e-03 7.309272950037772748e-03 1.624627497932914534e-03 1.624627497932914534e-03
1.756909218834150311e-03 1.756909218834150311e-03 8.651804652543611945e-03 8.751069789335671686e-03 4.482337259017991904e-02 4.724465070752942308e-02 1.802863108832206129e-01 1.835606121018142078e-01 3.796989060828561136e-01 3.747045782180738471e-01 3.913902862698257490e-01 4.394746459983732145e-01 3.913902862698143137e-01 3.747045782181283036e-01 3.796989060829140672e-01 1.835606121018444614e-01 1.802863108832509775e-01 4.724465070753701423e-02 4.482337259018748243e-02 8.751069789336403740e-03 8.651804652544193078e-03 1.756909218834076586e-03 1.756909218834076586e-03
1.830366491352031482e-03 1.830366491352031482e-03 1.130432098276843919e-02 1.144242904442714127e-02 5.330557531291328643e-02 5.445003995318872803e-02 2.006905208382045447e-01 2.032962019475729187e-01 3.770493572371325097e-01 3.764393263254536270e-01 3.678157960353395373e-01 4.099561403752418620e-01 3.678157960353306000e-01 3.764393263255079725e-01 3.770493572371890756e-01 2.032962019476069193e-01 2.006905208382387951e-01 5.445003995319726980e-02 5.330557531292157147e-02 1.144242904442772067e-02 1.130432098276908104e-02 1.830366491352179801e-03 1.830366491352179801e-03
1.755902982364294885e-03 1.755902982364294885e-03 1.061697781642319087e-02 1.089789131774668643e-02 5.691408477240588598e-02 5.975174631400204800e-02 2.184759795269406168e-01 2.221461451706737422e-01 3.736505436414213066e-01 3.750614625948067160e-01 3.448286901751031475e-01 3.710762042153614160e-01 3.448286901751000388e-01 3.750614625948603953e-01 3.736505436414757075e-01 2.221461451707117674e-01 2.184759795269791138e-01 5.975174631401182490e-02 5.691408477241521879e-02 1.089789131774731093e-02 1.061697781642375292e-02 1.755902982364301607e-03 1.755902982364301607e-03
2.047286823169968545e-03 2.047286823169968545e-03 1.273367453846688604e-02 1.279365604202338351e-02 6.496020089467981207e-02 6.729838890657864614e-02 2.365957426090125326e-01 2.393808269474365369e-01 3.679670953922321575e-01 3.675616208988108924e-01 3.224293862204877792e-01 3.292165443250903989e-01 3.224293862204928307e-01 3.675616208988639610e-01 3.679670953922845600e-01 2.393808269474786699e-01 2.365957426090554150e-01 6.729838890658995654e-02 6.496020089469108083e-02 1.279365604202468282e-02 1.273367453846805351e-02 2.047286823169948596e-03 2.047286823169948596e-03
2.271390047709076574e-03 2.271390047709076574e-03 1.569642610934570900e-02 1.568862981374533061e-02 7.450899858011619803e-02 7.529674323449933593e-02 2.541798327623511766e-01 2.549863182195622469e-01 3.620843806503605822e-01 3.547121681230414603e-01 3.033829912971612308e-01 2.899527527536858162e-01 3.033829912971749421e-01 3.547121681230933632e-01 3.620843806504104867e-01 2.549863182196085987e-01 2.541798327623980835e-01 7.529674323451192308e-02 7.450899858012842436e-02 1.568862981374644083e-02 1.569642610934688862e-02 2.271390047709256118e-03 2.271390047709256118e-03
2.245755932490433281e-03 2.245755932490433281e-03 1.507544983981081582e-02 1.529752320209691770e-02 7.888732159301947711e-02 8.122235601622788959e-02 2.669905457452143582e-01 2.672482605937148148e-01 3.569095995651890285e-01 3.380654975620437375e-01 2.853998972178786731e-01 2.554081284181139999e-01 2.853998972179017657e-01 3.380654975620938640e-01 3.569095995652377118e-01 2.672482605937652744e-01 2.669905457452657060e-01 8.122235601624211432e-02 7.888732159303331326e-02 1.529752320209830894e-02 1.507544983981207697e-02 2.245755932490498766e-03 2.245755932490498766e-03
2.695773864995195963e-03 2.695773864995195963e-03 1.765652003289258989e-02 1.774988812035262903e-02 8.819138654514714626e-02 8.946840018220388047e-02 2.795047511550852737e-01 2.764329946919803493e-01 3.522330310724829383e-01 3.166398018268793413e-01 2.665664354891938981e-01 2.278129382658395374e-01 2.665664354892243737e-01 3.166398018269278580e-01 3.522330310725310110e-01 2.764329946920348613e-01 2.795047511551408959e-01 8.946840018221981217e-02 8.819138654516302245e-02 1.774988812035468641e-02 1.765652003289447727e-02 2.695773864995252775e-03 2.695773864995252775e-03
3.026248122181599953e-03 3.026248122181599953e-03 2.066386390926264541e-02 2.077956043487578369e-02 9.766269104812674851e-02 9.718235226908085445e-02 2.904288956957420953e-01 2.827123921771403370e-01 3.502718092495968882e-01 2.934659437168243290e-01 2.493494078820495397e-01 2.092948903698210183e-01 2.493494078820854554e-01 2.934659437168704033e-01 3.502718092496455160e-01 2.827123921771989568e-01 2.904288956958022139e-01 9.718235226909824331e-02 9.766269104814401247e-02 2.077956043487782373e-02 2.066386390926464381e-02 3.026248122181849319e-03 3.026248122181849319e-03
3.284279659112716420e-03 3.284279659112716420e-03 2.057430105824445757e-02 2.086312022835550700e-02 1.019464082032567470e-01 1.026249989247754874e-01 2.966038530939194007e-01 2.851131700357099619e-01 3.509207245057806568e-01 2.711053543303003077e-01 2.317407773875969634e-01 1.978908318856679449e-01 2.317407773876351551e-01 2.711053543303432178e-01 3.509207245058306168e-01 2.851131700357706911e-01 2.966038530939822948e-01 1.026249989247947636e-01 1.019464082032757873e-01 2.086312022835783847e-02 2.057430105824661556e-02 3.284279659112900734e-03 3.284279659112900734e-03
3.965938034194715217e-03 3.965938034194715217e-03 2.363294493948150596e-02 2.387415778405503272e-02 1.109284485230984801e-01 1.100774238788640863e-01 3.035727683716933911e-01 2.847944644624716970e-01 3.528773681635679615e-01 2.498461155150643043e-01 2.122961027236051346e-01 1.915371973136494599e-01 2.122961027236434650e-01 2.498461155151043833e-01 3.528773681636208637e-01 2.847944644625344801e-01 3.035727683717594494e-01 1.100774238788851944e-01 1.109284485231199907e-01 2.387415778405813094e-02 2.363294493948432662e-02 3.965938034194888689e-03 3.965938034194888689e-03
4.342550172271371356e-03 4.342550172271371356e-03 2.659990513577501631e-02 2.708669442868322230e-02 1.188671576540469010e-01 1.161930146057509328e-01 3.094503140617709813e-01 2.823695031413518408e-01 3.568284824719332171e-01 2.322351068269732643e-01 1.943941341816257939e-01 1.910941513237577605e-01 1.943941341816616819e-01 2.322351068270101793e-01 3.568284824719893944e-01 2.823695031414161227e-01 3.094503140618393155e-01 1.161930146057735674e-01 1.188671576540697716e-01 2.708669442868636215e-02 2.659990513577808677e-02 4.342550172271766873e-03 4.342550172271766873e-03
5.022159068815233024e-03 5.022159068815233024e-03 2.749734784713461430e-02 2.797939318238587894e-02 1.222387247978424379e-01 1.201514017242871629e-01 3.119460186164839111e-01 2.774598847704339843e-01 3.609034134767354352e-01 2.198182058340566736e-01 1.776250911414092026e-01 1.939963880117868134e-01 1.776250911414407885e-01 2.198182058340901468e-01 3.609034134767951651e-01 2.774598847704998206e-01 3.119460186165545768e-01 1.201514017243120180e-01 1.222387247978678065e-01 2.797939318238962247e-02 2.749734784713823293e-02 5.022159068815628541e-03 5.022159068815628541e-03
6.032498151134266413e-03 6.032498151134266413e-03 3.125245762730001486e-02 3.163335922650958865e-02 1.299521887718638746e-01 1.259439698014924169e-01 3.160817508443258816e-01 2.711850428830900328e-01 3.632369707813161153e-01 2.116693793732033479e-01 1.617729830957876924e-01 1.986657900267633226e-01 1.617729830958136161e-01 2.116693793732338236e-01 3.632369707813792870e-01 2.711850428831555360e-01 3.160817508443980461e-01 1.259439698015195619e-01 1.299521887718919355e-01 3.163335922651430016e-02 3.125245762730442800e-02 6.032498151134612491e-03 6.032498151134612491e-03
6.433611146922433958e-03 6.433611146922433958e-03 3.426594270784746182e-02 3.512383439199089769e-02 1.359789241393461467e-01 1.301753309212659027e-01 3.187454741587563700e-01 2.642766880826566966e-01 3.641157684868739364e-01 2.081817138402139999e-01 1.500033065885904293e-01 2.071414271571214161e-01 1.500033065886098305e-01 2.081817138402419776e-01 3.641157684869400502e-01 2.642766880827215337e-01 3.187454741588293672e-01 1.301753309212952958e-01 1.359789241393765113e-01 3.512383439199599083e-02 3.426594270785250640e-02 6.433611146923030703e-03 6.433611146923030703e-03
7.608914518864867346e-03 7.608914518864867346e-03 3.655329315879366631e-02 3.714196787544967598e-02 1.388922700444087943e-01 1.329060766341592370e-01 3.183559899221121703e-01 2.562911550319871279e-01 3.619161890488179489e-01 2.093773666517978194e-01 1.425975208954295137e-01 2.169460287922217179e-01 1.425975208954424756e-01 2.093773666518247700e-01 3.619161890488866162e-01 2.562911550320512988e-01 3.183559899221868883e-01 1.329060766341910726e-01 1.388922700444419345e-01 3.714196787545580997e-02 3.655329315879970314e-02 7.608914518865620216e-03 7.608914518865620216e-03
9.074138519685767332e-03 9.074138519685767332e-03 4.130987321108176014e-02 4.158485239301817904e-02 1.457800316246156691e-01 1.375649429388768885e-01 3.185854973776252597e-01 2.478429226601187030e-01 3.557300610993222589e-01 2.128886401293222375e-01 1.392105954271998791e-01 2.275195928482966756e-01 1.392105954272062351e-01 2.128886401293491326e-01 3.557300610993920364e-01 2.478429226601814861e-01 3.185854973777006438e-01 1.375649429389110834e-01 1.457800316246516681e-01 4.158485239302567305e-02 4.130987321108892801e-02 9.074138519686492446e-03 9.074138519686492446e-03
9.586702793462052036e-03 9.586702793462052036e-03 4.456170521627931397e-02 4.548403724680065430e-02 1.507442313625864116e-01 1.408855367411725457e-01 3.158759180048381077e-01 2.396436048640709637e-01 3.462223961424524266e-01 2.178409242060068696e-01 1.413985806780517218e-01 2.398763561327592053e-01 1.413985806780522492e-01 2.178409242060351803e-01 3.462223961425231478e-01 2.396436048641325256e-01 3.158759180049137694e-01 1.408855367412091830e-01 1.507442313626247421e-01 4.548403724680898097e-02 4.456170521628743247e-02 9.586702793463176137e-03 9.586702793463176137e-03
1.132726561177970284e-02 1.132726561177970284e-02 4.850699989129633738e-02 4.890940649913657484e-02 1.545325718864891673e-01 1.437080703287434424e-01 3.101759274828426727e-01 2.310650643249105018e-01 3.330327750972840728e-01 2.235015782453488864e-01 1.490820037753050609e-01 2.504643079769577341e-01 1.490820037753009808e-01 2.235015782453801947e-01 3.330327750973540724e-01 2.310650643249702041e-01 3.101759274829183344e-01 1.437080703287824390e-01 1.545325718865303011e-01 4.890940649914639338e-02 4.850699989130598938e-02 1.132726561178115481e-02 1.132726561178115481e-02
1.339287535024220703e-02 1.339287535024220703e-02 5.451979344046292003e-02 5.431958269224097802e-02 1.617276680685243717e-01 1.485048076314320065e-01 3.039551766161637247e-01 2.222906967268260536e-01 3.159534035644607775e-01 2.274340922325180092e-01 1.611579964381538721e-01 2.594847175768780767e-01 1.611579964381466001e-01 2.274340922325527592e-01 3.159534035645293337e-01 2.222906967268841738e-01 3.039551766162392199e-01 1.485048076314733623e-01 1.617276680685683365e-01 5.431958269225250352e-02 5.451979344047391124e-02 1.339287535024385328e-02 1.339287535024385328e-02
1.421716448552867197e-02 1.421716448552867197e-02 5.822172566471475741e-02 5.873536184288803697e-02 1.666848668228743668e-01 1.520531130953270138e-01 2.944605065296121982e-01 2.138303998866052102e-01 2.960332407577596636e-01 2.285418321676985220e-01 1.776035926590608383e-01 2.664589259102393970e-01 1.776035926590521785e-01 2.285418321677370745e-01 2.960332407578268876e-01 2.138303998866617761e-01 2.944605065296872493e-01 1.520531130953703958e-01 1.666848668229204966e-01 5.873536184290091555e-02 5.822172566472728211e-02 1.421716448553094619e-02 1.421716448553094619e-02
1.657567171864035918e-02 1.657567171864035918e-02 6.376607325517467950e-02 6.358977649171967950e-02 1.722395972511036599e-01 1.558868130851164269e-01 2.834873843851652420e-01 2.050850241479863501e-01 2.740188651266911024e-01 2.264835261026409974e-01 1.969167458338721977e-01 2.686515986465843331e-01 1.969167458338637877e-01 2.264835261026831581e-01 2.740188651267553843e-01 2.050850241480413616e-01 2.834873843852401265e-01 1.558868130851625011e-01 1.722395972511527595e-01 6.358977649173419566e-02 6.376607325518890423e-02 1.657567171864317290e-02 1.657567171864317290e-02
1.930492137911879805e-02 1.930492137911879805e-02 7.090782656428093467e-02 6.984272494824868283e-02 1.801873490355684337e-01 1.611083219645907394e-01 2.722342199936172991e-01 1.956460306851114939e-01 2.503045045871621910e-01 2.201581151307484829e-01 2.183619431924150867e-01 2.682968085831491378e-01 2.183619431924082310e-01 2.201581151307937523e-01 2.503045045872227536e-01 1.956460306851646458e-01 2.722342199936901852e-01 1.611083219646389786e-01 1.801873490356205310e-01 6.984272494826550270e-02 7.090782656429724107e-02 1.930492137912189279e-02 1.930492137912189279e-02
2.066002776052924469e-02 2.066002776052924469e-02 7.509389595490931213e-02 7.458922563534665928e-02 1.851433779010751568e-01 1.644628821289598197e-01 2.588199092836972470e-01 1.858534833023813559e-01 2.261554455639102346e-01 2.092995483752257135e-01 2.404332085834423038e-01 2.658011142031328489e-01 2.404332085834381960e-01 2.092995483752723429e-01 2.261554455639668004e-01 1.858534833024322874e-01 2.588199092837689119e-01 1.644628821290099741e-01 1.851433779011296965e-01 7.458922563536508898e-02 7.509389595492736713e-02 2.066002776053298476e-02 2.066002776053298476e-02
2.363969868208221775e-02 2.363969868208221775e-02 8.174035681636063200e-02 8.034932261450712654e-02 1.917833603027651879e-01 1.682367350994604105e-01 2.463924570029001893e-01 1.754266569367218254e-01 2.032893405526687014e-01 1.950129450931592512e-01 2.604053503882645115e-01 2.603276257334248833e-01 2.604053503882631793e-01 1.950129450932057695e-01 2.032893405527207431e-01 1.754266569367705364e-01 2.463924570029704386e-01 1.682367350995119248e-01 1.917833603028228084e-01 8.034932261452747138e-02 8.174035681638096296e-02 2.363969868208687722e-02 2.363969868208687722e-02
2.693881426281494185e-02 2.693881426281494185e-02 8.934034468736611057e-02 8.676558717626065009e-02 1.993970896902726997e-01 1.722035769076119549e-01 2.344223271831391842e-01 1.635478182567638994e-01 1.823990078711324181e-01 1.784679369165703133e-01 2.789001168037577583e-01 2.560463586004927405e-01 2.789001168037599232e-01 1.784679369166154439e-01 1.823990078711805185e-01 1.635478182568104177e-01 2.344223271832077682e-01 1.722035769076650236e-01 1.993970896903332068e-01 8.676558717628315986e-02 8.934034468738864809e-02 2.693881426282005234e-02 2.693881426282005234e-02
2.896477229627521938e-02 2.896477229627521938e-02 9.381194282487941016e-02 9.130191584235732016e-02 2.031850282832171062e-01 1.733292214136611942e-01 2.213806431688436216e-01 1.508641862147222235e-01 1.645696334672381023e-01 1.606696606309036268e-01 2.937891569723121155e-01 2.541162372739449449e-01 2.937891569723171670e-01 1.606696606309463149e-01 1.645696334672822891e-01 1.508641862147666324e-01 2.213806431689114562e-01 1.733292214137156784e-01 2.031850282832808052e-01 9.130191584238145364e-02 9.381194282490390446e-02 2.896477229628120764e-02 2.896477229628120764e-02
3.255428411547372364e-02 3.255428411547372364e-02 1.008990589018248368e-01 9.707610681000754249e-02 2.092217482994257471e-01 1.748315814501736065e-01 2.112465684579904190e-01 1.377892382278341765e-01 1.517888749835320517e-01 1.441159489573685948e-01 3.020637695650069121e-01 2.530727391044750307e-01 3.020637695650136290e-01 1.441159489574075081e-01 1.517888749835722417e-01 1.377892382278758099e-01 2.112465684580567826e-01 1.748315814502292564e-01 2.092217482994923605e-01 9.707610681003378539e-02 1.008990589018520095e-01 3.255428411548073192e-02 3.255428411548073192e-02
3.625171971225464584e-02 3.625171971225464584e-02 1.080615967256900317e-01 1.027043870369618861e-01 2.149762454735597850e-01 1.755896725247724499e-01 2.018250161506767726e-01 1.236392587076204364e-01 1.439851161168495264e-01 1.311654359775489831e-01 3.057074316567319205e-01 2.561436672749929366e-01 3.057074316567385264e-01 1.311654359775844270e-01 1.439851161168867744e-01 1.236392587076593080e-01 2.018250161507421647e-01 1.755896725248285994e-01 2.149762454736287576e-01 1.027043870369898360e-01 1.080615967257192306e-01 3.625171971226226475e-02 3.625171971226226475e-02
3.900252527253009194e-02 3.900252527253009194e-02 1.124989881067375158e-01 1.064315754503471628e-01 2.167438081666281657e-01 1.731331256020865461e-01 1.920929052454725672e-01 1.097333018076486894e-01 1.413356159040224103e-01 1.227568626918569550e-01 3.034662896261207110e-01 2.629079987445219757e-01 3.034662896261262621e-01 1.227568626918890821e-01 1.413356159040581872e-01 1.097333018076848271e-01 1.920929052455370156e-01 1.731331256021431120e-01 2.167438081666995808e-01 1.064315754503768613e-01 1.124989881067691572e-01 3.900252527253878637e-02 3.900252527253878637e-02
4.325052039754693350e-02 4.325052039754693350e-02 1.195223287602099060e-01 1.114506701963269286e-01 2.212544248093501753e-01 1.714548600629016428e-01 1.865843949619679643e-01 9.725940762870208256e-02 1.447074104711404963e-01 1.206776241112756387e-01 2.932277020728151218e-01 2.692968030223898968e-01 2.932277020728173977e-01 1.206776241113049486e-01 1.447074104711749687e-01 9.725940762873530598e-02 1.865843949620311915e-01 1.714548600629582642e-01 2.212544248094241717e-01 1.114506701963587504e-01 1.195223287602443785e-01 4.325052039755697408e-02 4.325052039755697408e-02
4.728095379485578592e-02 4.728095379485578592e-02 1.255893714945479078e-01 1.156250854344495066e-01 2.247108356884427727e-01 1.688793631604657286e-01 1.821590026707067544e-01 8.576226713232865118e-02 1.520139652489945203e-01 1.256237251177843572e-01 2.780668466980562581e-01 2.766657614572853863e-01 2.780668466980542042e-01 1.256237251178120851e-01 1.520139652490284932e-01 8.576226713235925170e-02 1.821590026707692878e-01 1.688793631605222945e-01 2.247108356885188230e-01 1.156250854344830353e-01 1.255893714945846285e-01 4.728095379486690897e-02 4.728095379486690897e-02
5.081632765364164223e-02 5.081632765364164223e-02 1.297533196180557791e-01 1.183128791918643258e-01 2.248377839950735646e-01 1.636767074131800226e-01 1.785463150005326405e-01 7.702736763957726551e-02 1.618258661735248460e-01 1.364403112656525641e-01 2.589310316604689910e-01 2.834037128826569774e-01 2.589310316604621076e-01 1.364403112656789596e-01 1.618258661735589021e-01 7.702736763960582600e-02 1.785463150005944799e-01 1.636767074132361999e-01 2.248377839951512247e-01 1.183128791918995337e-01 1.297533196180948589e-01 5.081632765365398652e-02 5.081632765365398652e-02
5.586891221958945747e-02 5.586891221958945747e-02 1.364930341293303928e-01 1.223451147170121489e-01 2.281098610749042466e-01 1.600573841127028440e-01 1.800362471792349428e-01 7.230738493731808658e-02 1.733611435650007082e-01 1.525052857438996545e-01 2.353898923728701131e-01 2.857913414274517172e-01 2.353898923728569847e-01 1.525052857439252729e-01 1.733611435650345145e-01 7.230738493734500949e-02 1.800362471792964769e-01 1.600573841127585772e-01 2.281098610749835998e-01 1.223451147170495079e-01 1.364930341293723870e-01 5.586891221960350179e-02 5.586891221960350179e-02
6.038497880965024850e-02 6.038497880965024850e-02 1.413371130196122427e-01 1.250812036314717934e-01 2.298630625530078408e-01 1.560022203288888576e-01 1.827381974440553669e-01 7.072343950730310136e-02 1.832177315386716854e-01 1.721635447286156417e-01 2.115970686246356758e-01 2.855252932365558993e-01 2.115970686246172183e-01 1.721635447286410658e-01 1.832177315387047978e-01 7.072343950732920548e-02 1.827381974441172341e-01 1.560022203289445908e-01 2.298630625530893035e-01 1.250812036315112896e-01 1.413371130196571512e-01 6.038497880966579856e-02 6.038497880966579856e-02
6.485767339336580284e-02 6.485767339336580284e-02 1.453044136775808182e-01 1.270904128672960820e-01 2.294320634515865653e-01 1.505385036017838907e-01 1.864354693418382725e-01 7.343368319594031912e-02 1.895245427018164008e-01 1.927234345873950205e-01 1.894725736184511844e-01 2.822086156153253422e-01 1.894725736184288134e-01 1.927234345874208610e-01 1.895245427018478479e-01 7.343368319596643712e-02 1.864354693419013886e-01 1.505385036018397626e-01 2.294320634516698043e-01 1.270904128673379097e-01 1.453044136776288076e-01 6.485767339338351090e-02 6.485767339338351090e-02
7.090990273371962360e-02 7.090990273371962360e-02 1.517895017372229705e-01 1.304410406043214621e-01 2.320437029035633258e-01 1.473105652104593211e-01 1.938360748037888104e-01 8.055549662333702510e-02 1.920326584263805647e-01 2.125422915948430025e-01 1.691789610573234404e-01 2.750170474145179900e-01 1.691789610572985159e-01 2.125422915948693703e-01 1.920326584264089309e-01 8.055549662336414229e-02 1.938360748038526205e-01 1.473105652105148600e-01 2.320437029036482579e-01 1.304410406043651771e-01 1.517895017372737632e-01 7.090990273373970476e-02 7.090990273373970476e-02
7.618477335187338884e-02 7.618477335187338884e-02 1.556982875922573173e-01 1.322386750343790551e-01 2.326261771227618458e-01 1.440692903087930354e-01 2.004722801674910238e-01 9.000261229406629482e-02 1.891789932861732415e-01 2.302699261886322346e-01 1.546308850721122841e-01 2.662184142837293321e-01 1.546308850720874151e-01 2.302699261886596294e-01 1.891789932861976664e-01 9.000261229409514674e-02 2.004722801675561938e-01 1.440692903088488797e-01 2.326261771228485264e-01 1.322386750344251294e-01 1.556982875923110798e-01 7.618477335189524635e-02 7.618477335189524635e-02
8.176479031224440086e-02 8.176479031224440086e-02 1.597901118821597188e-01 1.341647317161369091e-01 2.321002185729184597e-01 1.403537580956441266e-01 2.058603781596545224e-01 1.017885183511283431e-01 1.811682893298364738e-01 2.437623530915372927e-01 1.454199411833698441e-01 2.562966412619400725e-01 1.454199411833476119e-01 2.437623530915664083e-01 1.811682893298562358e-01 1.017885183511598041e-01 2.058603781597218019e-01 1.403537580957003039e-01 2.321002185730070833e-01 1.341647317161854536e-01 1.597901118822174227e-01 8.176479031226886740e-02 8.176479031226886740e-02
8.889357755446834763e-02 8.889357755446834763e-02 1.660990379027687258e-01 1.371725759506214892e-01 2.335139011044441160e-01 1.384669132552291959e-01 2.112127065301227236e-01 1.148674553371462348e-01 1.701928748929547042e-01 2.522986874651672040e-01 1.403829352353185567e-01 2.451130916480165900e-01 1.403829352353008764e-01 2.522986874651983458e-01 1.701928748929689983e-01 1.148674553371806101e-01 2.112127065301914186e-01 1.384669132552853732e-01 2.335139011045340718e-01 1.371725759506723930e-01 1.660990379028300101e-01 8.889357755449561749e-02 8.889357755449561749e-02
9.505096512194390057e-02 9.505096512194390057e-02 1.693614929565079308e-01 1.383441892788764283e-01 2.319290864112202588e-01 1.360629331967846412e-01 2.128174972840707335e-01 1.267826220015150773e-01 1.574076476614834907e-01 2.565325267474938276e-01 1.415499356687656418e-01 2.336400815206250980e-01 1.415499356687542898e-01 2.565325267475289661e-01 1.574076476614925946e-01 1.267826220015531580e-01 2.128174972841409274e-01 1.360629331968412070e-01 2.319290864113115747e-01 1.383441892789299132e-01 1.693614929565724903e-01 9.505096512197401537e-02 9.505096512197401537e-02
1.016855702769301067e-01 1.016855702769301067e-01 1.737196022683063779e-01 1.402904676095163283e-01 2.298573755142376829e-01 1.330607124559869958e-01 2.111807799827527532e-01 1.377356667339148244e-01 1.449837264765834188e-01 2.553035557544900969e-01 1.457282216514380335e-01 2.215982361497561282e-01 1.457282216514347861e-01 2.553035557545285106e-01 1.449837264765886091e-01 1.377356667339558194e-01 2.111807799828239185e-01 1.330607124560433674e-01 2.298573755143298869e-01 1.402904676095721170e-01 1.737196022683747954e-01 1.016855702769637743e-01 1.016855702769637743e-01
1.096379199991581732e-01 1.096379199991581732e-01 1.796774349584483732e-01 1.427086406811745034e-01 2.279726986711397285e-01 1.303447465644920755e-01 2.072347890873673937e-01 1.466687618218890377e-01 1.352351881896809715e-01 2.492619612985456923e-01 1.508775031061797001e-01 2.077072285526764539e-01 1.508775031061847238e-01 2.492619612985882971e-01 1.352351881896834973e-01 1.466687618219330858e-01 2.072347890874389753e-01 1.303447465645480863e-01 2.279726986712322101e-01 1.427086406812325958e-01 1.796774349585198716e-01 1.096379199991949493e-01 1.096379199991949493e-01
1.164344188754556503e-01 1.164344188754556503e-01 1.822511074052878821e-01 1.428649208930092007e-01 2.221067107854332867e-01 1.259725428940348391e-01 1.990569921438169465e-01 1.521548535819987336e-01 1.292295168465777966e-01 2.401860670583095270e-01 1.579846102206023395e-01 1.919947557562314833e-01 1.579846102206156344e-01 2.401860670583558510e-01 1.292295168465802113e-01 1.521548535820454739e-01 1.990569921438886114e-01 1.259725428940899061e-01 2.221067107855258238e-01 1.428649208930696246e-01 1.822511074053629054e-01 1.164344188754957710e-01 1.164344188754957710e-01
1.237028242085416313e-01 1.237028242085416313e-01 1.865567757980903241e-01 1.441116666531041535e-01 2.164936253683704126e-01 1.205449339899602595e-01 1.890030720213438375e-01 1.554433960501945267e-01 1.284680081197744905e-01 2.276630720516151785e-01 1.634430200430379010e-01 1.742981762580547711e-01 1.634430200430591618e-01 2.276630720516646944e-01 1.284680081197787649e-01 1.554433960502431267e-01 1.890030720214142812e-01 1.205449339900140637e-01 2.164936253684624778e-01 1.441116666531660484e-01 1.865567757981686225e-01 1.237028242085859292e-01 1.237028242085859292e-01
1.318604833013417021e-01 1.318604833013417021e-01 1.916536513466473579e-01 1.450652239980517177e-01 2.098991038082542449e-01 1.140920915531329488e-01 1.776069363123166378e-01 1.557839760943492691e-01 1.326651911340429035e-01 2.132450750587798760e-01 1.669001185962202261e-01 1.537964256119323525e-01 1.669001185962485367e-01 2.132450750588312793e-01 1.326651911340510082e-01 1.557839760943990903e-01 1.776069363123851386e-01 1.140920915531843660e-01 2.098991038083447835e-01 1.450652239981151392e-01 1.916536513467284042e-01 1.318604833013898303e-01 1.318604833013898303e-01
1.387385672324252806e-01 1.387385672324252806e-01 1.932931747794002786e-01 1.434266172519705618e-01 1.993556162523514863e-01 1.055458267341220641e-01 1.642280194734644094e-01 1.527739287481252595e-01 1.411750438190090551e-01 1.987134742561625644e-01 1.692975886584164036e-01 1.323554013613620628e-01 1.692975886584505985e-01 1.987134742562145784e-01 1.411750438190239876e-01 1.527739287481758856e-01 1.642280194735300791e-01 1.055458267341705253e-01 1.993556162524404984e-01 1.434266172520358151e-01 1.932931747794851274e-01 1.387385672324769892e-01 1.387385672324769892e-01
1.460083827461142458e-01 1.460083827461142458e-01 1.971063402008942367e-01 1.430791954379795616e-01 1.904665544638841634e-01 9.629634218153428071e-02 1.521839895525182451e-01 1.483818648310335497e-01 1.539557199078228078e-01 1.841687849199304672e-01 1.683652044957909821e-01 1.106483574397885833e-01 1.683652044958298677e-01 1.841687849199819260e-01 1.539557199078456784e-01 1.483818648310836208e-01 1.521839895525803898e-01 9.629634218157909209e-02 1.904665544639709829e-01 1.430791954380455089e-01 1.971063402009828602e-01 1.460083827461706729e-01 1.460083827461706729e-01
1.536291588808776087e-01 1.536291588808776087e-01 2.008690603097129379e-01 1.418393065624166116e-01 1.805102091424418409e-01 8.589852494571792452e-02 1.405913927040749745e-01 1.418657629940822118e-01 1.686607853812671365e-01 1.712504588842991560e-01 1.658882357730249169e-01 9.012173794628125512e-02 1.658882357730663282e-01 1.712504588843487829e-01 1.686607853812990832e-01 1.418657629941308118e-01 1.405913927041326228e-01 8.589852494575828112e-02 1.805102091425257738e-01 1.418393065624831972e-01 2.008690603098051142e-01 1.536291588809387265e-01 1.536291588809387265e-01
1.599924134196928083e-01 1.599924134196928083e-01 2.015139641065779863e-01 1.381054697872959314e-01 1.678061443371840211e-01 7.418915444957774330e-02 1.292199878073016783e-01 1.335273080901838716e-01 1.838913601535187847e-01 1.613115089654399981e-01 1.630050930789532504e-01 7.427732019991678536e-02 1.630050930789958274e-01 1.613115089654880430e-01 1.838913601535611675e-01 1.335273080902303344e-01 1.292199878073545249e-01 7.418915444961336758e-02 1.678061443372641792e-01 1.381054697873616566e-01 2.015139641066721887e-01 1.599924134197567571e-01 1.599924134197567571e-01
1.667323175222819309e-01 1.667323175222819309e-01 2.046993945683739102e-01 1.359862528051543895e-01 1.584674418919166938e-01 6.305332718050797591e-02 1.213896097567302296e-01 1.258671041426758508e-01 1.990161716343016862e-01 1.540930861405088170e-01 1.585539819394177485e-01 6.279316536229984091e-02 1.585539819394589101e-01 1.540930861405549746e-01 1.990161716343540055e-01 1.258671041427198434e-01 1.213896097567792320e-01 6.305332718053824337e-02 1.584674418919946870e-01 1.359862528052200592e-01 2.046993945684720262e-01 1.667323175223514586e-01 1.667323175223514586e-01
1.732908049891308533e-01 1.732908049891308533e-01 2.069927016781647200e-01 1.326701804516270677e-01 1.485630950801269390e-01 5.170743762766920326e-02 1.146906861461036015e-01 1.181225346740747140e-01 2.112127082514260734e-01 1.505426903425138296e-01 1.546745948440093332e-01 5.811196401141416334e-02 1.546745948440473029e-01 1.505426903425591545e-01 2.112127082514878573e-01 1.181225346741157645e-01 1.146906861461485516e-01 5.170743762769457186e-02 1.485630950802003247e-01 1.326701804516916827e-01 2.069927016782657503e-01 1.732908049892037672e-01 1.732908049892037672e-01
1.787848096209756488e-01 1.787848096209756488e-01 2.068281293362936868e-01 1.274528905357838748e-01 1.375848794164265254e-01 4.069550393788862186e-02 1.091227765803400446e-01 1.110589347690836004e-01 2.197006577108402692e-01 1.510563573088584688e-01 1.532075811118052411e-01 6.185237094984513684e-02 1.532075811118382980e-01 1.510563573089040990e-01 2.197006577109102410e-01 1.110589347691221251e-01 1.091227765803818861e-01 4.069550393790894588e-02 1.375848794164965805e-01 1.274528905358470465e-01 2.068281293363970763e-01 1.787848096210530868e-01 1.787848096210530868e-01
1.847777691456260474e-01 1.847777691456260474e-01 2.094970806782857076e-01 1.243097606625852836e-01 1.311829573753928446e-01 3.189102911911689126e-02 1.077688717468061469e-01 1.072910432832608757e-01 2.241882366498734180e-01 1.541904719205315633e-01 1.521649518758527164e-01 7.159582561132965539e-02 1.521649518758790010e-01 1.541904719205781371e-01 2.241882366499489132e-01 1.072910432832970828e-01 1.077688717468454488e-01 3.189102911913265642e-02 1.311829573754598466e-01 1.243097606626469009e-01 2.094970806783919837e-01 1.847777691457083704e-01 1.847777691457083704e-01
1.901596426754429692e-01 1.901596426754429692e-01 2.104725956329791259e-01 1.199099101764517505e-01 1.245136136987131797e-01 2.424212058344070095e-02 1.074149026083231068e-01 1.057010706962567825e-01 2.230321141038035804e-01 1.598386723370219253e-01 1.531270145752032796e-01 8.789315965071073378e-02 1.531270145752220702e-01 1.598386723370710527e-01 2.230321141038821842e-01 1.057010706962917823e-01 1.074149026083613262e-01 2.424212058345263932e-02 1.245136136987774061e-01 1.199099101765119385e-01 2.104725956330868453e-01 1.901596426755293723e-01 1.901596426755293723e-01
1.947675818703518413e-01 1.947675818703518413e-01 2.097760053397750568e-01 1.145286584707291555e-01 1.180930444563435683e-01 1.863565815798699093e-02 1.082780278106239558e-01 1.066889087029509603e-01 2.169150070026532873e-01 1.674725312158511503e-01 1.576089448015203509e-01 1.097407522460360080e-01 1.576089448015317029e-01 1.674725312159038859e-01 2.169150070027322519e-01 1.066889087029859462e-01 1.082780278106620919e-01 1.863565815799590047e-02 1.180930444564051301e-01 1.145286584707875394e-01 2.097760053398856350e-01 1.947675818704427131e-01 1.947675818704427131e-01
2.000638579567247666e-01 2.000638579567247666e-01 2.120692485014425421e-01 1.116489893943265338e-01 1.162391828117007864e-01 1.623050707938127404e-02 1.126564257974105865e-01 1.118653007512396547e-01 2.066907904863290457e-01 1.748139666182514373e-01 1.623197530917817599e-01 1.335196852923921651e-01 1.623197530917858122e-01 1.748139666183079199e-01 2.066907904864050682e-01 1.118653007512758341e-01 1.126564257974498606e-01 1.623050707938827192e-02 1.162391828117604470e-01 1.116489893943832523e-01 2.120692485015552853e-01 2.000638579568210507e-01 2.000638579568210507e-01
2.044443844573190783e-01 2.044443844573190783e-01 2.120345872080552085e-01 1.075579502686876965e-01 1.137697931105705190e-01 1.578972143389715740e-02 1.171593835383383797e-01 1.192805918415526800e-01 1.927506526138490772e-01 1.817323839903916827e-01 1.680540836992659437e-01 1.578272928772949391e-01 1.680540836992633069e-01 1.817323839904514404e-01 1.927506526139192433e-01 1.192805918415917182e-01 1.171593835383798882e-01 1.578972143390336424e-02 1.137697931106288196e-01 1.075579502687431938e-01 2.120345872081690064e-01 2.044443844574200531e-01 2.044443844574200531e-01
2.082901562429123887e-01 2.082901562429123887e-01 2.110827595370988186e-01 1.034254882514053925e-01 1.122497408534747360e-01 1.823995547608739387e-02 1.221218289642420074e-01 1.283379687075450748e-01 1.771563768702647812e-01 1.876936992575124474e-01 1.751872437482446809e-01 1.813176731363351779e-01 1.751872437482367983e-01 1.876936992575747865e-01 1.771563768703266761e-01 1.283379687075884013e-01 1.221218289642865412e-01 1.823995547609365969e-02 1.122497408535319541e-01 1.034254882514594326e-01 2.110827595372143373e-01 2.082901562430188591e-01 2.082901562430188591e-01
2.128864807169285611e-01 2.128864807169285611e-01 2.130206450785956940e-01 1.018914619559541102e-01 1.141622676432849787e-01 2.347510213573904270e-02 1.283491342240412614e-01 1.391691266582664177e-01 1.611975759519015394e-01 1.911965994564569227e-01 1.806909905288795748e-01 2.009848001724087174e-01 1.806909905288683615e-01 1.911965994565208160e-01 1.611975759519531648e-01 1.391691266583142128e-01 1.283491342240891120e-01 2.347510213574654711e-02 1.141622676433417388e-01 1.018914619560067486e-01 2.130206450787121286e-01 2.128864807170398610e-01 2.128864807170398610e-01
2.163288728558989127e-01 2.163288728558989127e-01 2.122699658923861976e-01 9.909203167441610338e-02 1.147759996757812678e-01 3.030476617389677926e-02 1.330997381855695272e-01 1.495049412623068730e-01 1.463945510804667838e-01 1.929884860447022565e-01 1.850083673840452470e-01 2.158661040123977803e-01 1.850083673840329790e-01 1.929884860447664829e-01 1.463945510805070849e-01 1.495049412623604967e-01 1.330997381856210415e-01 3.030476617390644514e-02 1.147759996758380002e-01 9.909203167446760385e-02 2.122699658925039090e-01 2.163288728560148200e-01 2.163288728560148200e-01
2.192998565666824939e-01 2.192998565666824939e-01 2.112556634798246069e-01 9.688135207089583478e-02 1.167199022751739673e-01 3.962644829858032874e-02 1.373328089297291554e-01 1.585165678690872437e-01 1.345011458424446582e-01 1.931114716045930213e-01 1.879886193505264369e-01 2.258300588352530336e-01 1.879886193505154734e-01 1.931114716046568314e-01 1.345011458424744399e-01 1.585165678691467239e-01 1.373328089297840005e-01 3.962644829859261059e-02 1.167199022752306026e-01 9.688135207094598911e-02 2.112556634799429012e-01 2.192998565668027589e-01 2.192998565668027589e-01
2.227829479607165153e-01 2.227829479607165153e-01 2.126672081060111408e-01 9.680066335374389042e-02 1.204742091048089242e-01 4.992246884610107571e-02 1.407212071030292666e-01 1.658412618004269923e-01 1.255272526575531566e-01 1.910438965029508662e-01 1.881583900395280007e-01 2.297349671714724872e-01 1.881583900395204789e-01 1.910438965030134550e-01 1.255272526575725300e-01 1.658412618004912742e-01 1.407212071030864708e-01 4.992246884611679231e-02 1.204742091048661840e-01 9.680066335379286513e-02 2.126672081061318498e-01 2.227829479608421093e-01 2.227829479608421093e-01
2.248772828897837861e-01 2.248772828897837861e-01 2.113242571590635555e-01 9.519560335968914322e-02 1.223201794341995247e-01 6.032626724405674989e-02 1.421728740511451483e-01 1.702331261370603199e-01 1.204715577777688423e-01 1.875088012879820298e-01 1.861751525764455961e-01 2.286279157896975445e-01 1.861751525764438753e-01 1.875088012880427590e-01 1.204715577777795005e-01 1.702331261371288207e-01 1.421728740512041289e-01 6.032626724407626206e-02 1.223201794342576310e-01 9.519560335973681342e-02 2.113242571591852359e-01 2.248772828899138765e-01 2.248772828899138765e-01
2.264171926666430079e-01 2.264171926666430079e-01 2.103443389678825159e-01 9.443269096155275377e-02 1.258237495535378114e-01 7.183981130928562830e-02 1.439141536779879327e-01 1.718348342105146254e-01 1.194345820920207357e-01 1.826499861173090378e-01 1.821534057676783280e-01 2.230631636784416727e-01 1.821534057676837404e-01 1.826499861173677686e-01 1.194345820920254542e-01 1.718348342105865401e-01 1.439141536780480790e-01 7.183981130930870707e-02 1.258237495535965422e-01 9.443269096159984111e-02 2.103443389680050846e-01 2.264171926667770673e-01 2.264171926667770673e-01
2.279621512526555926e-01 2.279621512526555926e-01 2.110564668613959249e-01 9.493631790136007609e-02 1.296057468594271067e-01 8.186633194872998398e-02 1.448832720457894629e-01 1.707842981662891502e-01 1.208073478625753400e-01 1.757362137991611006e-01 1.757781753642247147e-01 2.137388814422914174e-01 1.757781753642376488e-01 1.757362137992179718e-01 1.208073478625763530e-01 1.707842981663628967e-01 1.448832720458501089e-01 8.186633194875683750e-02 1.296057468594863371e-01 9.493631790140591442e-02 2.110564668615189932e-01 2.279621512527932048e-01 2.279621512527932048e-01
2.279206942164189453e-01 2.279206942164189453e-01 2.092174881766104000e-01 9.364509573671235543e-02 1.312238519692223437e-01 9.026721812471769080e-02 1.454219170960387719e-01 1.672932296249216022e-01 1.245558774657800072e-01 1.671596369308728514e-01 1.680726841942247474e-01 2.026643514138353752e-01 1.680726841942445926e-01 1.671596369309272800e-01 1.245558774657797435e-01 1.672932296249960149e-01 1.454219170960996954e-01 9.026721812474820805e-02 1.312238519692831284e-01 9.364509573675686149e-02 2.092174881767343564e-01 2.279206942165598881e-01 2.279206942165598881e-01
2.272905636428286802e-01 2.272905636428286802e-01 2.084606997062840861e-01 9.334733287100516197e-02 1.350254846482444870e-01 9.849350872875609064e-02 1.484444665472722247e-01 1.623944767134473943e-01 1.299708969831059879e-01 1.574390536277175123e-01 1.595751931443392391e-01 1.899105576141301988e-01 1.595751931443650518e-01 1.574390536277694430e-01 1.299708969831079031e-01 1.623944767135216127e-01 1.484444665473330371e-01 9.849350872878938346e-02 1.350254846483065208e-01 9.334733287104848842e-02 2.084606997064091249e-01 2.272905636429733978e-01 2.272905636429733978e-01
2.261359563404416184e-01 2.261359563404416184e-01 2.086724588946709813e-01 9.359207327885540884e-02 1.381337159529764103e-01 1.035348524880386339e-01 1.514339398440307516e-01 1.565372994700240938e-01 1.350016665885567235e-01 1.459750201816831516e-01 1.502959049095896893e-01 1.770578553781610998e-01 1.502959049096191102e-01 1.459750201817321125e-01 1.350016665885628298e-01 1.565372994700965914e-01 1.514339398440918694e-01 1.035348524880749937e-01 1.381337159530397207e-01 9.359207327889761119e-02 2.086724588947974357e-01 2.261359563405894169e-01 2.261359563405894169e-01
2.233590263502090723e-01 2.233590263502090723e-01 2.067977962973256145e-01 9.215253112618097819e-02 1.393743882828167857e-01 1.063309244225854322e-01 1.551732572508655594e-01 1.504640310474081866e-01 1.393458351155423269e-01 1.339656480297839458e-01 1.415789747042547342e-01 1.653903552734583005e-01 1.415789747042857927e-01 1.339656480298292429e-01 1.393458351155540953e-01 1.504640310474783249e-01 1.551732572509269548e-01 1.063309244226239986e-01 1.393743882828805680e-01 9.215253112622168175e-02 2.067977962974519857e-01 2.233590263503584805e-01 2.233590263503584805e-01
