# L = 12 / J = 1 / lamb = 0.8
# particle_position = 5
# final_time = 4 / steps = 20
0.000000000000000000e+00 0.000000000000000000e+00 0.000000000000000000e+00 0.000000000000000000e+00 0.000000000000000000e+00 0.000000000000000000e+00 0.000000000000000000e+00 0.000000000000000000e+00 0.000000000000000000e+00 0.000000000000000000e+00 1.000000000000000000e+00 1.000000000000000000e+00 1.000000000000000000e+00 0.000000000000000000e+00 0.000000000000000000e+00 0.000000000000000000e+00 0.000000000000000000e+00 0.000000000000000000e+00 0.000000000000000000e+00 0.000000000000000000e+00 0.000000000000000000e+00 0.000000000000000000e+00 0.000000000000000000e+00
2.400084003868797194e-02 2.400084003868797194e-02 4.677316942645749764e-02 2.401230289369550575e-02 4.678460450745634130e-02 2.401230343155145996e-02 4.678471251392784386e-02 2.401240959956530210e-02 4.813255394891432365e-02 2.536371063847408028e-02 9.518640965910796226e-01 9.759875025145337002e-01 9.518640965910798446e-01 2.536371063847400395e-02 4.813255394891422650e-02 2.401240959956527088e-02 4.678471251392793406e-02 2.401230343155153629e-02 4.678460450745653559e-02 2.401230289369551615e-02 4.677316942645746989e-02 2.400084003868789215e-02 2.400084003868789215e-02
7.919054103563892555e-02 7.919054103563892555e-02 1.422214285422518376e-01 7.980318066291140766e-02 1.428265250690349264e-01 7.980364944478311739e-02 1.428509932401273996e-01 7.982657720567896964e-02 1.607731695366092783e-01 9.796029054838055472e-02 8.390373953779269867e-01 9.201544768801980245e-01 8.390373953779272087e-01 9.796029054838009675e-02 1.607731695366089175e-01 7.982657720567877535e-02 1.428509932401272053e-01 7.980364944478339495e-02 1.428265250690352040e-01 7.980318066291154644e-02 1.422214285422519764e-01 7.919054103563899494e-02 7.919054103563899494e-02
1.299460496901183870e-01 1.299460496901183870e-01 2.011682184100133108e-01 1.351229728763427562e-01 2.061510925329156918e-01 1.351438910326012433e-01 2.066631147303415184e-01 1.355922630066479784e-01 2.733441645906746209e-01 2.044232636805574654e-01 7.248775001142625518e-01 8.640453623244458425e-01 7.248775001142625518e-01 2.044232636805568271e-01 2.733441645906737882e-01 1.355922630066478951e-01 2.066631147303414073e-01 1.351438910326015208e-01 2.061510925329160526e-01 1.351229728763432003e-01 2.011682184100143378e-01 1.299460496901184703e-01 1.299460496901184703e-01
1.513556724812910870e-01 1.513556724812910870e-01 1.871608548189488963e-01 1.705523962726905873e-01 2.046218280851732629e-01 1.708179358604571541e-01 2.084762825282663323e-01 1.739626322602572939e-01 3.458031862642013121e-01 3.210482015541310519e-01 6.464012659074702682e-01 8.236635452142596625e-01 6.464012659074702682e-01 3.210482015541300527e-01 3.458031862642002019e-01 1.739626322602566832e-01 2.084762825282660825e-01 1.708179358604576259e-01 2.046218280851738180e-01 1.705523962726911147e-01 1.871608548189495069e-01 1.513556724812916143e-01 1.513556724812916143e-01
1.451821745072117420e-01 1.451821745072117420e-01 1.386639263201544792e-01 1.881634646239741249e-01 1.736414664492089699e-01 1.898229307554182843e-01 1.896041393466671721e-01 2.021533862742116994e-01 3.850133967416266012e-01 4.242937728601563485e-01 5.926952480224348951e-01 7.897913023344245165e-01 5.926952480224353392e-01 4.242937728601551273e-01 3.850133967416258796e-01 2.021533862742110055e-01 1.896041393466667280e-01 1.898229307554183676e-01 1.736414664492090809e-01 1.881634646239744579e-01 1.386639263201549510e-01 1.451821745072124636e-01 1.451821745072124636e-01
1.305906571533442251e-01 1.305906571533442251e-01 1.125537253281480438e-01 1.973532860120966181e-01 1.568083718437595364e-01 2.038849987492006022e-01 2.006282474147001449e-01 2.369808387828035989e-01 4.163693285911406750e-01 5.035485589474335555e-01 5.350929609689055733e-01 7.462569147101720812e-01 5.350929609689066835e-01 5.035485589474314461e-01 4.163693285911401754e-01 2.369808387828024887e-01 2.006282474146997008e-01 2.038849987492010740e-01 1.568083718437602025e-01 1.973532860120972843e-01 1.125537253281483352e-01 1.305906571533445026e-01 1.305906571533445026e-01
1.237269539556782733e-01 1.237269539556782733e-01 1.218058232975140487e-01 2.009324863547028717e-01 1.574589717482118567e-01 2.192914522456243243e-01 2.452183988129763847e-01 2.868803650680321615e-01 4.465533355018919681e-01 5.619612722953721828e-01 4.657770516058706844e-01 6.906136472148071137e-01 4.657770516058710730e-01 5.619612722953695183e-01 4.465533355018916351e-01 2.868803650680305517e-01 2.452183988129753855e-01 2.192914522456244630e-01 1.574589717482126061e-01 2.009324863547029827e-01 1.218058232975139654e-01 1.237269539556778292e-01 1.237269539556778292e-01
1.270559147599041039e-01 1.270559147599041039e-01 1.370293949093760733e-01 1.969544517868648259e-01 1.564358354658400285e-01 2.364350066586729526e-01 2.917809313992930087e-01 3.479064696398861956e-01 4.596803891792992647e-01 6.054261458964409481e-01 4.019179810531297026e-01 6.349955856454242431e-01 4.019179810531301467e-01 6.054261458964392828e-01 4.596803891792990981e-01 3.479064696398841972e-01 2.917809313992912323e-01 2.364350066586723698e-01 1.564358354658405004e-01 1.969544517868645761e-01 1.370293949093759067e-01 1.270559147599036598e-01 1.270559147599036598e-01
1.341748160920361588e-01 1.341748160920361588e-01 1.344135104408712145e-01 1.885986306031444404e-01 1.536292914240021956e-01 2.566453940385761689e-01 3.198405685288286393e-01 4.109595148679976995e-01 4.418517923602499065e-01 6.333804396087954203e-01 3.607457996212508067e-01 5.926981335370015147e-01 3.607457996212511397e-01 6.333804396087941990e-01 4.418517923602499620e-01 4.109595148679954790e-01 3.198405685288272515e-01 2.566453940385758914e-01 1.536292914240018348e-01 1.885986306031439685e-01 1.344135104408707704e-01 1.341748160920355204e-01 1.341748160920355204e-01
1.395862574553728974e-01 1.395862574553728974e-01 1.234312212460794284e-01 1.861021858362519321e-01 1.689209560948560507e-01 2.844043973383593715e-01 3.355669046300467917e-01 4.691318306515659953e-01 3.986773225871982906e-01 6.410879602546553091e-01 3.414194625309076025e-01 5.691674153516695922e-01 3.414194625309076025e-01 6.410879602546544209e-01 3.986773225871982351e-01 4.691318306515631642e-01 3.355669046300452374e-01 2.844043973383586499e-01 1.689209560948559952e-01 1.861021858362508774e-01 1.234312212460792896e-01 1.395862574553725366e-01 1.395862574553725366e-01
1.425548554045833471e-01 1.425548554045833471e-01 1.277451374735039391e-01 1.983053140610185339e-01 2.087229789274801794e-01 3.236763268018100215e-01 3.482942260359581654e-01 5.193337401656523689e-01 3.479761395200596796e-01 6.282347229576127345e-01 3.313365478617007476e-01 5.634962400013630024e-01 3.313365478617012472e-01 6.282347229576120684e-01 3.479761395200599017e-01 5.193337401656498153e-01 3.482942260359562781e-01 3.236763268018106876e-01 2.087229789274802905e-01 1.983053140610178122e-01 1.277451374735037171e-01 1.425548554045833194e-01 1.425548554045833194e-01
1.448305873907914931e-01 1.448305873907914931e-01 1.547046580811278771e-01 2.258998346431267124e-01 2.535667336502957503e-01 3.744139092260537205e-01 3.520525084530455318e-01 5.597883406335573131e-01 3.031356114767632670e-01 6.025129123225542171e-01 3.216226193775026942e-01 5.721140078718959243e-01 3.216226193775026942e-01 6.025129123225536620e-01 3.031356114767626009e-01 5.597883406335550927e-01 3.520525084530439219e-01 3.744139092260521107e-01 2.535667336502954172e-01 2.258998346431257964e-01 1.547046580811277938e-01 1.448305873907912433e-01 1.448305873907912433e-01
1.483562558395201125e-01 1.483562558395201125e-01 1.924537126009273624e-01 2.642970463998177699e-01 2.835828436110986450e-01 4.320824933807328461e-01 3.362411042879772660e-01 5.877331865622685836e-01 2.682287652233243946e-01 5.752373034151093689e-01 3.115025247529065733e-01 5.886027739721352292e-01 3.115025247529072394e-01 5.752373034151080367e-01 2.682287652233245612e-01 5.877331865622641427e-01 3.362411042879764334e-01 4.320824933807304036e-01 2.835828436110979234e-01 2.642970463998166042e-01 1.924537126009272237e-01 1.483562558395193909e-01 1.483562558395193909e-01
1.557081590104912872e-01 1.557081590104912872e-01 2.291601120960055360e-01 3.099133715494265529e-01 3.007959450813695867e-01 4.890447753773956019e-01 3.027995181004732306e-01 6.000926401592759918e-01 2.448739451997091199e-01 5.553856857101545641e-01 3.014655972291555575e-01 6.033703278554488625e-01 3.014655972291558350e-01 5.553856857101543421e-01 2.448739451997086480e-01 6.000926401592736603e-01 3.027995181004729530e-01 4.890447753773924378e-01 3.007959450813680879e-01 3.099133715494254981e-01 2.291601120960049531e-01 1.557081590104907043e-01 1.557081590104907043e-01
1.706756706512158883e-01 1.706756706512158883e-01 2.639008567147237971e-01 3.612119508225268283e-01 3.167931666418951631e-01 5.370910560409477563e-01 2.644042024303003280e-01 5.964902437746419928e-01 2.363299241928751848e-01 5.475010885647986214e-01 2.885410085959145832e-01 6.076639797759721962e-01 2.885410085959154713e-01 5.475010885647985104e-01 2.363299241928754901e-01 5.964902437746397723e-01 2.644042024303011607e-01 5.370910560409442036e-01 3.167931666418941083e-01 3.612119508225252740e-01 2.639008567147237971e-01 1.706756706512148059e-01 1.706756706512148059e-01
1.965496643314051106e-01 1.965496643314051106e-01 2.989022476512529503e-01 4.157549676383385240e-01 3.288112477333036687e-01 5.705075813352816771e-01 2.317759964049922461e-01 5.814257745806308275e-01 2.427458232405158844e-01 5.522836235513761682e-01 2.696727147775797029e-01 5.989256076409162910e-01 2.696727147775809241e-01 5.522836235513755021e-01 2.427458232405165228e-01 5.814257745806297173e-01 2.317759964049938004e-01 5.705075813352773473e-01 3.288112477333020589e-01 4.157549676383360815e-01 2.989022476512520621e-01 1.965496643314036396e-01 1.965496643314036396e-01
2.335351761521022862e-01 2.335351761521022862e-01 3.296696029947542295e-01 4.692674008069082081e-01 3.216289722438753218e-01 5.876252191478125164e-01 2.105204122383162180e-01 5.630842751524557377e-01 2.560118225895686161e-01 5.665888544027848361e-01 2.467327906254603298e-01 5.816823820446529458e-01 2.467327906254610514e-01 5.665888544027840590e-01 2.560118225895695598e-01 5.630842751524536283e-01 2.105204122383178833e-01 5.876252191478072984e-01 3.216289722438750998e-01 4.692674008069054881e-01 3.296696029947534523e-01 2.335351761521013425e-01 2.335351761521013425e-01
2.781888772804894661e-01 2.781888772804894661e-01 3.471176589830482495e-01 5.172368103126925298e-01 2.909021876843903009e-01 5.900114747713270935e-01 2.061361335042772025e-01 5.495633104974667615e-01 2.631225947122192155e-01 5.832714425098666222e-01 2.259559017974222817e-01 5.636696890702040941e-01 2.259559017974228645e-01 5.832714425098669553e-01 2.631225947122196596e-01 5.495633104974649852e-01 2.061361335042787291e-01 5.900114747713240959e-01 2.909021876843904120e-01 5.172368103126898653e-01 3.471176589830474724e-01 2.781888772804886889e-01 2.781888772804886889e-01
3.254102060842239408e-01 3.254102060842239408e-01 3.462889500784248065e-01 5.557944133450303248e-01 2.527712495143515925e-01 5.811299472227345886e-01 2.218168503258349522e-01 5.455660593738732578e-01 2.557655230683115177e-01 5.937498810354766565e-01 2.127653027099203620e-01 5.517121651635071844e-01 2.127653027099206950e-01 5.937498810354764345e-01 2.557655230683126835e-01 5.455660593738708153e-01 2.218168503258360902e-01 5.811299472227319241e-01 2.527712495143515370e-01 5.557944133450269941e-01 3.462889500784225860e-01 3.254102060842231081e-01 3.254102060842231081e-01
3.708654080580381929e-01 3.708654080580381929e-01 3.297374515989284771e-01 5.815367259597606919e-01 2.272373096266818715e-01 5.658176875084826030e-01 2.496563173939757851e-01 5.514236093683064777e-01 2.366525422266030354e-01 5.929689261124634347e-01 2.077607691405655710e-01 5.499022011910095209e-01 2.077607691405651824e-01 5.929689261124626576e-01 2.366525422266038126e-01 5.514236093683035911e-01 2.496563173939761737e-01 5.658176875084810487e-01 2.272373096266818715e-01 5.815367259597576943e-01 3.297374515989253685e-01 3.708654080580377488e-01 3.708654080580377488e-01
