# L = 12 / J = 1 / lamb = 0.9
# particle_position = 5
# final_time = 4 / steps = 20
0.000000000000000000e+00 0.000000000000000000e+00 0.000000000000000000e+00 0.000000000000000000e+00 0.000000000000000000e+00 0.000000000000000000e+00 0.000000000000000000e+00 0.000000000000000000e+00 0.000000000000000000e+00 0.000000000000000000e+00 1.000000000000000000e+00 1.000000000000000000e+00 1.000000000000000000e+00 0.000000000000000000e+00 0.000000000000000000e+00 0.000000000000000000e+00 0.000000000000000000e+00 0.000000000000000000e+00 0.000000000000000000e+00 0.000000000000000000e+00 0.000000000000000000e+00 0.000000000000000000e+00 0.000000000000000000e+00
3.037619953423960698e-02 3.037619953423960698e-02 5.878851504431873570e-02 3.039382409958867048e-02 5.880612367562575854e-02 3.039382504111026034e-02 5.880627266649825213e-02 3.039397015551308090e-02 6.043418239955036103e-02 3.202328149841688482e-02 9.395646379262627690e-01 9.696058903963875597e-01 9.395646379262629910e-01 3.202328149841672522e-02 6.043418239955013899e-02 3.039397015551300804e-02 5.880627266649814805e-02 3.039382504111027769e-02 5.880612367562585568e-02 3.039382409958869477e-02 5.878851504431879815e-02 3.037619953423962432e-02 3.037619953423962432e-02
1.003618943939795644e-01 1.003618943939795644e-01 1.750442502095448660e-01 1.012876914581566506e-01 1.759630140437057622e-01 1.012884915507115957e-01 1.759966682013252293e-01 1.013189335915621186e-01 1.971089616612396178e-01 1.225593140111717883e-01 8.028066299241940484e-01 8.986520579516104057e-01 8.028066299241947146e-01 1.225593140111714413e-01 1.971089616612388129e-01 1.013189335915618272e-01 1.759966682013248684e-01 1.012884915507115124e-01 1.759630140437059564e-01 1.012876914581564008e-01 1.750442502095447550e-01 1.003618943939794811e-01 1.003618943939794811e-01
1.658780894508243009e-01 1.658780894508243009e-01 2.393140527967929643e-01 1.734898216476701560e-01 2.466790957504905457e-01 1.735241338728628069e-01 2.473779548346051183e-01 1.740925248016629567e-01 3.224263682430301148e-01 2.508987858613385136e-01 6.765235625762316962e-01 8.253866026413770873e-01 6.765235625762324734e-01 2.508987858613375144e-01 3.224263682430288935e-01 1.740925248016623184e-01 2.473779548346043133e-01 1.735241338728625293e-01 2.466790957504893245e-01 1.734898216476691291e-01 2.393140527967919373e-01 1.658780894508240511e-01 1.658780894508240511e-01
1.973882272773434254e-01 1.973882272773434254e-01 2.149629788727393243e-01 2.246524048472386403e-01 2.395988596470579601e-01 2.250666640554357667e-01 2.447759757749832510e-01 2.288195284716636746e-01 3.885684971264774523e-01 3.820506847727050959e-01 6.054908346418581555e-01 7.680862850084286819e-01 6.054908346418594878e-01 3.820506847727039856e-01 3.885684971264760645e-01 2.288195284716631750e-01 2.447759757749828902e-01 2.250666640554350173e-01 2.395988596470566834e-01 2.246524048472369195e-01 2.149629788727383251e-01 1.973882272773426483e-01 1.973882272773426483e-01
1.979225386924191588e-01 1.979225386924191588e-01 1.621016423028899534e-01 2.567856127214538375e-01 2.075969367116792530e-01 2.592335812919814297e-01 2.284287071788578538e-01 2.729413524580358574e-01 4.125022844285421986e-01 4.843437747745735211e-01 5.669806649682026523e-01 7.180024039794421498e-01 5.669806649682025412e-01 4.843437747745729105e-01 4.125022844285409218e-01 2.729413524580349693e-01 2.284287071788572709e-01 2.592335812919798199e-01 2.075969367116785591e-01 2.567856127214522832e-01 1.621016423028892040e-01 1.979225386924189367e-01 1.979225386924189367e-01
1.890675207050021844e-01 1.890675207050021844e-01 1.493140924741165054e-01 2.779942410143475540e-01 1.984089128750740894e-01 2.870800625366417003e-01 2.529850817370839500e-01 3.210667746893632324e-01 4.296394920399750350e-01 5.471590358795992426e-01 5.206549953046293311e-01 6.641102727151494411e-01 5.206549953046296642e-01 5.471590358795987985e-01 4.296394920399739248e-01 3.210667746893624552e-01 2.529850817370840610e-01 2.870800625366407566e-01 1.984089128750737840e-01 2.779942410143463882e-01 1.493140924741162001e-01 1.890675207050015738e-01 1.890675207050015738e-01
1.864597281379616334e-01 1.864597281379616334e-01 1.771262899423848847e-01 2.893287978362362178e-01 2.031719593339766095e-01 3.133473437742482770e-01 3.049032521033808729e-01 3.768909886790416941e-01 4.466835201580006132e-01 5.790310651429128042e-01 4.611056360313804392e-01 6.112629916880485403e-01 4.611056360313802727e-01 5.790310651429118050e-01 4.466835201579991144e-01 3.768909886790405839e-01 3.049032521033813725e-01 3.133473437742470558e-01 2.031719593339767482e-01 2.893287978362357182e-01 1.771262899423847181e-01 1.864597281379604121e-01 1.864597281379604121e-01
1.905807881252959690e-01 1.905807881252959690e-01 2.000495647830692059e-01 2.896846746690855401e-01 1.995653265939740240e-01 3.380857465089143199e-01 3.403432087847519383e-01 4.329446521165245532e-01 4.464702825746273973e-01 5.918196040248233647e-01 4.128917305542836869e-01 5.721543711795872289e-01 4.128917305542831873e-01 5.918196040248232537e-01 4.464702825746259540e-01 4.329446521165238870e-01 3.403432087847518273e-01 3.380857465089122105e-01 1.995653265939739962e-01 2.896846746690837637e-01 2.000495647830689283e-01 1.905807881252952196e-01 1.905807881252952196e-01
1.951537347468842720e-01 1.951537347468842720e-01 1.959121977537847115e-01 2.849279140092552121e-01 2.004854013483496067e-01 3.628825125369783411e-01 3.470177710349680589e-01 4.800160910695591143e-01 4.210460407243777903e-01 5.909359173971506785e-01 3.904879856125354487e-01 5.519156506444777843e-01 3.904879856125353377e-01 5.909359173971496793e-01 4.210460407243769576e-01 4.800160910695586702e-01 3.470177710349680589e-01 3.628825125369782856e-01 2.004854013483494402e-01 2.849279140092546569e-01 1.959121977537845172e-01 1.951537347468832728e-01 1.951537347468832728e-01
1.972398008337228892e-01 1.972398008337228892e-01 1.861295934189907131e-01 2.860767768281715084e-01 2.304914470706607155e-01 3.913568900884164536e-01 3.439416931180195869e-01 5.140025972212115546e-01 3.830235616098683349e-01 5.786875163694114033e-01 3.822180654754997464e-01 5.460366457727876544e-01 3.822180654754984142e-01 5.786875163694112922e-01 3.830235616098671136e-01 5.140025972212116656e-01 3.439416931180188652e-01 3.913568900884159540e-01 2.304914470706607710e-01 2.860767768281703982e-01 1.861295934189907131e-01 1.972398008337226116e-01 1.972398008337226116e-01
1.984591785673294750e-01 1.984591785673294750e-01 1.966128649251602245e-01 3.000698266437614725e-01 2.787777222163091984e-01 4.256635516987686829e-01 3.417910851952465912e-01 5.359670270075713727e-01 3.483903678460472109e-01 5.603117185431751857e-01 3.713096611371152211e-01 5.478478698635068644e-01 3.713096611371136113e-01 5.603117185431758518e-01 3.483903678460464337e-01 5.359670270075723719e-01 3.417910851952465912e-01 4.256635516987691825e-01 2.787777222163094204e-01 3.000698266437600847e-01 1.966128649251606408e-01 1.984591785673289754e-01 1.984591785673289754e-01
2.013525082773051644e-01 2.013525082773051644e-01 2.257200774503171914e-01 3.265625046885296534e-01 3.096782200272772956e-01 4.640975891403275044e-01 3.328865705561487864e-01 5.483488476735486339e-01 3.217091264451679700e-01 5.432236631752701550e-01 3.560536207521984853e-01 5.525596932327593303e-01 3.560536207521974306e-01 5.432236631752713762e-01 3.217091264451676369e-01 5.483488476735495221e-01 3.328865705561479538e-01 4.640975891403280595e-01 3.096782200272777952e-01 3.265625046885292648e-01 2.257200774503172469e-01 2.013525082773038877e-01 2.013525082773038877e-01
2.083610092032720795e-01 2.083610092032720795e-01 2.565006988145705491e-01 3.629235042348696316e-01 3.119759442612875522e-01 5.014450191383250655e-01 3.140701068207136792e-01 5.523881177979960144e-01 3.007483324131883795e-01 5.323930058255627040e-01 3.429499987483902168e-01 5.560804208115022185e-01 3.429499987483890511e-01 5.323930058255635922e-01 3.007483324131869917e-01 5.523881177979963475e-01 3.140701068207128466e-01 5.014450191383257316e-01 3.119759442612877187e-01 3.629235042348693541e-01 2.565006988145708822e-01 2.083610092032712469e-01 2.083610092032712469e-01
2.233677635884640522e-01 2.233677635884640522e-01 2.820374612220327148e-01 4.075947237905734322e-01 3.079833358193764803e-01 5.315807107319673319e-01 2.948287875583316398e-01 5.490354328437642151e-01 2.866663569358312014e-01 5.287741040843231266e-01 3.308621276160768621e-01 5.548139243492401507e-01 3.308621276160767510e-01 5.287741040843235707e-01 2.866663569358295360e-01 5.490354328437647702e-01 2.948287875583310291e-01 5.315807107319687752e-01 3.079833358193769799e-01 4.075947237905738763e-01 2.820374612220328814e-01 2.233677635884639134e-01 2.233677635884639134e-01
2.511106228958802089e-01 2.511106228958802089e-01 3.062668681290071637e-01 4.576615123175641342e-01 3.130249153510081261e-01 5.505168034386057618e-01 2.810582872932445575e-01 5.411285402208011464e-01 2.834172568904707035e-01 5.312031577895952594e-01 3.122943867796848516e-01 5.479373549538664179e-01 3.122943867796850181e-01 5.312031577895953705e-01 2.834172568904695377e-01 5.411285402208019235e-01 2.810582872932433918e-01 5.505168034386067610e-01 3.130249153510077376e-01 4.576615123175650779e-01 3.062668681290087735e-01 2.511106228958805975e-01 2.511106228958805975e-01
2.935356713236251247e-01 2.935356713236251247e-01 3.282716083459660261e-01 5.068049225289347204e-01 3.131767625245173159e-01 5.575794385583093815e-01 2.693926703784407239e-01 5.333568944332267581e-01 2.895347342020502257e-01 5.376669279643090382e-01 2.866173858851552292e-01 5.382252221414377535e-01 2.866173858851555623e-01 5.376669279643087052e-01 2.895347342020486714e-01 5.333568944332289785e-01 2.693926703784394472e-01 5.575794385583110468e-01 3.131767625245169828e-01 5.068049225289366078e-01 3.282716083459660261e-01 2.935356713236249582e-01 2.935356713236249582e-01
3.469449647054035357e-01 3.469449647054035357e-01 3.380900854686011980e-01 5.474061058121096890e-01 2.930669619027945205e-01 5.547509608587224417e-01 2.615529198442319569e-01 5.298606998423767145e-01 2.951534026867385641e-01 5.448070810212297665e-01 2.628538971740233543e-01 5.298924151083925782e-01 2.628538971740229102e-01 5.448070810212284343e-01 2.951534026867367877e-01 5.298606998423781578e-01 2.615529198442305137e-01 5.547509608587229968e-01 2.930669619027944650e-01 5.474061058121106882e-01 3.380900854686018642e-01 3.469449647054045904e-01 3.469449647054045904e-01
4.029889469923428336e-01 4.029889469923428336e-01 3.275351803745930046e-01 5.735702373815986244e-01 2.650164569513482338e-01 5.460886901530703774e-01 2.677380060997554545e-01 5.322965438439484220e-01 2.890962996652806649e-01 5.484078117507110717e-01 2.487729605671129274e-01 5.262097325280298277e-01 2.487729605671122057e-01 5.484078117507107386e-01 2.890962996652786110e-01 5.322965438439493102e-01 2.677380060997547884e-01 5.460886901530719317e-01 2.650164569513476787e-01 5.735702373815997346e-01 3.275351803745944479e-01 4.029889469923432777e-01 4.029889469923432777e-01
4.524525705045943091e-01 4.524525705045943091e-01 2.986489613677835164e-01 5.825752115309955625e-01 2.548507229670171070e-01 5.371801764364274590e-01 2.879586649208602522e-01 5.397318427180700651e-01 2.694104944485772313e-01 5.461287949463640157e-01 2.432647357630847995e-01 5.287899339571104917e-01 2.432647357630839113e-01 5.461287949463634606e-01 2.694104944485755104e-01 5.397318427180711753e-01 2.879586649208586979e-01 5.371801764364292353e-01 2.548507229670167185e-01 5.825752115309971169e-01 2.986489613677844046e-01 4.524525705045947532e-01 4.524525705045947532e-01
4.886969461913753254e-01 4.886969461913753254e-01 2.617451767499405779e-01 5.753802488154630135e-01 2.703507547695085944e-01 5.332771979110851879e-01 3.029784607647298955e-01 5.492118630949205382e-01 2.467318072918590344e-01 5.397089559228616107e-01 2.407085475865372859e-01 5.371949638148243444e-01 2.407085475865369251e-01 5.397089559228619438e-01 2.467318072918584793e-01 5.492118630949212044e-01 3.029784607647282302e-01 5.332771979110876304e-01 2.703507547695082058e-01 5.753802488154652339e-01 2.617451767499402449e-01 4.886969461913765467e-01 4.886969461913765467e-01
