# L = 6 / J = 1 / lamb = 0.5
# particle_position = 2
# final_time = 10 / steps = 100
0.000000000000000000e+00 0.000000000000000000e+00 0.000000000000000000e+00 0.000000000000000000e+00 1.000000000000000000e+00 1.000000000000000000e+00 1.000000000000000000e+00 0.000000000000000000e+00 0.000000000000000000e+00 0.000000000000000000e+00 0.000000000000000000e+00
2.463144227407660421e-03 2.463144227407660421e-03 4.948628125219781647e-03 2.497852503402752701e-03 9.950513348905360989e-01 9.975368270102635826e-01 9.950513348905362099e-01 2.497852503402751400e-03 4.948628125219775575e-03 2.463144227407656518e-03 2.463144227407656518e-03
9.422057688365124625e-03 9.422057688365124625e-03 1.919396009222856109e-02 9.963636709875829667e-03 9.808037437945057446e-01 9.905761516058458893e-01 9.808037437945058556e-01 9.963636709875819258e-03 1.919396009222852292e-02 9.422057688365100339e-03 9.422057688365100339e-03
1.967045155803510970e-02 1.967045155803510970e-02 4.104969800011074033e-02 2.230024390713231802e-02 9.589254388893456715e-01 9.803100692875250655e-01 9.589254388893456715e-01 2.230024390713227292e-02 4.104969800011063624e-02 1.967045155803504725e-02 1.967045155803504725e-02
3.146495290761783248e-02 3.146495290761783248e-02 6.806608760247527534e-02 3.930698517089967897e-02 9.318037587523336773e-01 9.684324522137023328e-01 9.318037587523336773e-01 3.930698517089959571e-02 6.806608760247509493e-02 3.146495290761772146e-02 3.146495290761772146e-02
4.286937099390679407e-02 4.286937099390679407e-02 9.749260567227713281e-02 6.064330817659379508e-02 9.020539742417518214e-01 9.567705821062679750e-01 9.020539742417519324e-01 6.064330817659362161e-02 9.749260567227682750e-02 4.286937099390659284e-02 4.286937099390659284e-02
5.213583689800791593e-02 5.213583689800791593e-02 1.267853744589777787e-01 8.581260268201688912e-02 8.720023783246304561e-01 9.468937107067230130e-01 8.720023783246305671e-01 8.581260268201661157e-02 1.267853744589772791e-01 5.213583689800763837e-02 5.213583689800763837e-02
5.804733577989796417e-02 5.804733577989796417e-02 1.540542768665625895e-01 1.141828580836979495e-01 8.432612466400565276e-01 9.397858515788884981e-01 8.432612466400568607e-01 1.141828580836974499e-01 1.540542768665618956e-01 5.804733577989758947e-02 5.804733577989758947e-02
6.015477786095047019e-02 6.015477786095047019e-02 1.783574539512157997e-01 1.450485793807356760e-01 8.164873280932206656e-01 9.356529914384488222e-01 8.164873280932212207e-01 1.450485793807350099e-01 1.783574539512149393e-01 6.015477786095003304e-02 6.015477786095003304e-02
5.886385986214588001e-02 5.886385986214588001e-02 1.997833536777485486e-01 1.777235446032017774e-01 7.913684338287217956e-01 9.339019053458051944e-01 7.913684338287224618e-01 1.777235446032009447e-01 1.997833536777475494e-01 5.886385986214542898e-02 5.886385986214542898e-02
5.535782347349939986e-02 5.535782347349939986e-02 2.193061579061313937e-01 2.116417469230363890e-01 7.668271006405738000e-01 9.332873800206132886e-01 7.668271006405746881e-01 2.116417469230353066e-01 2.193061579061302835e-01 5.535782347349892107e-02 5.535782347349892107e-02
5.137530109592312183e-02 5.137530109592312183e-02 2.384495336543466792e-01 2.464380366400992228e-01 7.413804107848953606e-01 9.321869411395451444e-01 7.413804107848962488e-01 2.464380366400979738e-01 2.384495336543455135e-01 5.137530109592260835e-02 5.137530109592260835e-02
4.889084329505820337e-02 4.889084329505820337e-02 2.588354639824380077e-01 2.819822603014455198e-01 7.135628320137905600e-01 9.289361340925100796e-01 7.135628320137915592e-01 2.819822603014441875e-01 2.588354639824368419e-01 4.889084329505767601e-02 4.889084329505767601e-02
4.976363383411787356e-02 4.976363383411787356e-02 2.817200026569222637e-01 3.183506172772461729e-01 6.823112098997122787e-01 9.221487089935953563e-01 6.823112098997136110e-01 3.183506172772445075e-01 2.817200026569208759e-01 4.976363383411726987e-02 4.976363383411726987e-02
5.542383398877216705e-02 5.542383398877216705e-02 3.076203268685909209e-01 3.557333116749235025e-01 6.472280110020237620e-01 9.109557657861936386e-01 6.472280110020248722e-01 3.557333116749213930e-01 3.076203268685892556e-01 5.542383398877147316e-02 5.542383398877147316e-02
6.665552100024023374e-02 6.665552100024023374e-02 3.361166063004220605e-01 3.942949152301563065e-01 6.086745448041983586e-01 8.951223771499099424e-01 6.086745448041996909e-01 3.942949152301540305e-01 3.361166063004201732e-01 6.665552100023941495e-02 6.665552100023941495e-02
8.351294467898817686e-02 8.351294467898817686e-02 3.658724444324716885e-01 4.340189436895107167e-01 5.676898523481128667e-01 8.750322461039635735e-01 5.676898523481145320e-01 4.340189436895079966e-01 3.658724444324695235e-01 8.351294467898714990e-02 8.351294467898714990e-02
1.053779188319096255e-01 1.053779188319096255e-01 3.948678421266916816e-01 4.745766556450042861e-01 5.257715862691395570e-01 8.515619236882104870e-01 5.257715862691414443e-01 4.745766556450012330e-01 3.948678421266893501e-01 1.053779188319082794e-01 1.053779188319082794e-01
1.311369725511832285e-01 1.311369725511832285e-01 4.207900943001938732e-01 5.152586632034878988e-01 4.845827175643788176e-01 8.258882609277173881e-01 4.845827175643804829e-01 5.152586632034844571e-01 4.207900943001914862e-01 1.311369725511816464e-01 1.311369725511816464e-01
1.594336514769667534e-01 1.594336514769667534e-01 4.414919849423427078e-01 5.549955480414843212e-01 4.456568269915761604e-01 7.992812656944376926e-01 4.456568269915779923e-01 5.549955480414805464e-01 4.414919849423400988e-01 1.594336514769648661e-01 1.594336514769648661e-01
1.889388132009404420e-01 1.889388132009404420e-01 4.554116492938012350e-01 5.924724987123661801e-01 4.101650731879844525e-01 7.729285995183741154e-01 4.101650731879860623e-01 5.924724987123621833e-01 4.554116492937987926e-01 1.889388132009382770e-01 1.889388132009382770e-01
2.185821222266423336e-01 2.185821222266423336e-01 4.618583225249069946e-01 6.263183736801514190e-01 3.787846119486537044e-01 7.478208394689853655e-01 3.787846119486549812e-01 6.263183736801470891e-01 4.618583225249045521e-01 2.185821222266399466e-01 2.185821222266399466e-01
2.477005003482800061e-01 2.477005003482800061e-01 4.611008480899632667e-01 6.553286374309504891e-01 3.516792162989789694e-01 7.247045044082852661e-01 3.516792162989800241e-01 6.553286374309463813e-01 4.611008480899611572e-01 2.477005003482773970e-01 2.477005003482773970e-01
2.760806238337393248e-01 2.760806238337393248e-01 4.542436446465659139e-01 6.786708020279976772e-01 3.285764239818639854e-01 7.040898240487658555e-01 3.285764239818646515e-01 6.786708020279933473e-01 4.542436446465638600e-01 2.760806238337366603e-01 2.760806238337366603e-01
3.038974473087857620e-01 3.038974473087857620e-01 4.429262611055572174e-01 6.960238980134942910e-01 3.089079286127163759e-01 6.862881942625470577e-01 3.089079286127165425e-01 6.960238980134900721e-01 4.429262611055554966e-01 3.038974473087828754e-01 3.038974473087828754e-01
3.315733766829002116e-01 3.315733766829002116e-01 4.289249414384834758e-01 7.076194350820000922e-01 2.919737473488512869e-01 6.714530412831717365e-01 2.919737473488511204e-01 7.076194350819962064e-01 4.289249414384819770e-01 3.315733766828969920e-01 3.315733766828969920e-01
3.595981069692230081e-01 3.595981069692230081e-01 4.137570834093673988e-01 7.141756638913194788e-01 2.770948164123208657e-01 6.596063667585828627e-01 2.770948164123202551e-01 7.141756638913157040e-01 4.137570834093661221e-01 3.595981069692195664e-01 3.595981069692195664e-01
3.883542184241568496e-01 3.883542184241568496e-01 3.983863239672568723e-01 7.167427566015587281e-01 2.637293171984904094e-01 6.506471598931363731e-01 2.637293171984892992e-01 7.167427566015551754e-01 3.983863239672556511e-01 3.883542184241531858e-01 3.883542184241531858e-01
4.179879002578203995e-01 4.179879002578203995e-01 3.830979994545014589e-01 7.164967855151538334e-01 2.515405953755610602e-01 6.443510997046089095e-01 2.515405953755596169e-01 7.164967855151505027e-01 3.830979994545001821e-01 4.179879002578166247e-01 4.179879002578166247e-01
4.483497440514860877e-01 4.483497440514860877e-01 3.675691914584977016e-01 7.145301116935275365e-01 2.404152685208977847e-01 6.403781714188518936e-01 2.404152685208959805e-01 7.145301116935244279e-01 3.675691914584965914e-01 4.483497440514822019e-01 4.483497440514822019e-01
4.790114774892134664e-01 4.790114774892134664e-01 3.511064180667227141e-01 7.116832285958246684e-01 2.304372472500966496e-01 6.383033196468433923e-01 2.304372472500947899e-01 7.116832285958220039e-01 3.511064180667218260e-01 4.790114774892093585e-01 4.790114774892093585e-01
5.093457291042834401e-01 5.093457291042834401e-01 3.329807131855520574e-01 7.084498351322330301e-01 2.218271868379550205e-01 6.376759622233983960e-01 2.218271868379530498e-01 7.084498351322304766e-01 3.329807131855511693e-01 5.093457291042792212e-01 5.093457291042792212e-01
5.386419835695932523e-01 5.386419835695932523e-01 3.127657063668729531e-01 7.049671593327728747e-01 2.148588668821634073e-01 6.381009998899693780e-01 2.148588668821612702e-01 7.049671593327706542e-01 3.127657063668719539e-01 5.386419835695890335e-01 5.386419835695890335e-01
5.662258729280067460e-01 5.662258729280067460e-01 2.905855685361874441e-01 7.010828574847072225e-01 2.097657451718145383e-01 6.393221015416754582e-01 2.097657451718123456e-01 7.010828574847047800e-01 2.905855685361862228e-01 5.662258729280025271e-01 5.662258729280025271e-01
5.915517434146239095e-01 5.915517434146239095e-01 2.672056938772574552e-01 6.964735051968820034e-01 2.066530353772447204e-01 6.412820531463762075e-01 2.066530353772426110e-01 6.964735051968796720e-01 2.672056938772562340e-01 5.915517434146195797e-01 5.915517434146195797e-01
6.142486479445796732e-01 6.142486479445796732e-01 2.439424721949521591e-01 6.907814971064408782e-01 2.054322952077476949e-01 6.441371706399843244e-01 2.054322952077456965e-01 6.907814971064384357e-01 2.439424721949507990e-01 6.142486479445754544e-01 6.142486479445754544e-01
6.341143458755346130e-01 6.341143458755346130e-01 2.224175542970560082e-01 6.837382548232365798e-01 2.057948443785244941e-01 6.482128156498823124e-01 2.057948443785227455e-01 6.837382548232342483e-01 2.224175542970544817e-01 6.341143458755300610e-01 6.341143458755300610e-01
6.510664685932532336e-01 6.510664685932532336e-01 2.042233370372916190e-01 6.752504513267014730e-01 2.072355209687051503e-01 6.539022178943234564e-01 2.072355209687036237e-01 6.752504513266990305e-01 2.042233370372898149e-01 6.510664685932486817e-01 6.510664685932486817e-01
6.650708828223370617e-01 6.650708828223370617e-01 1.905889739918825154e-01 6.654388765776710901e-01 2.091286710636620083e-01 6.615270080330294400e-01 2.091286710636608703e-01 6.654388765776684256e-01 1.905889739918803782e-01 6.650708828223323987e-01 6.650708828223323987e-01
6.760718268480661042e-01 6.760718268480661042e-01 1.821343007034713912e-01 6.546322411652147899e-01 2.108451720106860050e-01 6.711906807038887646e-01 2.108451720106852278e-01 6.546322411652121254e-01 1.821343007034688655e-01 6.760718268480612192e-01 6.760718268480612192e-01
6.839458302423961911e-01 6.839458302423961911e-01 1.787736878745970204e-01 6.433270590859830884e-01 2.118860322876822966e-01 6.826618861821899253e-01 2.118860322876819913e-01 6.433270590859802018e-01 1.787736878745939395e-01 6.839458302423910840e-01 6.839458302423910840e-01
6.884929313142064133e-01 6.884929313142064133e-01 1.797904415042797244e-01 6.321280619908739018e-01 2.119991275046262669e-01 6.953207905536058497e-01 2.119991275046266277e-01 6.321280619908709042e-01 1.797904415042763659e-01 6.884929313142011953e-01 6.884929313142011953e-01
6.894669860018116658e-01 6.894669860018116658e-01 1.840566214407805268e-01 6.216818625146920407e-01 2.112449582966717532e-01 7.081888273287878510e-01 2.112449582966726136e-01 6.216818625146889321e-01 1.840566214407768075e-01 6.894669860018063368e-01 6.894669860018063368e-01
6.866353424540858619e-01 6.866353424540858619e-01 1.903356142389342476e-01 6.126119587498504160e-01 2.099869502491884254e-01 7.200426832865016724e-01 2.099869502491900353e-01 6.126119587498468633e-01 1.903356142389301398e-01 6.866353424540803108e-01 6.866353424540803108e-01
6.798500110438974176e-01 6.798500110438974176e-01 1.975854252798135424e-01 6.054584184996791851e-01 2.088005814360830159e-01 7.295922541642824166e-01 2.088005814360850421e-01 6.054584184996755214e-01 1.975854252798090460e-01 6.798500110438918664e-01 6.798500110438918664e-01
6.691097592210659695e-01 6.691097592210659695e-01 2.051840964976521797e-01 6.006229439580195173e-01 2.083190175930446641e-01 7.356854976740654362e-01 2.083190175930471622e-01 6.006229439580156315e-01 2.051840964976472392e-01 6.691097592210601963e-01 6.691097592210601963e-01
6.545957581584316287e-01 6.545957581584316287e-01 2.130231233560866966e-01 5.983204322592677871e-01 2.090541530462291242e-01 7.374956432665258355e-01 2.090541530462316222e-01 5.983204322592636792e-01 2.130231233560815063e-01 6.545957581584260776e-01 6.545957581584260776e-01
6.366712983085812683e-01 6.366712983085812683e-01 2.214527269640533813e-01 5.985410107565475313e-01 2.112438700439789319e-01 7.346504263510176269e-01 2.112438700439815131e-01 5.985410107565430904e-01 2.214527269640478579e-01 6.366712983085756061e-01 6.366712983085756061e-01
6.158462246022662345e-01 6.158462246022662345e-01 2.311033889116693718e-01 6.010300097134237962e-01 2.147738631242678553e-01 7.272775796813280014e-01 2.147738631242702700e-01 6.010300097134191333e-01 2.311033889116633488e-01 6.158462246022604614e-01 6.158462246022604614e-01
5.927161656665987932e-01 5.927161656665987932e-01 2.426399704631495291e-01 6.052951195906278725e-01 2.192044936626075247e-01 7.159611842882065424e-01 2.192044936626098006e-01 6.052951195906226545e-01 2.426399704631432563e-01 5.927161656665929090e-01 5.927161656665929090e-01
5.678927340567629933e-01 5.678927340567629933e-01 2.565196774243390654e-01 6.106481818016640251e-01 2.239037252186064086e-01 7.016235528579557457e-01 2.239037252186082128e-01 6.106481818016586960e-01 2.565196774243325151e-01 5.678927340567572202e-01 5.678927340567572202e-01
5.419421025543691428e-01 5.419421025543691428e-01 2.728198381370846581e-01 6.162830777438114138e-01 2.282543559308532755e-01 6.853616532762569769e-01 2.282543559308544689e-01 6.162830777438057517e-01 2.728198381370780523e-01 5.419421025543635917e-01 5.419421025543635917e-01
5.153456100427156183e-01 5.153456100427156183e-01 2.911784408555231907e-01 6.213821411988568189e-01 2.318776442441891905e-01 6.682727035242502778e-01 2.318776442441898011e-01 6.213821411988510457e-01 2.911784408555164738e-01 5.153456100427100672e-01 5.153456100427100672e-01
4.884886335943796620e-01 4.884886335943796620e-01 3.108569262536807765e-01 6.252341033120593083e-01 2.348050188822231876e-01 6.513006123112713430e-01 2.348050188822231599e-01 6.252341033120532021e-01 3.108569262536738931e-01 4.884886335943741109e-01 4.884886335943741109e-01
4.616751897003561478e-01 4.616751897003561478e-01 3.309006505878834825e-01 6.273401578060763262e-01 2.375396249039878616e-01 6.351259992666412613e-01 2.375396249039871677e-01 6.273401578060702199e-01 3.309006505878765991e-01 4.616751897003507077e-01 4.616751897003507077e-01
4.351582118924315901e-01 4.351582118924315901e-01 3.503471401465282353e-01 6.274840998714719120e-01 2.409785062144660650e-01 6.201112014244463122e-01 2.409785062144648160e-01 6.274840998714656948e-01 3.503471401465214630e-01 4.351582118924262055e-01 4.351582118924262055e-01
4.091713658325849545e-01 4.091713658325849545e-01 3.684221663789983836e-01 6.257486917840444640e-01 2.462065112427690161e-01 6.063010478446293483e-01 2.462065112427671565e-01 6.257486917840382468e-01 3.684221663789916112e-01 4.091713658325795144e-01 4.091713658325795144e-01
3.839487327115946869e-01 3.839487327115946869e-01 3.846706114898563178e-01 6.224722003132479031e-01 2.542126027187170401e-01 5.934719630194076334e-01 2.542126027187145421e-01 6.224722003132416859e-01 3.846706114898495454e-01 3.839487327115894688e-01 3.839487327115894688e-01
3.597235058392595497e-01 3.597235058392595497e-01 3.989901209677106375e-01 6.181532583176992945e-01 2.656057032926772421e-01 5.812164591102122468e-01 2.656057032926741335e-01 6.181532583176927442e-01 3.989901209677039762e-01 3.597235058392543872e-01 3.597235058392543872e-01
3.367045384129060404e-01 3.367045384129060404e-01 4.115640997894901565e-01 6.133248083031664910e-01 2.804115979443881912e-01 5.690468749631096834e-01 2.804115979443841944e-01 6.133248083031599407e-01 4.115640997894836062e-01 3.367045384129010444e-01 3.367045384129010444e-01
3.150378601329092421e-01 3.150378601329092421e-01 4.227186007015760749e-01 6.084253856248302839e-01 2.980124232003593665e-01 5.565009162152708688e-01 2.980124232003545925e-01 6.084253856248235115e-01 4.227186007015695246e-01 3.150378601329046901e-01 3.150378601329046901e-01
2.947666693024601492e-01 2.947666693024601492e-01 4.327477060811306675e-01 6.036964657236749687e-01 3.172511719570547117e-01 5.432321600165375131e-01 3.172511719570492161e-01 6.036964657236680853e-01 4.327477060811242282e-01 2.947666693024560969e-01 2.947666693024560969e-01
2.758058253511663227e-01 2.758058253511663227e-01 4.417593389004085269e-01 5.991281134556661891e-01 3.366768117500625879e-01 5.290714926976577415e-01 3.366768117500563151e-01 5.991281134556589727e-01 4.417593389004018101e-01 2.758058253511628810e-01 2.758058253511628810e-01
2.579445743596229246e-01 2.579445743596229246e-01 4.495868534683843398e-01 5.944636096963560323e-01 3.548650605289386806e-01 5.140505187820959554e-01 3.548650605289316307e-01 5.944636096963485938e-01 4.495868534683775675e-01 2.579445743596199825e-01 2.579445743596199825e-01
2.408845034693329057e-01 2.408845034693329057e-01 4.557936142470302987e-01 5.892601240729802292e-01 3.707278655749159935e-01 4.983847577114687843e-01 3.707278655749083884e-01 5.892601240729726797e-01 4.557936142470233598e-01 2.408845034693306020e-01 2.408845034693306020e-01
2.243101389230487963e-01 2.243101389230487963e-01 4.597730992049864351e-01 5.829902288285020440e-01 3.837279169173254956e-01 4.824217184829472926e-01 3.837279169173172799e-01 5.829902288284938283e-01 4.597730992049791077e-01 2.243101389230469367e-01 2.243101389230469367e-01
2.079796208802812685e-01 2.079796208802812685e-01 4.609221199022948134e-01 5.751610091186871720e-01 3.939421888237655822e-01 4.665652308025511896e-01 3.939421888237567559e-01 5.751610091186789564e-01 4.609221199022871529e-01 2.079796208802799917e-01 2.079796208802799917e-01
1.918151871341959858e-01 1.918151871341959858e-01 4.588454519247732177e-01 5.654254342015936352e-01 4.019622682816103021e-01 4.511915010382522850e-01 4.019622682816013648e-01 5.654254342015847534e-01 4.588454519247650021e-01 1.918151871341950421e-01 1.918151871341950421e-01
1.759700204670638091e-01 1.759700204670638091e-01 4.535407842208646345e-01 5.536645702266590474e-01 4.086659776682216028e-01 4.365736508927844373e-01 4.086659776682124989e-01 5.536645702266500546e-01 4.535407842208556972e-01 1.759700204670631984e-01 1.759700204670631984e-01
1.608505860663994591e-01 1.608505860663994591e-01 4.455152589868494051e-01 5.400275089460949696e-01 4.149305541147395582e-01 4.228299752210209483e-01 4.149305541147307319e-01 5.400275089460859768e-01 4.455152589868399682e-01 1.608505860663990428e-01 1.608505860663990428e-01
1.470817685929358687e-01 1.470817685929358687e-01 4.357982350967704588e-01 5.249257832362671516e-01 4.213718401489658927e-01 4.099071321341503094e-01 4.213718401489576215e-01 5.249257832362580478e-01 4.357982350967603558e-01 1.470817685929355911e-01 1.470817685929355911e-01
1.354143838667906941e-01 1.354143838667906941e-01 4.258363384512391936e-01 5.089876405060428377e-01 4.281826478889368959e-01 3.976033639257656183e-01 4.281826478889289023e-01 5.089876405060336229e-01 4.258363384512284799e-01 1.354143838667905553e-01 1.354143838667905553e-01
1.265883643052352348e-01 1.265883643052352348e-01 4.172820099937970539e-01 4.929829226548680388e-01 4.351106243687570263e-01 3.856292083693352857e-01 4.351106243687495323e-01 4.929829226548584353e-01 4.172820099937860072e-01 1.265883643052351237e-01 1.265883643052351237e-01
1.211769431043645678e-01 1.211769431043645678e-01 4.117107165051474005e-01 4.777311416344829920e-01 4.415721343888841521e-01 3.736949977489593122e-01 4.415721343888771577e-01 4.777311416344731665e-01 4.117107165051358542e-01 1.211769431043645401e-01 1.211769431043645401e-01
1.194445023823163254e-01 1.194445023823163254e-01 4.103200750098583982e-01 4.640047649185465306e-01 4.468577208102090248e-01 3.616073824459237196e-01 4.468577208102025300e-01 4.640047649185365386e-01 4.103200750098466298e-01 1.194445023823164087e-01 1.194445023823164087e-01
1.212512838673014820e-01 1.212512838673014820e-01 4.136725743239145214e-01 4.524383993755459743e-01 4.503592621137160190e-01 3.493531774792579814e-01 4.503592621137099128e-01 4.524383993755358713e-01 4.136725743239026976e-01 1.212512838673017318e-01 1.212512838673017318e-01
1.260311707495732347e-01 1.260311707495732347e-01 4.215400171503502214e-01 4.434536090421291044e-01 4.517464542591315135e-01 3.371497231542805451e-01 4.517464542591256849e-01 4.434536090421188903e-01 4.215400171503387861e-01 1.260311707495736511e-01 1.260311707495736511e-01
1.328551825029888334e-01 1.328551825029888334e-01 4.328918471283874636e-01 4.372084899703004846e-01 4.510405826409245034e-01 3.254472006258326000e-01 4.510405826409191188e-01 4.372084899702901595e-01 4.328918471283760838e-01 1.328551825029894162e-01 1.328551825029894162e-01
1.405756962319328618e-01 1.405756962319328618e-01 4.460430713595524010e-01 4.335798692597198079e-01 4.485692779139720532e-01 3.148787734547053296e-01 4.485692779139666686e-01 4.335798692597092607e-01 4.460430713595411323e-01 1.405756962319334447e-01 1.405756962319334447e-01
1.480283523871143425e-01 1.480283523871143425e-01 4.589448503938624579e-01 4.321830006237511457e-01 4.448249546802733323e-01 3.061663733580907709e-01 4.448249546802681698e-01 4.321830006237405986e-01 4.589448503938513557e-01 1.480283523871149531e-01 1.480283523871149531e-01
1.542541360933783190e-01 1.542541360933783190e-01 4.695683179867223278e-01 4.324285828266556941e-01 4.402792661471301439e-01 3.000001783365829899e-01 4.402792661471249258e-01 4.324285828266450360e-01 4.695683179867115031e-01 1.542541360933788186e-01 1.542541360933788186e-01
1.586967655073152905e-01 1.586967655073152905e-01 4.763070946427371277e-01 4.336106581335547605e-01 4.352171397018972931e-01 2.969157160277930974e-01 4.352171397018921861e-01 4.336106581335439913e-01 4.763070946427264141e-01 1.586967655073154571e-01 1.586967655073154571e-01
1.613324448730212024e-01 1.613324448730212024e-01 4.783129419160924156e-01 4.350130559180619416e-01 4.296441448033495591e-01 2.971928913214496593e-01 4.296441448033445076e-01 4.350130559180512835e-01 4.783129419160820350e-01 1.613324448730209804e-01 1.613324448730209804e-01
1.627004936315314398e-01 1.627004936315314398e-01 4.756863375555899776e-01 4.360181139067190181e-01 4.232943675677868778e-01 3.007965209369548587e-01 4.232943675677821038e-01 4.360181139067089151e-01 4.756863375555800966e-01 1.627004936315305239e-01 1.627004936315305239e-01
1.638224490422425517e-01 1.638224490422425517e-01 4.694698208321778643e-01 4.362003351191502398e-01 4.157320908024028094e-01 3.073697138398959749e-01 4.157320908023983130e-01 4.362003351191404699e-01 4.694698208321685939e-01 1.638224490422409141e-01 1.638224490422409141e-01
1.660202098752383559e-01 1.660202098752383559e-01 4.614326003662733711e-01 4.353894827348353536e-01 4.065107354092943326e-01 3.162815937709881342e-01 4.065107354092902248e-01 4.353894827348261387e-01 4.614326003662647668e-01 1.660202098752359134e-01 1.660202098752359134e-01
1.706657761955213681e-01 1.706657761955213681e-01 4.536818943331801246e-01 4.336919176239610874e-01 3.953361684071222126e-01 3.267211597035424853e-01 3.953361684071183269e-01 4.336919176239524831e-01 4.536818943331721865e-01 1.706657761955179820e-01 1.706657761955179820e-01
1.789112064215858389e-01 1.789112064215858389e-01 4.481790877630816849e-01 4.314651748967988087e-01 3.821832495568966426e-01 3.378209041632153631e-01 3.821832495568928678e-01 4.314651748967908151e-01 4.481790877630745795e-01 1.789112064215816478e-01 1.789112064215816478e-01
1.914536776604990609e-01 1.914536776604990609e-01 4.462663372143668705e-01 4.292482957060964055e-01 3.673328642495617968e-01 3.487882883183881511e-01 3.673328642495583551e-01 4.292482957060890225e-01 4.462663372143604867e-01 1.914536776604939816e-01 1.914536776604939816e-01
2.083851304853660269e-01 2.083851304853660269e-01 4.483137279407136133e-01 4.276584769156312471e-01 3.513247391531325592e-01 3.590212773366365240e-01 3.513247391531292840e-01 4.276584769156245858e-01 4.483137279407081732e-01 2.083851304853603370e-01 2.083851304853603370e-01
2.291595876917752739e-01 2.291595876917752739e-01 4.535754981968952992e-01 4.272718180864764626e-01 3.348491400724047939e-01 3.681865404680341736e-01 3.348491400724017408e-01 4.272718180864704673e-01 4.535754981968908583e-01 2.291595876917689734e-01 2.291595876917689734e-01
2.526870658297262207e-01 2.526870658297262207e-01 4.602994547508731382e-01 4.285104719087882152e-01 3.186185923525580166e-01 3.762456348826579422e-01 3.186185923525549080e-01 4.285104719087824421e-01 4.602994547508692524e-01 2.526870658297192818e-01 2.526870658297192818e-01
2.775361618921254325e-01 2.775361618921254325e-01 4.660758008365876726e-01 4.315585749561786644e-01 3.032631597864838269e-01 3.834245554314145710e-01 3.032631597864808293e-01 4.315585749561736129e-01 4.660758008365841754e-01 2.775361618921178830e-01 2.775361618921178830e-01
3.022038157200316322e-01 3.022038157200316322e-01 4.683536527338849065e-01 4.363241799984229896e-01 2.892793164840760101e-01 3.901334724301408485e-01 2.892793164840730680e-01 4.363241799984179936e-01 4.683536527338819089e-01 3.022038157200237496e-01 3.022038157200237496e-01
3.253958050756857734e-01 3.253958050756857734e-01 4.650100427877801312e-01 4.424549040195437377e-01 2.770384907923110762e-01 3.968537221125212899e-01 2.770384907923083562e-01 4.424549040195388527e-01 4.650100427877774112e-01 3.253958050756775022e-01 3.253958050756775022e-01
3.462587934670607881e-01 3.462587934670607881e-01 4.548390040119587585e-01 4.494035874331392955e-01 2.668361540674860088e-01 4.040157017980535725e-01 2.668361540674837329e-01 4.494035874331345215e-01 4.548390040119566491e-01 3.462587934670524059e-01 3.462587934670524059e-01
3.645150739027491205e-01 3.645150739027491205e-01 4.378431605097171109e-01 4.565300620058277414e-01 2.589455343321825920e-01 4.118926600786240733e-01 2.589455343321809822e-01 4.565300620058230230e-01 4.378431605097151125e-01 3.645150739027402942e-01 3.645150739027402942e-01
3.804723889744153764e-01 3.804723889744153764e-01 4.152548414970390622e-01 4.632187356043174775e-01 2.536382669439026238e-01 4.205312087991114334e-01 2.536382669439016802e-01 4.632187356043129256e-01 4.152548414970373969e-01 3.804723889744062171e-01 3.804723889744062171e-01
3.949086439313431174e-01 3.949086439313431174e-01 3.892779142183320773e-01 4.689902216920658895e-01 2.511486360189034706e-01 4.297308495184811172e-01 2.511486360189033040e-01 4.689902216920612821e-01 3.892779142183305785e-01 3.949086439313337915e-01 3.949086439313337915e-01
4.088587453465358790e-01 4.088587453465358790e-01 3.626095241416709136e-01 4.735881100706837987e-01 2.515835447346327913e-01 4.390740481021259134e-01 2.515835447346335685e-01 4.735881100706793578e-01 3.626095241416696924e-01 4.088587453465264421e-01 4.088587453465264421e-01
4.233519263361981144e-01 4.233519263361981144e-01 3.378553956098800382e-01 4.770275740964339262e-01 2.548076043463921025e-01 4.479979531450191121e-01 2.548076043463936013e-01 4.770275740964295963e-01 3.378553956098789279e-01 4.233519263361884555e-01 4.233519263361884555e-01
