# L = 8 / J = 1 / lamb = 0.7
# particle_position = 3
# final_time = 8 / steps = 35
0.000000000000000000e+00 0.000000000000000000e+00 0.000000000000000000e+00 0.000000000000000000e+00 0.000000000000000000e+00 0.000000000000000000e+00 1.000000000000000000e+00 1.000000000000000000e+00 1.000000000000000000e+00 0.000000000000000000e+00 0.000000000000000000e+00 0.000000000000000000e+00 0.000000000000000000e+00 0.000000000000000000e+00 0.000000000000000000e+00
2.359022278356927987e-02 2.359022278356927987e-02 4.596999824367620918e-02 2.360521887735993543e-02 4.773327817720929289e-02 2.535822084029064685e-02 9.522623617889718339e-01 9.763946311505672382e-01 9.522623617889718339e-01 2.535822084029063644e-02 4.773327817720930677e-02 2.360521887735997013e-02 4.596999824367623000e-02 2.359022278356926947e-02 2.359022278356926947e-02
7.382537508607410481e-02 7.382537508607410481e-02 1.324694629896510933e-01 7.463086673471813759e-02 1.560231658710643232e-01 9.769935856931770413e-02 8.437317190053935656e-01 9.253367939623019511e-01 8.437317190053935656e-01 9.769935856931769025e-02 1.560231658710644620e-01 7.463086673471819310e-02 1.324694629896512321e-01 7.382537508607410481e-02 7.382537508607410481e-02
1.106448183574570837e-01 1.106448183574570837e-01 1.709771435473803891e-01 1.175211206748679460e-01 2.591880425474369920e-01 2.025525795797152306e-01 7.385071644696569182e-01 8.818610213656817853e-01 7.385071644696566961e-01 2.025525795797153139e-01 2.591880425474372696e-01 1.175211206748680709e-01 1.709771435473804169e-01 1.106448183574570976e-01 1.106448183574570976e-01
1.138417054094503916e-01 1.138417054094503916e-01 1.438180476201484093e-01 1.399291605808198335e-01 3.265950795414775398e-01 3.158366617172849722e-01 6.631089484944964196e-01 8.560406612158251161e-01 6.631089484944965307e-01 3.158366617172851942e-01 3.265950795414779284e-01 1.399291605808197780e-01 1.438180476201483815e-01 1.138417054094503222e-01 1.138417054094503222e-01
9.680568617177739976e-02 9.680568617177739976e-02 1.136176184643906684e-01 1.584869233467856575e-01 3.736719484122416612e-01 4.179332286892092352e-01 5.957850189626706650e-01 8.279714706032904603e-01 5.957850189626704429e-01 4.179332286892093462e-01 3.736719484122419388e-01 1.584869233467855465e-01 1.136176184643904186e-01 9.680568617177727486e-02 9.680568617177727486e-02
8.586801107010195999e-02 8.586801107010195999e-02 1.354713778385938372e-01 1.940333071847901714e-01 4.173282171289415254e-01 5.050189183642292967e-01 5.132181444209065191e-01 7.783885606426764747e-01 5.132181444209067411e-01 5.050189183642295188e-01 4.173282171289420805e-01 1.940333071847899771e-01 1.354713778385934764e-01 8.586801107010190448e-02 8.586801107010190448e-02
9.544939028503793277e-02 9.544939028503793277e-02 1.979431718501339643e-01 2.534168649457730904e-01 4.459764465589256544e-01 5.818925641512655567e-01 4.243403903072232586e-01 7.115801695762460355e-01 4.243403903072233696e-01 5.818925641512656677e-01 4.459764465589265980e-01 2.534168649457728684e-01 1.979431718501336590e-01 9.544939028503794665e-02 9.544939028503794665e-02
1.248429334332999407e-01 1.248429334332999407e-01 2.586285075023684876e-01 3.319224237686246304e-01 4.395077780988823624e-01 6.461883402193659975e-01 3.535408811249699523e-01 6.474503891164016256e-01 3.535408811249703409e-01 6.461883402193666637e-01 4.395077780988835836e-01 3.319224237686242973e-01 2.586285075023682101e-01 1.248429334333000101e-01 1.248429334333000101e-01
1.698117684820300566e-01 1.698117684820300566e-01 3.033205227447395291e-01 4.207855230190757911e-01 3.991678500516548933e-01 6.855867076805099991e-01 3.091459724612025672e-01 6.027216011203198054e-01 3.091459724612032334e-01 6.855867076805105542e-01 3.991678500516564476e-01 4.207855230190754581e-01 3.033205227447392516e-01 1.698117684820298900e-01 1.698117684820298900e-01
2.284862500632833804e-01 2.284862500632833804e-01 3.443848093694342749e-01 5.088695313567415113e-01 3.439208619349525264e-01 6.908295381891103037e-01 2.812527122706829918e-01 5.847888045771263421e-01 2.812527122706838245e-01 6.908295381891108589e-01 3.439208619349536367e-01 5.088695313567410672e-01 3.443848093694338308e-01 2.284862500632830473e-01 2.284862500632830473e-01
2.975692215206704461e-01 2.975692215206704461e-01 3.796276555981821232e-01 5.835460308378271899e-01 2.886715337810230597e-01 6.670011653362373227e-01 2.611512888075391281e-01 5.945572237597885890e-01 2.611512888075396277e-01 6.670011653362380999e-01 2.886715337810242255e-01 5.835460308378266348e-01 3.796276555981818457e-01 2.975692215206699465e-01 2.975692215206699465e-01
3.701957124576395475e-01 3.701957124576395475e-01 3.855769381962247389e-01 6.346266918536088708e-01 2.409542508257319637e-01 6.309631879197034054e-01 2.485833668151456732e-01 6.252728932303025511e-01 2.485833668151463394e-01 6.309631879197037385e-01 2.409542508257330462e-01 6.346266918536084267e-01 3.855769381962246833e-01 3.701957124576389369e-01 3.701957124576389369e-01
4.399705383238884937e-01 4.399705383238884937e-01 3.522039118246252376e-01 6.574131946951993211e-01 2.115939075198004782e-01 6.007922990334642055e-01 2.416558202251865572e-01 6.601190455004164459e-01 2.416558202251871401e-01 6.007922990334644275e-01 2.115939075198015329e-01 6.574131946951990990e-01 3.522039118246257927e-01 4.399705383238875500e-01 4.399705383238875500e-01
5.033276511610259574e-01 5.033276511610259574e-01 2.997788920247078659e-01 6.531223202770110037e-01 2.103143618250341296e-01 5.882490480478673733e-01 2.323413533713129253e-01 6.791354347360610832e-01 2.323413533713134527e-01 5.882490480478674844e-01 2.103143618250349622e-01 6.531223202770112257e-01 2.997788920247083100e-01 5.033276511610255133e-01 5.033276511610255133e-01
5.557534675393827062e-01 5.557534675393827062e-01 2.530783142028769084e-01 6.285090520841651873e-01 2.301486033981282597e-01 5.967281823196315393e-01 2.165558824360134804e-01 6.726753108915730639e-01 2.165558824360138135e-01 5.967281823196317614e-01 2.301486033981288981e-01 6.285090520841654094e-01 2.530783142028776300e-01 5.557534675393822621e-01 5.557534675393822621e-01
5.889527509775116521e-01 5.889527509775116521e-01 2.164274891088912856e-01 5.942762531235412649e-01 2.513325608331217764e-01 6.208211740412967750e-01 2.009381250382911432e-01 6.472295837526994555e-01 2.009381250382914208e-01 6.208211740412973301e-01 2.513325608331222205e-01 5.942762531235418200e-01 2.164274891088918129e-01 5.889527509775115410e-01 5.889527509775115410e-01
5.953864839213970361e-01 5.953864839213970361e-01 1.853701822014598433e-01 5.615995981066599363e-01 2.644425521679735769e-01 6.471795024533888441e-01 1.934694956261128751e-01 6.182505086426399732e-01 1.934694956261130694e-01 6.471795024533891771e-01 2.644425521679739099e-01 5.615995981066606024e-01 1.853701822014600376e-01 5.953864839213973692e-01 5.953864839213973692e-01
5.748854195826951230e-01 5.748854195826951230e-01 1.685313922662448616e-01 5.382561695129801649e-01 2.766542439096571493e-01 6.607858928156040701e-01 1.924069994206550893e-01 5.993157631371417438e-01 1.924069994206554224e-01 6.607858928156046252e-01 2.766542439096573713e-01 5.382561695129806090e-01 1.685313922662446950e-01 5.748854195826953450e-01 5.748854195826953450e-01
5.344400856244371223e-01 5.344400856244371223e-01 1.806721309289590627e-01 5.257485181362546722e-01 2.903982260900311863e-01 6.548418264286769430e-01 1.921193101247551660e-01 5.965395609302489577e-01 1.921193101247556934e-01 6.548418264286773871e-01 2.903982260900313528e-01 5.257485181362551163e-01 1.806721309289586463e-01 5.344400856244376774e-01 5.344400856244376774e-01
4.822317238934116790e-01 4.822317238934116790e-01 2.196535853015506856e-01 5.193844137351362189e-01 2.914496048810453765e-01 6.341898154091456519e-01 1.971128996453373194e-01 6.074805151136077885e-01 1.971128996453379023e-01 6.341898154091463180e-01 2.914496048810454876e-01 5.193844137351368850e-01 2.196535853015502970e-01 4.822317238934124561e-01 4.822317238934124561e-01
4.244284734824378957e-01 4.244284734824378957e-01 2.663969580155359229e-01 5.131797012728037677e-01 2.703461736421537975e-01 6.080352223327701866e-01 2.202255503819865734e-01 6.229064369450434402e-01 2.202255503819869897e-01 6.080352223327711858e-01 2.703461736421540196e-01 5.131797012728045448e-01 2.663969580155357009e-01 4.244284734824386174e-01 4.244284734824386174e-01
3.672584694083591006e-01 3.672584694083591006e-01 3.072771480002338129e-01 5.053553851722296653e-01 2.433502618019111885e-01 5.805873146423681241e-01 2.644945825585459653e-01 6.337490839960742139e-01 2.644945825585463539e-01 5.805873146423692344e-01 2.433502618019115493e-01 5.053553851722305534e-01 3.072771480002335354e-01 3.672584694083596557e-01 3.672584694083596557e-01
3.180388940462344771e-01 3.180388940462344771e-01 3.428932348774481609e-01 4.971396790618699546e-01 2.340475533814724840e-01 5.492579432074997658e-01 3.157583454637253317e-01 6.391295716618980993e-01 3.157583454637256093e-01 5.492579432075015422e-01 2.340475533814727616e-01 4.971396790618708983e-01 3.428932348774482719e-01 3.180388940462347547e-01 3.180388940462347547e-01
2.810604318636806820e-01 2.810604318636806820e-01 3.730531978879744193e-01 4.870401101256816023e-01 2.391211473802374310e-01 5.108567433416748571e-01 3.592915888098552335e-01 6.440172004821769214e-01 3.592915888098554000e-01 5.108567433416770776e-01 2.391211473802375975e-01 4.870401101256827681e-01 3.730531978879746968e-01 2.810604318636809595e-01 2.810604318636809595e-01
2.532191599008833949e-01 2.532191599008833949e-01 3.868765909761718302e-01 4.705423226622120758e-01 2.312318829305325396e-01 4.686713232743396906e-01 3.960667479449877515e-01 6.467317379604398120e-01 3.960667479449871409e-01 4.686713232743420221e-01 2.312318829305326784e-01 4.705423226622136301e-01 3.868765909761728850e-01 2.532191599008836724e-01 2.532191599008836724e-01
2.261802216228591123e-01 2.261802216228591123e-01 3.747894248186295907e-01 4.466978180153031719e-01 1.971012791275617293e-01 4.323451463711830423e-01 4.327362364116124627e-01 6.333501724034826807e-01 4.327362364116114080e-01 4.323451463711850407e-01 1.971012791275618958e-01 4.466978180153047262e-01 3.747894248186306454e-01 2.261802216228593898e-01 2.261802216228593898e-01
1.944311590080110286e-01 1.944311590080110286e-01 3.422802193253974834e-01 4.211163599087516252e-01 1.561649058907453314e-01 4.095776446645599256e-01 4.620049814202937255e-01 5.895934571242160693e-01 4.620049814202928373e-01 4.095776446645617574e-01 1.561649058907458865e-01 4.211163599087532350e-01 3.422802193253983161e-01 1.944311590080113616e-01 1.944311590080113616e-01
1.619431009007276379e-01 1.619431009007276379e-01 3.062104780921847680e-01 3.995273678299773867e-01 1.367936806876843270e-01 3.985011204184564781e-01 4.688479438844150859e-01 5.182421798541482216e-01 4.688479438844145308e-01 3.985011204184582545e-01 1.367936806876849376e-01 3.995273678299786080e-01 3.062104780921852121e-01 1.619431009007281097e-01 1.619431009007281097e-01
1.409635300639309752e-01 1.409635300639309752e-01 2.838644492786895901e-01 3.815106636862823364e-01 1.488242346134270033e-01 3.900430455760794390e-01 4.555992409689150757e-01 4.427174264899346734e-01 4.555992409689148537e-01 3.900430455760806603e-01 1.488242346134275307e-01 3.815106636862828360e-01 2.838644492786891460e-01 1.409635300639316968e-01 1.409635300639316968e-01
1.424142531551195190e-01 1.424142531551195190e-01 2.877344639275222216e-01 3.639215984821160266e-01 1.866210161478688567e-01 3.780871807658719441e-01 4.416729494943117396e-01 3.913859397009309959e-01 4.416729494943119061e-01 3.780871807658725547e-01 1.866210161478691620e-01 3.639215984821156380e-01 2.877344639275214999e-01 1.424142531551203794e-01 1.424142531551203794e-01
1.644319502881061157e-01 1.644319502881061157e-01 3.182923351544954538e-01 3.464984132710010600e-01 2.440148560736341010e-01 3.657646452576672758e-01 4.313630618993276600e-01 3.754847075465631567e-01 4.313630618993278265e-01 3.657646452576670537e-01 2.440148560736341843e-01 3.464984132710001163e-01 3.182923351544944546e-01 1.644319502881074202e-01 1.644319502881074202e-01
1.899318448095274614e-01 1.899318448095274614e-01 3.530481266840135302e-01 3.295873023489246378e-01 3.124885617451268471e-01 3.614080533547174845e-01 4.016615829084230205e-01 3.822763764172488199e-01 4.016615829084235201e-01 3.614080533547168184e-01 3.124885617451265141e-01 3.295873023489235276e-01 3.530481266840126420e-01 1.899318448095287104e-01 1.899318448095287104e-01
1.992231990442824840e-01 1.992231990442824840e-01 3.559603757839324700e-01 3.104246714788397310e-01 3.741695508461460595e-01 3.700723175842393076e-01 3.377532039114530260e-01 3.917882143536627892e-01 3.377532039114535811e-01 3.700723175842384749e-01 3.741695508461456154e-01 3.104246714788382877e-01 3.559603757839314708e-01 1.992231990442835388e-01 1.992231990442835388e-01
1.886536165573808321e-01 1.886536165573808321e-01 3.160140003624971050e-01 2.879358257042693992e-01 4.134754366939372150e-01 3.899843498534992792e-01 2.647437879839777408e-01 3.980660144362503927e-01 2.647437879839784070e-01 3.899843498534983910e-01 4.134754366939368264e-01 2.879358257042678448e-01 3.160140003624963834e-01 1.886536165573815815e-01 1.886536165573815815e-01
1.757249560684977230e-01 1.757249560684977230e-01 2.722371143041229513e-01 2.704554082104487778e-01 4.343023145958208597e-01 4.150093793523784713e-01 2.211123211095698815e-01 4.102347976225455550e-01 2.211123211095704089e-01 4.150093793523774721e-01 4.343023145958204712e-01 2.704554082104472790e-01 2.722371143041227293e-01 1.757249560684980005e-01 1.757249560684980005e-01
