# L = 12 / J = 1 / lamb = 1
# particle_position = 5
# final_time = 4 / steps = 20
0.000000000000000000e+00 0.000000000000000000e+00 0.000000000000000000e+00 0.000000000000000000e+00 0.000000000000000000e+00 0.000000000000000000e+00 0.000000000000000000e+00 0.000000000000000000e+00 0.000000000000000000e+00 0.000000000000000000e+00 1.000000000000000000e+00 1.000000000000000000e+00 1.000000000000000000e+00 0.000000000000000000e+00 0.000000000000000000e+00 0.000000000000000000e+00 0.000000000000000000e+00 0.000000000000000000e+00 0.000000000000000000e+00 0.000000000000000000e+00 0.000000000000000000e+00 0.000000000000000000e+00 0.000000000000000000e+00
3.741050543174977150e-02 3.741050543174977150e-02 7.184287886749829433e-02 3.743715635188674812e-02 7.186949915447807258e-02 3.743715810563156415e-02 7.186972502028855792e-02 3.743737672546843670e-02 7.385680135283931302e-02 3.942664950108725613e-02 9.261414164664389936e-01 9.625624132163093094e-01 9.261414164664391047e-01 3.942664950108719368e-02 7.385680135283941017e-02 3.743737672546862405e-02 7.186972502028873833e-02 3.743715810563146701e-02 7.186949915447810033e-02 3.743715635188676893e-02 7.184287886749837759e-02 3.741050543174972293e-02 3.741050543174972293e-02
1.228682314149916466e-01 1.228682314149916466e-01 2.073835505288511294e-01 1.242357982685182438e-01 2.087374588520158336e-01 1.242372442982672270e-01 2.087876467302714201e-01 1.242815449198542421e-01 2.336637765287238044e-01 1.493616241749011198e-01 7.662117620221310377e-01 8.756763420587628799e-01 7.662117620221309267e-01 1.493616241749007034e-01 2.336637765287240820e-01 1.242815449198547695e-01 2.087876467302716976e-01 1.242372442982669634e-01 2.087374588520151397e-01 1.242357982685181050e-01 2.073835505288507686e-01 1.228682314149915911e-01 1.228682314149915911e-01
2.020459789281105478e-01 2.020459789281105478e-01 2.694845730043216592e-01 2.128746873702356268e-01 2.798400849312507321e-01 2.129337308544230201e-01 2.808531498138717164e-01 2.137152090269432425e-01 3.638589663828672438e-01 2.994409772704478279e-01 6.346491230763680047e-01 7.855780954018574125e-01 6.346491230763685598e-01 2.994409772704473838e-01 3.638589663828675769e-01 2.137152090269438531e-01 2.808531498138724380e-01 2.129337308544227148e-01 2.798400849312505656e-01 2.128746873702358211e-01 2.694845730043222698e-01 2.020459789281107976e-01 2.020459789281107976e-01
2.412948357567093194e-01 2.412948357567093194e-01 2.297118214644956746e-01 2.782320262780402786e-01 2.617396238673547759e-01 2.788995502971935991e-01 2.689345591338007657e-01 2.836749873555509116e-01 4.130841456313315008e-01 4.414110492528096619e-01 5.788905374122025327e-01 7.125682905408615708e-01 5.788905374122019776e-01 4.414110492528092178e-01 4.130841456313310012e-01 2.836749873555511892e-01 2.689345591338010433e-01 2.788995502971936546e-01 2.617396238673543318e-01 2.782320262780405562e-01 2.297118214644961465e-01 2.412948357567093194e-01 2.412948357567093194e-01
2.466525998515135543e-01 2.466525998515135543e-01 1.778264160172998154e-01 3.222282310751449774e-01 2.293477449564911286e-01 3.258735266599563363e-01 2.566284549519290414e-01 3.417174645405052780e-01 4.169064369050872187e-01 5.365672023150519498e-01 5.571347237295698474e-01 6.491742996029268298e-01 5.571347237295686261e-01 5.365672023150507286e-01 4.169064369050866636e-01 3.417174645405045563e-01 2.566284549519292080e-01 3.258735266599563918e-01 2.293477449564916282e-01 3.222282310751455325e-01 1.778264160173000374e-01 2.466525998515135265e-01 2.466525998515135265e-01
2.422116029889616884e-01 2.422116029889616884e-01 1.869754852904985665e-01 3.512638211529787724e-01 2.276072599405307706e-01 3.636453114557195443e-01 2.933904936967827726e-01 3.987066002926318853e-01 4.228569900038412488e-01 5.775238744222980225e-01 5.191685321717410817e-01 5.913985487522450679e-01 5.191685321717409707e-01 5.775238744222969123e-01 4.228569900038411933e-01 3.987066002926307196e-01 2.933904936967827726e-01 3.636453114557195443e-01 2.276072599405308261e-01 3.512638211529787724e-01 1.869754852904992326e-01 2.422116029889611333e-01 2.422116029889611333e-01
2.417517961744089783e-01 2.417517961744089783e-01 2.331467819117334639e-01 3.659107779377522851e-01 2.321772237801430216e-01 3.956567294430369253e-01 3.411362246965418676e-01 4.530965839848956622e-01 4.341089662770712954e-01 5.807422769837319310e-01 4.679683434781470863e-01 5.494924514480519218e-01 4.679683434781466977e-01 5.807422769837307097e-01 4.341089662770715729e-01 4.530965839848945520e-01 3.411362246965424228e-01 3.956567294430375914e-01 2.321772237801429384e-01 3.659107779377525071e-01 2.331467819117336582e-01 2.417517961744078958e-01 2.417517961744078958e-01
2.437504796080275926e-01 2.437504796080275926e-01 2.568668753803143301e-01 3.682730453574284413e-01 2.273060345214676925e-01 4.225875502808975614e-01 3.535398630917279683e-01 4.959879464986330921e-01 4.305334664694739355e-01 5.656840787689021433e-01 4.335235321375611184e-01 5.305884252868111606e-01 4.335235321375602302e-01 5.656840787689015881e-01 4.305334664694733249e-01 4.959879464986327591e-01 3.535398630917276352e-01 4.225875502808973394e-01 2.273060345214679423e-01 3.682730453574279417e-01 2.568668753803141080e-01 2.437504796080264824e-01 2.437504796080264824e-01
2.439207649733955152e-01 2.439207649733955152e-01 2.494903338546949900e-01 3.671997671851239819e-01 2.425056201074153595e-01 4.467971099284138714e-01 3.400274867015296021e-01 5.214544670720114850e-01 4.097915956000030557e-01 5.448880925476148329e-01 4.208386348972155688e-01 5.278887710904276442e-01 4.208386348972153468e-01 5.448880925476142778e-01 4.097915956000021120e-01 5.214544670720111519e-01 3.400274867015297131e-01 4.467971099284134828e-01 2.425056201074156093e-01 3.671997671851228162e-01 2.494903338546955174e-01 2.439207649733940719e-01 2.439207649733940719e-01
2.431952756635419044e-01 2.431952756635419044e-01 2.460542781146359548e-01 3.724587201394461422e-01 2.918440407617902688e-01 4.713455195974260992e-01 3.317247663551280978e-01 5.306606591038233178e-01 3.867806398312645944e-01 5.260197883324709833e-01 4.097694598618997763e-01 5.293304380305646761e-01 4.097694598618989992e-01 5.260197883324707613e-01 3.867806398312637062e-01 5.306606591038228737e-01 3.317247663551285419e-01 4.713455195974254330e-01 2.918440407617906573e-01 3.724587201394451985e-01 2.460542781146354552e-01 2.431952756635402391e-01 2.431952756635402391e-01
2.449271773542450459e-01 2.449271773542450459e-01 2.645926915836857019e-01 3.881504244155349892e-01 3.372815554352668332e-01 4.969482625467455672e-01 3.332792248851801364e-01 5.292064885007611297e-01 3.687586786241963677e-01 5.139171188022707559e-01 3.903926752710209502e-01 5.280963869737834715e-01 3.903926752710209502e-01 5.139171188022699788e-01 3.687586786241957570e-01 5.292064885007601305e-01 3.332792248851797479e-01 4.969482625467446790e-01 3.372815554352664447e-01 3.881504244155332684e-01 2.645926915836853688e-01 2.449271773542439357e-01 2.449271773542439357e-01
2.513485333837695013e-01 2.513485333837695013e-01 2.903009082762493809e-01 4.141138965066616939e-01 3.439338373418708295e-01 5.202930956736985246e-01 3.348224022362559782e-01 5.226734601435926164e-01 3.509055021921294593e-01 5.093928411381365429e-01 3.719908225709937510e-01 5.234131552890598504e-01 3.719908225709935290e-01 5.093928411381357657e-01 3.509055021921290707e-01 5.226734601435911731e-01 3.348224022362562002e-01 5.202930956736976364e-01 3.439338373418703299e-01 4.141138965066595845e-01 2.903009082762483262e-01 2.513485333837682245e-01 2.513485333837682245e-01
2.650223818722216573e-01 2.650223818722216573e-01 3.088243430466717232e-01 4.492655115641038810e-01 3.297317614058100088e-01 5.359094737731169289e-01 3.381638140050763353e-01 5.148636862084287058e-01 3.321646981251079045e-01 5.096043172207250782e-01 3.600115057697801935e-01 5.168426898796617541e-01 3.600115057697798604e-01 5.096043172207245231e-01 3.321646981251082931e-01 5.148636862084278176e-01 3.381638140050763908e-01 5.359094737731162628e-01 3.297317614058096757e-01 4.492655115641015495e-01 3.088243430466698358e-01 2.650223818722202695e-01 2.650223818722202695e-01
2.901024187554306355e-01 2.901024187554306355e-01 3.236634490249205021e-01 4.899681880790134336e-01 3.282822071721883117e-01 5.404957302309344458e-01 3.456409125069698773e-01 5.086982983546710635e-01 3.212800384266749631e-01 5.110631732423291940e-01 3.457986625384210644e-01 5.102774543408770125e-01 3.457986625384214530e-01 5.110631732423283058e-01 3.212800384266755183e-01 5.086982983546703974e-01 3.456409125069696553e-01 5.404957302309334466e-01 3.282822071721877011e-01 4.899681880790114352e-01 3.236634490249187257e-01 2.901024187554285261e-01 2.901024187554285261e-01
3.289118273809686910e-01 3.289118273809686910e-01 3.387701984357999740e-01 5.281869704916577479e-01 3.353353367641355165e-01 5.351629996866578143e-01 3.463652297934531887e-01 5.065494692016311307e-01 3.248251921272272691e-01 5.117806827647389811e-01 3.233988064992378564e-01 5.054116051623832595e-01 3.233988064992384115e-01 5.117806827647377599e-01 3.248251921272278242e-01 5.065494692016310196e-01 3.463652297934543545e-01 5.351629996866553718e-01 3.353353367641349059e-01 5.281869704916551944e-01 3.387701984357982532e-01 3.289118273809669701e-01 3.289118273809669701e-01
3.774841398838138518e-01 3.774841398838138518e-01 3.450439507300344100e-01 5.546597981050886972e-01 3.268480403351885499e-01 5.242621418548576440e-01 3.352669674043919912e-01 5.088943566382300165e-01 3.359742900053114267e-01 5.110683465606927767e-01 3.013011264844971393e-01 5.031393060044755394e-01 3.013011264844975834e-01 5.110683465606924436e-01 3.359742900053114267e-01 5.088943566382291284e-01 3.352669674043926018e-01 5.242621418548556456e-01 3.268480403351886610e-01 5.546597981050859216e-01 3.450439507300321340e-01 3.774841398838117423e-01 3.774841398838117423e-01
4.257423245914015442e-01 4.257423245914015442e-01 3.310898424639245330e-01 5.636350348770353680e-01 3.073716060354161339e-01 5.135118870889384679e-01 3.270984541950345825e-01 5.137622901151702726e-01 3.391520808252348473e-01 5.088486394214335462e-01 2.907648452862428012e-01 5.032897150502544381e-01 2.907648452862434674e-01 5.088486394214332131e-01 3.391520808252355135e-01 5.137622901151694954e-01 3.270984541950351376e-01 5.135118870889359144e-01 3.073716060354170221e-01 5.636350348770322594e-01 3.310898424639223681e-01 4.257423245914003229e-01 4.257423245914003229e-01
4.625755816344413462e-01 4.625755816344413462e-01 2.974549335959326135e-01 5.551321462799048145e-01 3.046798106935725836e-01 5.080980261807114262e-01 3.322717448680222452e-01 5.182673308051269911e-01 3.259096514029911629e-01 5.058443929807264761e-01 2.921107164790023858e-01 5.051133241438608978e-01 2.921107164790024413e-01 5.058443929807269202e-01 3.259096514029923286e-01 5.182673308051267691e-01 3.322717448680228003e-01 5.080980261807084286e-01 3.046798106935736938e-01 5.551321462799004847e-01 2.974549335959311702e-01 4.625755816344383486e-01 4.625755816344383486e-01
4.814698299107157409e-01 4.814698299107157409e-01 2.568091940638541626e-01 5.345781101130255841e-01 3.271370052261227124e-01 5.101137101229622495e-01 3.354100897109557611e-01 5.203022365051814813e-01 3.048340925494241183e-01 5.037669827832685909e-01 2.981947010564082734e-01 5.077226815594058085e-01 2.981947010564083844e-01 5.037669827832684799e-01 3.048340925494254505e-01 5.203022365051820364e-01 3.354100897109566493e-01 5.101137101229602511e-01 3.271370052261226014e-01 5.345781101130223645e-01 2.568091940638528858e-01 4.814698299107136870e-01 4.814698299107136870e-01
4.827222045760917735e-01 4.827222045760917735e-01 2.259271846717433030e-01 5.100963037747654472e-01 3.561200596219578074e-01 5.173568006163421495e-01 3.174072998473326246e-01 5.190795146166378160e-01 2.930051481938276137e-01 5.045254918402256594e-01 3.040827254128178336e-01 5.099807817872482607e-01 3.040827254128183332e-01 5.045254918402262145e-01 2.930051481938294455e-01 5.190795146166380380e-01 3.174072998473342344e-01 5.173568006163392630e-01 3.561200596219576409e-01 5.100963037747616724e-01 2.259271846717421373e-01 4.827222045760886648e-01 4.827222045760886648e-01
