# L = 8 / J = 1 / lamb = 0.5
# particle_position = 2
# final_time = 10 / steps = 100
0.000000000000000000e+00 0.000000000000000000e+00 0.000000000000000000e+00 0.000000000000000000e+00 1.000000000000000000e+00 1.000000000000000000e+00 1.000000000000000000e+00 0.000000000000000000e+00 0.000000000000000000e+00 0.000000000000000000e+00 0.000000000000000000e+00 0.000000000000000000e+00 0.000000000000000000e+00 0.000000000000000000e+00 0.000000000000000000e+00
2.463144227407660855e-03 2.463144227407660855e-03 4.948628125219785984e-03 2.497852503402754436e-03 9.950513348905357658e-01 9.975368270102638046e-01 9.950513348905646316e-01 2.497852503374038691e-03 4.948656826367222109e-03 2.463172934763714367e-03 4.913985568134576765e-03 2.463172868251942149e-03 4.913956800406846410e-03 2.463144160782726119e-03 2.463144160782726119e-03
9.422057688365126360e-03 9.422057688365126360e-03 1.919396009222856803e-02 9.963636709875829667e-03 9.808037437945056336e-01 9.905761516058460003e-01 9.808037438233419003e-01 9.963636681274467069e-03 1.919573551715893223e-02 9.423834671099161342e-03 1.865646080787030509e-02 9.423818058979656700e-03 1.865466870429505208e-02 9.422040964776815311e-03 9.422040964776815311e-03
1.967045155803510970e-02 1.967045155803510970e-02 4.104969800011071257e-02 2.230024390713229721e-02 9.589254388893660996e-01 9.803100692875447164e-01 9.589254404931972786e-01 2.230024233145432022e-02 4.106880134489409445e-02 1.968959349328742656e-02 3.846406679585714916e-02 1.968918473958894411e-02 3.844455119091362560e-02 1.967003677879603993e-02 1.967003677879603993e-02
3.146495290761779778e-02 3.146495290761779778e-02 6.806608760247516432e-02 3.930698517089961652e-02 9.318037587534421240e-01 9.684324522147507164e-01 9.318037858194835321e-01 3.930695889935624521e-02 6.816514007167706612e-02 3.156437251979849618e-02 6.045500704619422017e-02 3.156051300441729823e-02 6.035204030126878338e-02 3.146099565402134951e-02 3.146099565402134951e-02
4.286937099390671080e-02 4.286937099390671080e-02 9.749260567227696628e-02 6.064330817659366324e-02 9.020539742663515881e-01 9.567705821288523538e-01 9.020542102233872761e-01 6.064308221387064435e-02 9.783306286048584766e-02 4.321187959137402085e-02 8.052158137254351866e-02 4.319045371091012608e-02 8.015926814868701289e-02 4.284713493109577886e-02 4.284713493109577886e-02
5.213583689800774246e-02 5.213583689800774246e-02 1.267853744589814979e-01 8.581260268201895691e-02 8.720023786302677493e-01 9.468937109777733063e-01 8.720037251349606056e-01 8.581133057180011237e-02 1.276790153808144979e-01 5.303760285537691133e-02 9.524707084898570431e-02 5.295298831231361886e-02 9.426667201526664486e-02 5.204687179091671556e-02 5.204687179091671556e-02
5.804733577989772131e-02 5.804733577989772131e-02 1.540542768666675888e-01 1.141828580837699059e-01 8.432612491730775428e-01 9.397858537391551303e-01 8.432669546178678255e-01 1.141775333236199341e-01 1.559848830564826982e-01 6.000312909869536665e-02 1.026240411171730205e-01 5.973985832661139750e-02 1.004225418821461657e-01 5.776688938568518006e-02 5.776688938568518006e-02
6.015477786094870077e-02 6.015477786094870077e-02 1.783574539527954250e-01 1.450485793819170088e-01 8.164873436363967452e-01 9.356530041355490823e-01 8.165066920289760777e-01 1.450306931035823532e-01 1.819447911088168113e-01 6.380685035148196682e-02 1.024089782604380716e-01 6.312065981500569745e-02 9.811490478636640533e-02 5.941481743327077514e-02 5.941481743327077514e-02
5.886385986212865767e-02 5.886385986212865767e-02 1.997833536937721199e-01 1.777235446158549892e-01 7.913685093361695344e-01 9.339019642129797738e-01 7.914236120363740135e-01 1.776728919825639741e-01 2.056769934459293792e-01 6.490040868112012529e-02 9.604691431936462909e-02 6.334136734679426950e-02 8.855149834913260409e-02 5.716462893175926208e-02 5.716462893175926208e-02
5.535782347336422327e-02 5.535782347336422327e-02 2.193061580271055133e-01 2.116417470226263642e-01 7.668274045641263470e-01 9.332876053744053602e-01 7.669635590944555714e-01 2.115166893987096008e-01 2.280218712931140757e-01 6.435047228640235206e-02 8.621152932057538076e-02 6.117729142573489348e-02 7.425697287552687764e-02 5.186975814410969832e-02 5.186975814410969832e-02
5.137530109510315968e-02 5.137530109510315968e-02 2.384495343771753650e-01 2.464380372566433719e-01 7.413814577398883943e-01 9.321876768870200891e-01 7.416801345618078134e-01 2.461624291921903629e-01 2.501873622606277103e-01 6.358997934303731170e-02 7.610073304911582626e-02 5.769059446853077450e-02 5.840784248800395817e-02 4.485128746802286015e-02 4.485128746802286015e-02
4.889084329113686789e-02 4.889084329113686789e-02 2.588354675481671641e-01 2.819822634403347239e-01 7.135659932030998798e-01 9.289382316213232738e-01 7.141574372558383565e-01 2.814308055566341893e-01 2.733359129317457503e-01 6.412361559723743498e-02 6.868045735892921999e-02 5.396150075912628519e-02 4.408220714712594857e-02 3.761305560439154316e-02 3.761305560439154316e-02
4.976363381929633373e-02 4.976363381929633373e-02 2.817200176335424855e-01 3.183506308367860527e-01 6.823197292275042791e-01 9.221540228662552519e-01 6.833900174399984984e-01 3.173364204160049606e-01 2.982149808133907065e-01 6.725528192566052055e-02 6.606830672141469907e-02 5.086253836175642917e-02 3.361006702747591779e-02 3.154712892831698645e-02 3.154712892831698645e-02
5.542383394619068704e-02 5.542383394619068704e-02 3.076203816914848121e-01 3.557333625344148986e-01 6.472487943708332692e-01 9.109678863556869288e-01 6.490349177479836085e-01 3.540033202272225843e-01 3.249156707207145889e-01 7.389193911457511699e-02 6.919704941259616215e-02 4.892757761813617406e-02 2.817136076648616219e-02 2.768997402808297606e-02 2.768997402808297606e-02
6.665552092400973960e-02 6.665552092400973960e-02 3.361167844075981792e-01 3.942950837956448740e-01 6.087209576404326583e-01 8.951475096518312080e-01 6.114880862033746922e-01 3.915397873478353441e-01 3.528072668834010273e-01 8.445380930476757697e-02 7.781260873070874884e-02 4.833739230746573329e-02 2.771532810409355063e-02 2.657363067318701394e-02 2.657363067318701394e-02
8.351294472914061462e-02 8.351294472914061462e-02 3.658729654532316689e-01 4.340194441816520587e-01 5.677855896919710155e-01 8.750799436448486457e-01 5.717837548813535786e-01 4.299026137009411830e-01 3.806497337954345417e-01 9.889288183324743131e-02 9.076755375219366928e-02 4.900934405729225757e-02 3.118761798461703802e-02 2.819186382067245464e-02 2.819186382067245464e-02
1.053779200038551800e-01 1.053779200038551800e-01 3.948692307358169229e-01 4.745780016716922844e-01 5.259553369116214405e-01 8.516451206558592890e-01 5.313582204875841875e-01 4.687867871340202774e-01 4.068437010192189618e-01 1.167973014920129782e-01 1.064953735208992724e-01 5.075007412608574520e-02 3.697442960265810707e-02 3.207490224922776578e-02 3.207490224922776578e-02
1.311369789255868723e-01 1.311369789255868723e-01 4.207934988212704841e-01 5.152619721837732314e-01 4.849128518239855801e-01 8.260218227896471976e-01 4.917481840209609878e-01 5.075726701149912978e-01 4.297482959290254145e-01 1.375438095934043148e-01 1.235128659053577882e-01 5.341488648667683248e-02 4.342558269899279844e-02 3.744414085115806146e-02 3.744414085115806146e-02
1.594336766269657257e-01 1.594336766269657257e-01 4.414997257756088644e-01 5.550030411543469544e-01 4.462147985590431687e-01 7.994782225824619282e-01 4.543022174121224555e-01 5.453496390099334956e-01 4.479875140279677148e-01 1.604562180773288493e-01 1.408058290371145826e-01 5.702005354411278371e-02 4.931130083621165089e-02 4.340474812953119821e-02 4.340474812953119821e-02
1.889388962431242103e-01 1.889388962431242103e-01 4.554280827817436261e-01 5.924882330229341854e-01 4.110558153123774483e-01 7.731935420893720767e-01 4.199716925108927246e-01 5.810159531484034856e-01 4.606762827015172812e-01 1.849340383743167116e-01 1.580014528141192587e-01 6.177335859417659725e-02 5.409961042085534300e-02 4.913159999792503230e-02 4.913159999792503230e-02
2.185823639270602914e-01 2.185823639270602914e-01 4.618910861470921780e-01 6.263491911955261227e-01 3.801321406468112230e-01 7.481407465563107984e-01 3.892198189944718889e-01 6.134346409072635176e-01 4.675235204768833364e-01 2.105285973768522556e-01 1.753026659086125982e-01 6.801731052700678293e-02 5.800090213637592446e-02 5.401166048404505704e-02 5.401166048404505704e-02
2.477011369855001144e-01 2.477011369855001144e-01 4.611624956417746946e-01 6.553852341667874004e-01 3.536161137490586581e-01 7.250384927695354698e-01 3.620531273670170025e-01 6.416102221232830027e-01 4.688033087029202517e-01 2.369599069330337870e-01 1.932327012073570272e-01 7.610892721694664798e-02 6.179489590685689759e-02 5.772079407809570240e-02 5.772079407809570240e-02
2.760821657631757908e-01 2.760821657631757908e-01 4.543535785746722344e-01 6.787687254540735182e-01 3.312269453185476276e-01 7.043606514021976128e-01 3.381485218156793926e-01 6.648454975187371163e-01 4.652175747851121090e-01 2.640821311744848687e-01 2.122909165846111890e-01 8.628022407790525428e-02 6.651336707570018603e-02 6.023061759490296735e-02 6.023061759490296735e-02
3.039009186102922255e-01 3.039009186102922255e-01 4.431127277212438820e-01 6.961842004917644378e-01 3.123660706971218559e-01 6.863792498181906510e-01 3.170287501104653849e-01 6.828429225622892895e-01 4.576965189868137385e-01 2.918158621016918031e-01 2.326394047592979797e-01 9.852844649280458056e-02 7.308436052327904608e-02 6.175687562853955648e-02 6.175687562853955648e-02
3.315806984013609515e-01 3.315806984013609515e-01 4.292266931306825128e-01 7.078686697667391226e-01 2.962794648582240953e-01 6.712143831356359724e-01 2.982337769094007829e-01 6.957294691649706930e-01 4.471916966139076188e-01 3.200702677264535834e-01 2.539211303833876499e-01 1.125739276737070527e-01 8.204349755640968911e-02 6.267148443474601649e-02 6.267148443474601649e-02
3.596126641013898118e-01 3.596126641013898118e-01 4.142241675930387612e-01 7.145449213440628888e-01 2.822132337245953360e-01 6.588716899374846836e-01 2.814445723159160195e-01 7.040030319756765964e-01 4.345106182400040318e-01 3.486775528442335181e-01 2.752624410796129517e-01 1.279008048031763378e-01 9.338831470078770569e-02 6.340413951128201497e-02 6.340413951128201497e-02
3.883816339609308388e-01 3.883816339609308388e-01 3.990793838583041597e-01 7.172655058627477320e-01 2.695387479924516438e-01 6.492605050821809165e-01 2.665348951232170416e-01 7.084169485285065626e-01 4.202242478560065386e-01 3.773569741091966634e-01 2.954520672388552538e-01 1.438695826546776413e-01 1.066033863741209231e-01 6.435648563886886553e-02 6.435648563886886553e-02
4.180370030912495816e-01 4.180370030912495816e-01 3.840855259591877680e-01 7.172054040712303458e-01 2.578349659472035649e-01 6.421984047698336973e-01 2.535493025235506237e-01 7.098322524177143045e-01 4.046557724701993486e-01 4.057172672249150791e-01 3.132341465914099121e-01 1.598690334970407634e-01 1.208325705526745592e-01 6.584417552252332106e-02 6.584417552252332106e-02
4.484336593349292910e-01 4.484336593349292910e-01 3.689223983334456447e-01 7.154511819638371684e-01 2.469248337816609684e-01 6.374156823679011374e-01 2.426253643079521738e-01 7.090719373636329426e-01 3.879371784510448062e-01 4.332964752067974823e-01 3.276203517524260977e-01 1.754642780083920939e-01 1.351349364759401039e-01 6.807244726260389123e-02 6.807244726260389123e-02
4.791486915262779256e-01 4.791486915262779256e-01 3.528918430738489653e-01 7.128319730048551239e-01 2.368682677966992278e-01 6.345737078796125363e-01 2.338901712251147402e-01 7.068073628028174182e-01 3.701051022813917624e-01 4.596287553849681684e-01 3.381243072717229903e-01 1.905003991944900499e-01 1.487430170847634237e-01 7.114191067961596338e-02 7.114191067961596338e-02
5.095608968459108823e-01 5.095608968459108823e-01 3.352512429072534994e-01 7.098244610991357728e-01 2.279168562071005599e-01 6.333045248515227765e-01 2.273637588601015447e-01 7.034959391017108210e-01 3.512022348982388742e-01 4.843207964304578894e-01 3.448490566377733768e-01 2.051348591801694377e-01 1.612490615510163150e-01 7.507511715844711331e-02 7.507511715844711331e-02
5.389661742341504969e-01 5.389661742341504969e-01 3.155513838241709168e-01 7.065443129024000513e-01 2.204370016600692428e-01 6.332684598685719424e-01 2.228959193624922008e-01 6.993749641757989188e-01 3.313552699866822993e-01 5.071176749543443441e-01 3.484056008209227562e-01 2.197924980590491573e-01 1.726726154119525014e-01 7.985212604331538844e-02 7.985212604331538844e-02
5.666959140853868870e-01 5.666959140853868870e-01 2.938861154439685874e-01 7.028156526489793832e-01 2.148106861825888059e-01 6.342163159213302093e-01 2.201510309440953272e-01 6.945030012449103785e-01 3.108122523598971787e-01 5.279401723510266375e-01 3.496923618139119450e-01 2.350577570685618012e-01 1.834011573018429764e-01 8.544441344994481435e-02 8.544441344994481435e-02
5.922083556544603944e-01 5.922083556544603944e-01 2.709869811867227085e-01 6.982934500465521888e-01 2.113271361092141643e-01 6.360369058939642217e-01 2.186418745098612226e-01 6.888308749184588464e-01 2.899367759311342607e-01 5.468824028354078992e-01 3.496060974611980843e-01 2.515341683215377988e-01 1.940325778631037390e-01 9.183994298304440362e-02 9.183994298304440362e-02
6.151331879039305672e-01 6.151331879039305672e-01 2.481390436831912294e-01 6.926048819247601074e-01 2.100834438965014928e-01 6.387715683811667766e-01 2.178014930870428578e-01 6.822810541390016414e-01 2.691691702566407773e-01 5.641684931322346053e-01 3.487726453629081957e-01 2.697072559037700934e-01 2.051733795377402858e-01 9.905648561178240219e-02 9.905648561178240219e-02
6.352642102733259133e-01 6.352642102733259133e-01 2.269426628347095964e-01 6.854762254706328051e-01 2.109153108575842761e-01 6.425848654195618348e-01 2.170743980438355480e-01 6.748168063943460471e-01 2.489721648960953049e-01 5.800775624205922743e-01 3.473765804377361155e-01 2.898428756379869409e-01 2.172534455191748592e-01 1.071439299428994796e-01 1.071439299428994796e-01
6.525095492917598605e-01 6.525095492917598605e-01 2.089868165834402047e-01 6.768204040324760085e-01 2.133777811249777667e-01 6.476926861791898471e-01 2.160057850873235707e-01 6.664892892616660625e-01 2.297791940457144799e-01 5.948547032490902886e-01 3.451363992616330867e-01 3.119407467901448294e-01 2.304068116289215151e-01 1.161784928625694824e-01 1.161784928625694824e-01
6.668198646867043999e-01 6.668198646867043999e-01 1.955217842802066397e-01 6.667735750611846202e-01 2.167883847253707641e-01 6.542618767936072555e-01 2.143095381362293828e-01 6.574589789782336879e-01 2.119584210913034450e-01 6.086298374477068229e-01 3.414268875725275931e-01 3.357467482663201719e-01 2.444432919586798925e-01 1.262522498929589398e-01 1.262522498929589398e-01
6.781195124799432872e-01 6.781195124799432872e-01 1.872169825564074241e-01 6.556828049244769474e-01 2.203318149787765745e-01 6.623053888578238624e-01 2.119014670467193606e-01 6.479948017717489517e-01 1.957973387404487453e-01 6.213650174221756473e-01 3.355067995283393945e-01 3.608124644435423134e-01 2.589067167564145233e-01 1.374606857296585272e-01 1.374606857296585272e-01
6.862629538972433441e-01 6.862629538972433441e-01 1.840645461540303396e-01 6.440570720381122438e-01 2.232089102453897467e-01 6.716006936574907549e-01 2.088919053263940673e-01 6.384581550949893769e-01 1.815046984223034066e-01 6.328441348988973481e-01 3.267807083186322625e-01 3.865806189978056584e-01 2.731911270561242500e-01 1.498897756631808742e-01 1.498897756631808742e-01
6.910299696683712689e-01 6.910299696683712689e-01 1.854483324316528181e-01 6.324983977133371571e-01 2.247979554630531729e-01 6.816554262547929177e-01 2.055399934875539736e-01 6.292791348490343051e-01 1.692213085259156036e-01 6.427086669237722649e-01 3.150168545363132289e-01 4.124725025667053124e-01 2.866734093314926568e-01 1.636031852442982881e-01 1.636031852442982881e-01
6.921611804730385398e-01 6.921611804730385398e-01 1.903530362020345590e-01 6.216288249340351513e-01 2.247882986053474919e-01 6.917336089032199986e-01 2.021794274004976855e-01 6.209295202663649427e-01 1.590303161628237871e-01 6.505316936312456333e-01 3.004590203529909909e-01 4.379578528448059282e-01 2.988222046490119355e-01 1.786299502864621136e-01 1.786299502864621136e-01
6.894234579784379591e-01 6.894234579784379591e-01 1.976515271678559449e-01 6.120241199491985862e-01 2.232487843114271675e-01 7.009410721800746202e-01 1.991311303480781114e-01 6.138931606730277935e-01 1.509606568688869888e-01 6.559130211129942101e-01 2.838039814761357249e-01 4.625964123932396754e-01 3.092564915299563788e-01 1.949534669561193145e-01 1.949534669561193145e-01
6.826862893607575922e-01 6.826862893607575922e-01 2.063901954091399982e-01 6.041592433688462993e-01 2.206074201543190283e-01 7.083538490855026959e-01 1.966213641003312362e-01 6.086314082996551189e-01 1.449826988903252789e-01 6.585733954584227501e-01 2.660562258596183560e-01 4.860501566342572133e-01 3.177474013539934306e-01 2.125033944208482573e-01 2.125033944208482573e-01
6.719871988274638275e-01 6.719871988274638275e-01 2.159964701288747402e-01 5.983663464941206822e-01 2.175412423067177303e-01 7.131624800237481576e-01 1.947235568443029252e-01 6.055407806356289946e-01 1.410003090896904121e-01 6.584267461284181167e-01 2.483062912741509087e-01 5.080728665356043505e-01 3.241764236017899981e-01 2.311525821140611170e-01 2.311525821140611170e-01
6.575674851191232184e-01 6.575674851191232184e-01 2.263577321905405060e-01 5.948046254325778381e-01 2.148005874203278154e-01 7.148012889354630195e-01 1.933382219223055420e-01 6.049027222542668891e-01 1.388464454273539705e-01 6.556156614942221239e-01 2.314984368685452099e-01 5.284875185799207120e-01 3.284758970737153838e-01 2.507208955376970527e-01 2.507208955376970527e-01
6.398676753747547519e-01 6.398676753747547519e-01 2.377588099566260715e-01 5.934425911171319346e-01 2.130123980524250005e-01 7.130356374832161892e-01 1.922179339526597919e-01 6.068304326450402186e-01 1.382887826273982157e-01 6.505048355218097100e-01 2.162526331965283488e-01 5.471617176017283812e-01 3.305800560105259245e-01 2.709866501065059108e-01 2.709866501065059108e-01
6.194828048833505019e-01 6.194828048833505019e-01 2.507050135501992516e-01 5.940556947872100979e-01 2.125160478549430187e-01 7.079904970866421898e-01 1.910343668672708772e-01 6.112232684783234227e-01 1.390480715116884092e-01 6.436371602084873800e-01 2.027864051609404306e-01 5.639882987608475506e-01 3.304070940157005087e-01 2.917044976236462528e-01 2.917044976236462528e-01
5.970879233146385578e-01 5.970879233146385578e-01 2.656880187113047631e-01 5.962437655397981873e-01 2.132787827530593927e-01 7.001172398786854600e-01 1.894737257572380318e-01 6.177426403092959317e-01 1.408264839188106965e-01 6.356647520787496175e-01 1.909506851183653264e-01 5.788741136860348080e-01 3.278782641247606211e-01 3.126266140490974177e-01 3.126266140490974177e-01
5.733513851914101567e-01 5.733513851914101567e-01 2.829647509935405147e-01 5.994717296307350285e-01 2.149170682952767364e-01 6.901085937927111669e-01 1.873380774533767723e-01 6.258224122854640914e-01 1.433383728121931655e-01 6.272707728682653805e-01 1.803604243111870675e-01 5.917365819733750865e-01 3.229644532489843733e-01 3.335226268980850395e-01 3.335226268980850395e-01
5.488557783105934007e-01 5.488557783105934007e-01 3.024119292723327357e-01 6.031330633187240720e-01 2.168203431784394564e-01 6.787811175565076072e-01 1.846258277875203468e-01 6.347207875980013236e-01 1.463337981976430835e-01 6.190971290506918079e-01 1.705751581165718123e-01 6.025057881607394084e-01 3.157394870659697705e-01 3.541934980756534790e-01 3.541934980756534790e-01
5.240434491250210991e-01 5.240434491250210991e-01 3.234941768956052788e-01 6.066292621064828250e-01 2.183435021754331351e-01 6.669486786359067887e-01 1.815669701089425159e-01 6.436107031901571185e-01 1.496069756470093381e-01 6.116889985701503551e-01 1.612739700605408111e-01 6.111297684463540270e-01 3.064163740583920048e-01 3.744757976773335217e-01 3.744757976773335217e-01
4.991965725457363501e-01 4.991965725457363501e-01 3.453494391870308711e-01 6.094523243947223001e-01 2.190130680248455197e-01 6.553092807826212951e-01 1.785982684990376490e-01 6.516947876863503630e-01 1.529871592689790172e-01 6.054613822788523780e-01 1.523754653964592976e-01 6.175814785515705285e-01 2.953485789150366303e-01 3.942352514341036507e-01 3.942352514341036507e-01
4.744526850696837439e-01 4.744526850696837439e-01 3.669620162045073575e-01 6.112533206341745906e-01 2.186863598381631468e-01 6.443624841844346474e-01 1.762786583379458427e-01 6.583225933623313431e-01 1.563165750630953754e-01 6.006873395686905814e-01 1.440734016450786192e-01 6.218668258000303872e-01 2.829909432165827465e-01 4.133514706825344165e-01 4.133514706825344165e-01
4.498480471274143300e-01 4.498480471274143300e-01 3.873702923583153823e-01 6.118805318094679979e-01 2.176153262032322899e-01 6.343674494370903361e-01 1.751621997616181481e-01 6.630850406661475960e-01 1.594261774893009909e-01 5.975035938524470014e-01 1.367855722475534441e-01 6.240333748603055231e-01 2.698295582284320204e-01 4.316984828501714833e-01 4.316984828501714833e-01
4.253753085155638214e-01 4.253753085155638214e-01 4.058493046959530393e-01 6.113760775807228764e-01 2.163938827566264655e-01 6.253440516343116151e-01 1.756600067164263146e-01 6.658649250600758851e-01 1.621225816701565292e-01 5.959273857039286693e-01 1.310388839097739178e-01 6.241787229579660590e-01 2.563016052666465261e-01 4.491272066831131782e-01 4.491272066831131782e-01
4.010400287258487628e-01 4.010400287258487628e-01 4.220187642758588265e-01 6.099294246117649143e-01 2.158017053417063680e-01 6.171127599286323484e-01 1.779289778737452865e-01 6.668318555464940456e-01 1.641969986779350521e-01 5.958786865621938933e-01 1.273299132810865320e-01 6.224564693588627851e-01 2.427308442046315906e-01 4.654558059177347773e-01 4.654558059177347773e-01
3.769027941745825561e-01 3.769027941745825561e-01 4.358511212699288651e-01 6.077972104739368664e-01 2.165882882732754477e-01 6.093636895052012559e-01 1.818209630052784187e-01 6.663823893410770749e-01 1.654596675804090866e-01 5.972035368619805773e-01 1.260034621129753618e-01 6.190768796134784591e-01 2.293003674760076271e-01 4.804718591717084264e-01 4.804718591717084264e-01
3.530990026638001766e-01 3.530990026638001766e-01 4.475841840776296765e-01 6.052082383045567227e-01 2.192593025072059332e-01 6.017416522546501501e-01 1.869113303982072594e-01 6.650380835332706519e-01 1.657933410691594944e-01 5.996964869173724288e-01 1.271819315349056456e-01 6.142994312634226795e-01 2.160726676882484820e-01 4.939469997012986835e-01 4.939469997012986835e-01
3.298351152311493339e-01 3.298351152311493339e-01 4.575698159290803591e-01 6.022773607543790986e-01 2.239272366285606775e-01 5.939322702536857790e-01 1.926042330927781876e-01 6.633228798621046973e-01 1.652103102044516492e-01 6.031220591880210868e-01 1.307597953822260406e-01 6.084157303510201453e-01 2.030516942757708554e-01 5.056610202044572455e-01 5.056610202044572455e-01
3.073663459532003372e-01 3.073663459532003372e-01 4.661068032969687414e-01 5.989505715590874857e-01 2.302698467927384030e-01 5.857343889331174669e-01 1.982892316013025735e-01 6.616449900579133292e-01 1.638927825978478969e-01 6.072361700180219923e-01 1.364565095383577509e-01 6.017236098380289722e-01 1.902673712523891836e-01 5.154294728237639456e-01 5.154294728237639456e-01
2.859647463065096984e-01 2.859647463065096984e-01 4.733079760336343922e-01 5.949960687257294101e-01 2.376085400135076742e-01 5.771062333412368961e-01 2.035071584357499019e-01 6.602068411264726544e-01 1.621984325227464052e-01 6.118082231119099657e-01 1.439044674676037971e-01 5.944959271438541304e-01 1.778546593044408874e-01 5.231274266885378443e-01 5.231274266885378443e-01
2.658875782697219248e-01 2.658875782697219248e-01 4.790392940171513958e-01 5.900443053870442212e-01 2.450838580750193396e-01 5.681769399886680283e-01 2.080777231665633109e-01 6.589603226928321122e-01 1.606216857254100239e-01 6.166432061523592356e-01 1.527408358079342943e-01 5.869498216068120833e-01 1.660995111896279575e-01 5.287027378544993939e-01 5.287027378544993939e-01
2.473538370325847335e-01 2.473538370325847335e-01 4.829461821736863447e-01 5.836673653702123543e-01 2.518771694233210567e-01 5.592209289955283325e-01 2.121497216332600688e-01 6.576149896646719117e-01 1.597144433223801618e-01 6.216011083571417739e-01 1.626748102073945212e-01 5.792231988926166419e-01 1.554331256188933308e-01 5.321748115146542890e-01 5.321748115146542890e-01
2.305327028427462122e-01 2.305327028427462122e-01 4.845567599691243954e-01 5.754779739622408741e-01 2.574148436786036775e-01 5.505993617863883527e-01 2.161551292293049376e-01 6.556959947236986608e-01 1.599834009357020137e-01 6.266091730766363277e-01 1.735131355331205605e-01 5.713645188730873681e-01 1.463711348927573819e-01 5.336186985697498608e-01 5.336186985697498608e-01
2.155430134240056139e-01 2.155430134240056139e-01 4.834301124294182461e-01 5.652238713323916031e-01 2.614972614096527925e-01 5.426796292206549355e-01 2.206753802195737246e-01 6.526386082569407554e-01 1.617903632248119394e-01 6.316618165878300495e-01 1.851422110413562527e-01 5.633395723792631316e-01 1.394112032222921127e-01 5.331383979552930530e-01 5.331383979552930530e-01
2.024590630959819393e-01 2.024590630959819393e-01 4.793061061715231941e-01 5.528552587201257529e-01 2.643179485030843212e-01 5.357491654992193597e-01 2.262540579603950497e-01 6.478993384065743211e-01 1.652835641229260522e-01 6.368041376994084679e-01 1.974794018756426683e-01 5.550553070896864227e-01 1.349158618759182526e-01 5.308362937467493436e-01 5.308362937467493436e-01
1.913162907508852428e-01 1.913162907508852428e-01 4.722140847473261793e-01 5.385507054684000039e-01 2.663708109443738148e-01 5.299425493655081087e-01 2.332073125559310511e-01 6.410613317964135582e-01 1.703808636504552387e-01 6.420979444661172320e-01 2.104148259914702113e-01 5.463967382289138808e-01 1.330131810228037115e-01 5.267868641236146399e-01 5.267868641236146399e-01
1.821111762276439450e-01 1.821111762276439450e-01 4.625101173262367027e-01 5.226977741253899801e-01 2.682759498336786952e-01 5.251997152822763804e-01 2.414861554062626703e-01 6.319142403550849219e-01 1.768114996670383798e-01 6.475736376177125830e-01 2.237656564918210356e-01 5.372695616384309814e-01 1.335442538839348714e-01 5.210217963635580540e-01 5.210217963635580540e-01
1.747926050763553008e-01 1.747926050763553008e-01 4.508323340809538560e-01 5.058354475592210520e-01 2.705771890507597810e-01 5.212676424200266556e-01 2.506319699741625939e-01 6.204951703206306179e-01 1.842059349735880591e-01 6.531760804746478133e-01 2.372584488307012962e-01 5.276391995055063067e-01 1.360744250623435736e-01 5.135306892851971838e-01 5.135306892851971838e-01
1.692461101873301010e-01 1.692461101873301010e-01 4.379855897575108403e-01 4.885733508733972608e-01 2.735708053634781090e-01 5.177486300158636867e-01 2.598413764026700767e-01 6.070858602117037428e-01 1.922085657710588258e-01 6.587164168035515299e-01 2.505441219724635626e-01 5.175572430446151451e-01 1.399681973654400002e-01 5.042774310450646169e-01 5.042774310450646169e-01
1.652764199020676228e-01 1.652764199020676228e-01 4.247845600182907910e-01 4.715060782254988925e-01 2.772136898471041500e-01 5.141869561733726224e-01 2.681260825690890970e-01 5.921697565246497597e-01 2.005804903008340800e-01 6.638433489287218769e-01 2.632391261740090749e-01 5.071686871555909359e-01 1.445106942538129935e-01 4.932282302305215360e-01 4.932282302305215360e-01
1.625963227698117020e-01 1.625963227698117020e-01 4.118941526212211990e-01 4.551395014583374810e-01 2.811343280585905102e-01 5.101751411763260080e-01 2.745264447972159405e-01 5.763594232577751164e-01 2.092619465952417213e-01 6.680456920433192058e-01 2.749788200388932347e-01 4.966974926828116033e-01 1.490462925309646303e-01 4.803842693723916479e-01 4.803842693723916479e-01
1.608300721763627483e-01 1.608300721763627483e-01 3.997059380864479428e-01 4.398408723613933535e-01 2.847395135831466417e-01 5.054543113613767513e-01 2.783221742322425918e-01 5.603087352532667431e-01 2.183760914867170499e-01 6.706928064533511646e-01 2.854673337124736809e-01 4.864129237340776846e-01 1.531009591562277616e-01 4.658108366086162189e-01 4.658108366086162189e-01
1.595371131926217600e-01 1.595371131926217600e-01 3.882798741811831489e-01 4.258176611539946088e-01 2.873828522716522782e-01 4.999827002439907186e-01 2.791846018670159912e-01 5.446253431271078638e-01 2.281740304844654399e-01 6.711114666590700661e-01 2.945121288343663934e-01 4.765836363087723737e-01 1.564598868623928163e-01 4.496558248712330119e-01 4.496558248712330119e-01
1.582572581620569074e-01 1.582572581620569074e-01 3.773647301341171989e-01 4.131233312672490943e-01 2.885455291604231420e-01 4.939528937792181384e-01 2.772319006831368560e-01 5.297972964044638244e-01 2.389397625924037927e-01 6.686885523820007560e-01 3.020389310589484122e-01 4.674295557837278015e-01 1.591845375104989913e-01 4.321533177664384495e-01 4.321533177664384495e-01
1.565726323719372759e-01 1.565726323719372759e-01 3.664923391062048230e-01 4.016832174150948287e-01 2.879793302437010927e-01 4.877506921201920642e-01 2.729765206507563380e-01 5.161441037683524025e-01 2.508868851223156060e-01 6.629810394685891062e-01 3.080904129791873780e-01 4.590824110129303470e-01 1.615693978878077197e-01 4.136117685136320166e-01 4.136117685136320166e-01
1.541761951230401217e-01 1.541761951230401217e-01 3.551243112719707495e-01 3.913313142151553237e-01 2.857756296147174191e-01 4.818632699166164324e-01 2.671843812961213760e-01 5.037976477051502311e-01 2.640819604720350822e-01 6.538105467718837716e-01 3.128167804248546124e-01 4.515641119180191509e-01 1.640539350410747665e-01 3.943899491260086654e-01 3.943899491260086654e-01
1.509328807112716442e-01 1.509328807112716442e-01 3.428185377985391025e-01 3.818492878922820077e-01 2.823469127610844231e-01 4.767576275419955212e-01 2.606889852619930781e-01 4.927130564088310072e-01 2.784209313810970809e-01 6.413207537835449168e-01 3.164664129366340228e-01 4.447882318756299358e-01 1.671151905157517437e-01 3.748664078430035129e-01 3.748664078430035129e-01
1.469185367414000409e-01 1.469185367414000409e-01 3.293787170888414773e-01 3.730017584451041923e-01 2.783320208863033218e-01 4.727584295973518147e-01 2.542136512824785255e-01 4.827046813338874420e-01 2.936671642395597415e-01 6.259824697152217565e-01 3.193800802591203469e-01 4.385844729019729993e-01 1.711686600868917996e-01 3.554089946580810677e-01 3.554089946580810677e-01
1.424243907070197046e-01 1.424243907070197046e-01 3.149536216162546198e-01 3.645655288025259622e-01 2.744553576518404814e-01 4.699549644531454962e-01 2.482489298810299783e-01 4.734984943122766410e-01 3.095380645885081883e-01 6.085415496350935483e-01 3.219851195839397162e-01 4.327403479978422784e-01 1.764994423947077451e-01 3.363500039756237570e-01 3.363500039756237570e-01
1.379205152836981974e-01 1.379205152836981974e-01 3.000628133544163134e-01 3.563533356124242713e-01 2.713787953783682871e-01 4.681599665587624637e-01 2.430124473832991350e-01 4.647901111441632427e-01 3.258087923092601867e-01 5.899166629425797170e-01 3.247796520331682757e-01 4.270498113336815837e-01 1.832343268735754649e-01 3.179700901510285060e-01 3.179700901510285060e-01
1.339797080695376286e-01 1.339797080695376286e-01 2.855398832635572814e-01 3.482336007726266613e-01 2.695816339307694487e-01 4.669303739633804406e-01 2.384916126052388785e-01 4.562976182944935011e-01 3.423928414096126804e-01 5.710643303348744704e-01 3.282947700813849679e-01 4.213564942923144208e-01 1.913523426559354257e-01 3.004911758924819765e-01 3.004911758924819765e-01
1.311718042583628896e-01 1.311718042583628896e-01 2.724003850382499259e-01 3.401463103096153406e-01 2.692911952645430373e-01 4.656452111697463869e-01 2.345445038555480366e-01 4.478004326479031461e-01 3.593638263271073940e-01 5.528354397417923893e-01 3.330266428855668814e-01 4.155803688478637570e-01 2.007204898742293020e-01 2.840760566239505791e-01 2.840760566239505791e-01
1.299458870398930710e-01 1.299458870398930710e-01 2.616567314008472200e-01 3.321125195587254497e-01 2.704696665124926569e-01 4.636226255696901388e-01 2.310186974289997752e-01 4.391591757384177286e-01 3.769002716690731392e-01 5.358494383518686011e-01 3.393403975874718093e-01 4.097210445991047445e-01 2.111361635881335852e-01 2.688310880499010791e-01 2.688310880499010791e-01
1.305224388905477650e-01 1.305224388905477650e-01 2.541139368449847891e-01 3.242329193409807520e-01 2.728475653610521467e-01 4.602499054453463856e-01 2.278463210556629925e-01 4.303162199906476193e-01 3.951607731094124443e-01 5.204094401411136772e-01 3.473607104370326493e-01 4.038375331423315617e-01 2.223594620756484397e-01 2.548085906047504179e-01 2.548085906047504179e-01
1.328179418753460128e-01 1.328179418753460128e-01 2.501861755365599738e-01 3.166711713152592922e-01 2.759852857485382560e-01 4.550987222251681175e-01 2.250859870427858178e-01 4.212811025376568264e-01 4.141227608856350995e-01 5.064742889411228965e-01 3.568757861156043321e-01 3.980113998545743992e-01 2.341261475394811331e-01 2.420072445046510534e-01 2.420072445046510534e-01
1.364202976812751988e-01 1.364202976812751988e-01 2.497732500553657142e-01 3.096210407741036841e-01 2.793433696776213560e-01 4.480026148757689786e-01 2.229036880129045550e-01 4.121082739864611044e-01 4.334357065847555535e-01 4.936934862146886704e-01 3.672869906985692934e-01 3.923056504297013358e-01 2.461425714646548468e-01 2.303711404229217830e-01 2.303711404229217830e-01
1.406251252334228263e-01 1.406251252334228263e-01 2.522276824643084892e-01 3.032618440063427068e-01 2.823480521286306777e-01 4.390830437381084694e-01 2.215075705382199278e-01 4.028757787991296135e-01 4.523424352435961859e-01 4.814995824994845464e-01 3.776323951004271207e-01 3.867336671459886688e-01 2.580735156008877595e-01 2.197903823165958115e-01 2.197903823165958115e-01
1.445318367465571741e-01 1.445318367465571741e-01 2.564278749575108485e-01 2.977122057878209826e-01 2.844475137937946263e-01 4.287215721478716546e-01 2.210678519312558321e-01 3.936721258833397741e-01 4.697079734279896446e-01 4.692421489747989893e-01 3.866982370448361905e-01 3.812501474386891243e-01 2.695390869648366938e-01 2.101073222488294423e-01 2.101073222488294423e-01
1.471864322861757834e-01 1.471864322861757834e-01 2.609526987646094143e-01 2.929950825790285096e-01 2.851617302113334529e-01 4.174863348709074717e-01 2.216575404706424557e-01 3.845951736598536841e-01 4.841670791512606709e-01 4.563397266694444454e-01 3.932105378271342211e-01 3.757697136570636864e-01 2.801354828237188066e-01 2.011320662562420258e-01 2.011320662562420258e-01
1.477475776454886813e-01 1.477475776454886813e-01 2.643314112697860430e-01 2.890257717598891940e-01 2.841314973094709595e-01 4.060289964521928141e-01 2.232407804527663797e-01 3.757623045124017236e-01 4.943668797673710369e-01 4.424226182591035617e-01 3.960753729447455962e-01 3.702102987616205376e-01 2.894867227201958215e-01 1.926687620227100772e-01 1.926687620227100772e-01
1.456460095759994910e-01 1.456460095759994910e-01 2.653243788222373611e-01 2.856291172182050531e-01 2.811691568570198196e-01 3.949727627834118682e-01 2.257168294000114761e-01 3.673268094610232515e-01 4.992499988136531730e-01 4.274405877906572448e-01 3.946174972004242165e-01 3.645500046842569120e-01 2.973226166230488743e-01 1.845508608712043974e-01 1.845508608712043974e-01
1.407063037266535477e-01 1.407063037266535477e-01 2.631791789571732987e-01 2.825838937357502134e-01 2.763063890666784816e-01 3.848122803279788728e-01 2.290055240132772285e-01 3.594925219319582421e-01 4.983058085706839613e-01 4.117150713088162384e-01 3.887593919152460553e-01 3.588804182556886713e-01 3.035660861037833280e-01 1.766799756407995692e-01 1.766799756407995692e-01
1.332051825154420555e-01 1.332051825154420555e-01 2.578066989269199305e-01 2.796839758837210699e-01 2.698267498854041158e-01 3.758426566521947954e-01 2.331423833127482526e-01 3.525182405194764446e-01 4.917192226764255936e-01 3.959243116148514208e-01 3.790899404270996476e-01 3.534382556728482561e-01 3.084046125157135498e-01 1.690602502160518661e-01 1.690602502160518661e-01
1.238512280636901164e-01 1.238512280636901164e-01 2.498341421966998599e-01 2.768000229408980606e-01 2.622664763222489204e-01 3.681281891660588279e-01 2.383445736466816012e-01 3.467056679380832174e-01 4.803685573360132466e-01 3.810205929179263373e-01 3.667935541801964905e-01 3.486013726265191903e-01 3.123192560209522295e-01 1.618192890439037468e-01 1.618192890439037468e-01
1.136852815377262932e-01 1.136852815377262932e-01 2.405149205604257268e-01 2.739239407314577601e-01 2.543694382460346404e-01 3.615131163513029544e-01 2.450156259693936078e-01 3.423690383645443536e-01 4.656613672303877571e-01 3.680901458575694396e-01 3.534422490402258088e-01 3.448438286895104121e-01 3.160516155893967061e-01 1.552081954747215053e-01 1.552081954747215053e-01
1.039162246158127911e-01 1.039162246158127911e-01 2.315049848854310310e-01 2.711819667829162839e-01 2.469916241118236822e-01 3.556686305548433236e-01 2.536753537226462130e-01 3.397901799127840405e-01 4.492400507067283444e-01 3.581769529007458042e-01 3.406873102462441572e-01 3.426557050188235864e-01 3.205030916560484000e-01 1.495770357234014747e-01 1.495770357234014747e-01
9.572013552454919361e-02 9.572013552454919361e-02 2.245449371510928882e-01 2.688101376404186671e-01 2.409650739640377126e-01 3.501643020565889386e-01 2.648261444290757050e-01 3.391678762383498746e-01 4.326255970423258379e-01 3.520999894416942944e-01 3.299148972878399033e-01 3.424438115071304911e-01 3.265784730958327664e-01 1.453273330109776107e-01 1.453273330109776107e-01
9.003914016739918147e-02 9.003914016739918147e-02 2.211103107689940950e-01 2.670961853819299181e-01 2.369463020533761066e-01 3.445491660848226667e-01 2.787897174050981697e-01 3.405734536353284270e-01 4.168875482551480660e-01 3.502974955922306677e-01 3.219434313262550251e-01 3.444363253304080219e-01 3.350024765754213152e-01 1.428487718986509725e-01 1.428487718986509725e-01
