# L = 12 / J = 1 / lamb = 0.8
# particle_position = 5
# final_time = 10 / steps = 100
0.000000000000000000e+00 0.000000000000000000e+00 0.000000000000000000e+00 0.000000000000000000e+00 0.000000000000000000e+00 0.000000000000000000e+00 0.000000000000000000e+00 0.000000000000000000e+00 0.000000000000000000e+00 0.000000000000000000e+00 1.000000000000000000e+00 1.000000000000000000e+00 1.000000000000000000e+00 0.000000000000000000e+00 0.000000000000000000e+00 0.000000000000000000e+00 0.000000000000000000e+00 0.000000000000000000e+00 0.000000000000000000e+00 0.000000000000000000e+00 0.000000000000000000e+00 0.000000000000000000e+00 0.000000000000000000e+00
6.254616545048679102e-03 6.254616545048679102e-03 1.242931429388668442e-02 6.254875332411952149e-03 1.242957205529070762e-02 6.254875334002203517e-03 1.242957338247051291e-02 6.254876662854922352e-03 1.255491129965155897e-02 6.380749472242814961e-03 9.874445542615069016e-01 9.937451230529471546e-01 9.874445542615071236e-01 6.380749472242843584e-03 1.255491129965159887e-02 6.254876662854935362e-03 1.242957338247051464e-02 6.254875334002188772e-03 1.242957205529064343e-02 6.254875332411920057e-03 1.242931429388658381e-02 6.254616545048647877e-03 6.254616545048647877e-03
2.334873496855426403e-02 2.334873496855426403e-02 4.551051338843186550e-02 2.336434192866774368e-02 4.552587434211354672e-02 2.336434347713875481e-02 4.552619560250006914e-02 2.336466633723733796e-02 4.740959355525942165e-02 2.528022856861760620e-02 9.525583490314252222e-01 9.766352623987406556e-01 9.525583490314250001e-01 2.528022856861787335e-02 4.740959355526000452e-02 2.336466633723765021e-02 4.552619560250052710e-02 2.336434347713889012e-02 4.552587434211369938e-02 2.336434192866774714e-02 4.551051338843188632e-02 2.334873496855430219e-02 2.334873496855430219e-02
4.680104701754322222e-02 4.680104701754322222e-02 8.829903424094659448e-02 4.696205841405092646e-02 8.845439309822861196e-02 4.696214056802706233e-02 8.846190153094353470e-02 4.696973132132128276e-02 9.705780039194566999e-02 5.589590540679332392e-02 9.026143112597327933e-01 9.530285086281669038e-01 9.026143112597322382e-01 5.589590540679413577e-02 9.705780039194732145e-02 4.696973132132224032e-02 8.846190153094511677e-02 4.696214056802786030e-02 8.845439309822963891e-02 4.696205841405136361e-02 8.829903424094733000e-02 4.680104701754349977e-02 4.680104701754349977e-02
7.070885789483988271e-02 7.070885789483988271e-02 1.273750571879809501e-01 7.149633899596974373e-02 1.281141017106355584e-01 7.149763875209759478e-02 1.281801714220444921e-01 7.156495545840842187e-02 1.517275848429493479e-01 9.671775173854968433e-02 8.466866992281352200e-01 9.284184291188213312e-01 8.466866992281335547e-01 9.671775173855136354e-02 1.517275848429524010e-01 7.156495545841019823e-02 1.281801714220472954e-01 7.149763875209924624e-02 1.281141017106375013e-01 7.149633899597077069e-02 1.273750571879823379e-01 7.070885789484070150e-02 7.070885789484070150e-02
8.950123692455580482e-02 8.950123692455580482e-02 1.517914721842719694e-01 9.201367368765467347e-02 1.540670814298217839e-01 9.202412839151356827e-02 1.544029395253135040e-01 9.236945926377748695e-02 2.024225555734966708e-01 1.454742348600708834e-01 7.925837948958445178e-01 9.075390359366084514e-01 7.925837948958421864e-01 1.454742348600734647e-01 2.024225555735009452e-01 9.236945926378020699e-02 1.544029395253176951e-01 9.202412839151603852e-02 1.540670814298249480e-01 9.201367368765620003e-02 1.517914721842744119e-01 8.950123692455695668e-02 8.950123692455695668e-02
9.945467156027198996e-02 9.945467156027198996e-02 1.566181530600844751e-01 1.054796074260026528e-01 1.618453707307068723e-01 1.055338724419687541e-01 1.630408756580714602e-01 1.067751296694662427e-01 2.434680436276236148e-01 1.993053541190054900e-01 7.447193957630504624e-01 8.928704006938478210e-01 7.447193957630473538e-01 1.993053541190095701e-01 2.434680436276290549e-01 1.067751296694697399e-01 1.630408756580756791e-01 1.055338724419720708e-01 1.618453707307105083e-01 1.054796074260049843e-01 1.566181530600871674e-01 9.945467156027355815e-02 9.945467156027355815e-02
9.950353274115610047e-02 9.950353274115610047e-02 1.437841459041007131e-01 1.112055020657618382e-01 1.534427298079040491e-01 1.114120321891812065e-01 1.567495312305946797e-01 1.148782506215786647e-01 2.736849109246945466e-01 2.551645283714638057e-01 7.036592113377121427e-01 8.840548815903495061e-01 7.036592113377088120e-01 2.551645283714687462e-01 2.736849109247001532e-01 1.148782506215825228e-01 1.567495312305987321e-01 1.114120321891846621e-01 1.534427298079074076e-01 1.112055020657645721e-01 1.437841459041035441e-01 9.950353274115771030e-02 9.950353274115771030e-02
9.117162950977690528e-02 9.117162950977690528e-02 1.202187523175850814e-01 1.103932748825918325e-01 1.352293577544068648e-01 1.110155557023501660e-01 1.428022010430325950e-01 1.190202087381237728e-01 2.958882037663560505e-01 3.103154651508992501e-01 6.672291385552097109e-01 8.783316332964317130e-01 6.672291385552063803e-01 3.103154651509054673e-01 2.958882037663616571e-01 1.190202087381282137e-01 1.428022010430359812e-01 1.110155557023541906e-01 1.352293577544099734e-01 1.103932748825952187e-01 1.202187523175877043e-01 9.117162950977883429e-02 9.117162950977883429e-02
7.777339782025453896e-02 7.777339782025453896e-02 9.443731631287829997e-02 1.051745183387425564e-01 1.146297953381637674e-01 1.067341390860364614e-01 1.296008478039336609e-01 1.226581247635789851e-01 3.150704584739262848e-01 3.627326888798053095e-01 6.324093573547259206e-01 8.717044933124507011e-01 6.324093573547222569e-01 3.627326888798129145e-01 3.150704584739324465e-01 1.226581247635842725e-01 1.296008478039361311e-01 1.067341390860409300e-01 1.146297953381661683e-01 1.051745183387465948e-01 9.443731631288056205e-02 7.777339782025667614e-02 7.777339782025667614e-02
6.325519774162015330e-02 6.325519774162015330e-02 7.320880573174833039e-02 9.765358399066939588e-02 9.720728422964669546e-02 1.010158103373416383e-01 1.235098685817007380e-01 1.290837951740493594e-01 3.360860040253488279e-01 4.112567127093300634e-01 5.970434201024081844e-01 8.603360088668955408e-01 5.970434201024028553e-01 4.112567127093391117e-01 3.360860040253552117e-01 1.290837951740554934e-01 1.235098685817032638e-01 1.010158103373465649e-01 9.720728422964859672e-02 9.765358399067373962e-02 7.320880573175024553e-02 6.325519774162240150e-02 6.325519774162240150e-02
5.109852598265771789e-02 5.109852598265771789e-02 5.965348983134809158e-02 8.935060558316820778e-02 8.530453045735711393e-02 9.573205503830084506e-02 1.272364799450488304e-01 1.404595851626236069e-01 3.617300462783378801e-01 4.554623711993017188e-01 5.606711144957654547e-01 8.416691527281163765e-01 5.606711144957625681e-01 4.554623711993120438e-01 3.617300462783458181e-01 1.404595851626309899e-01 1.272364799450521611e-01 9.573205503830642393e-02 8.530453045735901518e-02 8.935060558317305113e-02 5.965348983134971528e-02 5.109852598266021589e-02 5.109852598266021589e-02
4.359677241634917627e-02 4.359677241634917627e-02 5.328882813666158125e-02 8.117453149476706875e-02 7.847057080246801208e-02 9.201344474163491993e-02 1.400573858657410686e-01 1.574153279598402289e-01 3.918280582098691567e-01 4.953157042200782012e-01 5.243346847850688386e-01 8.149713830336869913e-01 5.243346847850655079e-01 4.953157042200896920e-01 3.918280582098781495e-01 1.574153279598491939e-01 1.400573858657460091e-01 9.201344474164101228e-02 7.847057080247013539e-02 8.117453149477198149e-02 5.328882813666326740e-02 4.359677241635198652e-02 4.359677241635198652e-02
4.161796819572189526e-02 4.161796819572189526e-02 5.160903863467641156e-02 7.377824306675329069e-02 7.504842922721628728e-02 9.044174369056789953e-02 1.593142857741309815e-01 1.791853506269831808e-01 4.234907397061786205e-01 5.307730869221128911e-01 4.897156016077766072e-01 7.812592590337221754e-01 4.897156016077757190e-01 5.307730869221236603e-01 4.234907397061889456e-01 1.791853506269940055e-01 1.593142857741377816e-01 9.044174369057481067e-02 7.504842922721907672e-02 7.377824306675874466e-02 5.160903863467861119e-02 4.161796819572487205e-02 4.161796819572487205e-02
4.477356035668537959e-02 4.477356035668537959e-02 5.217024229082965064e-02 6.798041774742190346e-02 7.388414052412389799e-02 9.134864516177375326e-02 1.821647752541465659e-01 2.040798328133755501e-01 4.522592646884278089e-01 5.614890683677160599e-01 4.582010473280619389e-01 7.427765853901714399e-01 4.582010473280632157e-01 5.614890683677283834e-01 4.522592646884384671e-01 2.040798328133878459e-01 1.821647752541552256e-01 9.134864516178209382e-02 7.388414052412742294e-02 6.798041774742791254e-02 5.217024229083221804e-02 4.477356035668864087e-02 4.477356035668864087e-02
5.180278298611482729e-02 5.180278298611482729e-02 5.408636525397184092e-02 6.494331195765179476e-02 7.525741451318769537e-02 9.498717588270857992e-02 2.066982466244476346e-01 2.300353503613943584e-01 4.736167829940609586e-01 5.867451249133318614e-01 4.303819034653941222e-01 7.022928922660381934e-01 4.303819034653986186e-01 5.867451249133434077e-01 4.736167829940723384e-01 2.300353503614083195e-01 2.066982466244585426e-01 9.498717588271810008e-02 7.525741451319170605e-02 6.494331195765815079e-02 5.408636525397499117e-02 5.180278298611869225e-02 5.180278298611869225e-02
6.097971096310318695e-02 6.097971096310318695e-02 5.828131733942986531e-02 6.595436184151251546e-02 8.066815713781876063e-02 1.014746019335065474e-01 2.320439028739723630e-01 2.550574363010927881e-01 4.843248108622142389e-01 6.056147426794002975e-01 4.061491523075132504e-01 6.624585919936177847e-01 4.061491523075209109e-01 6.056147426794121769e-01 4.843248108622247861e-01 2.550574363011073875e-01 2.320439028739846865e-01 1.014746019335171640e-01 8.066815713782396480e-02 6.595436184151981518e-02 5.828131733943361925e-02 6.097971096310754457e-02 6.097971096310754457e-02
7.042936986569149627e-02 7.042936986569149627e-02 6.653037505576990529e-02 7.188764323155782954e-02 9.172751868719881962e-02 1.105696814252401933e-01 2.576889681954590561e-01 2.774874025326375948e-01 4.832117667364772551e-01 6.172831415205213279e-01 3.851916165638334943e-01 6.253496725395480960e-01 3.851916165638459288e-01 6.172831415205325412e-01 4.832117667364868030e-01 2.774874025326531934e-01 2.576889681954722677e-01 1.105696814252520033e-01 9.172751868720523116e-02 7.188764323156590641e-02 6.653037505577436006e-02 7.042936986569625635e-02 7.042936986569625635e-02
7.834235006587382533e-02 7.834235006587382533e-02 7.991686742197685878e-02 8.260647082355727921e-02 1.088042522442376897e-01 1.214544825531648081e-01 2.825931283182556153e-01 2.961248929190170021e-01 4.712930397529214166e-01 6.213838334553674070e-01 3.675012078387438486e-01 5.922272624556321752e-01 3.675012078387596692e-01 6.213838334553759557e-01 4.712930397529286886e-01 2.961248929190322676e-01 2.825931283182693265e-01 1.214544825531775341e-01 1.088042522442454474e-01 8.260647082356628590e-02 7.991686742198216009e-02 7.834235006587880745e-02 7.834235006587880745e-02
8.314642592592239034e-02 8.314642592592239034e-02 9.756874532121717625e-02 9.662330262761723021e-02 1.301284571430176007e-01 1.326954508442531877e-01 3.046967817738641671e-01 3.102752751975160761e-01 4.513288351239411744e-01 6.182194026337218817e-01 3.535449119119967731e-01 5.634748718627824449e-01 3.535449119120152028e-01 6.182194026337309856e-01 4.513288351239471696e-01 3.102752751975302314e-01 3.046967817738778783e-01 1.326954508442660385e-01 1.301284571430266213e-01 9.662330262762724997e-02 9.756874532122326860e-02 8.314642592592774717e-02 8.314642592592774717e-02
8.369849270513289585e-02 8.369849270513289585e-02 1.163532588729000450e-01 1.112359006614064422e-01 1.518012590935558515e-01 1.424713777831328188e-01 3.211384058585740053e-01 3.197693766958809025e-01 4.270565725441478611e-01 6.087911688550908806e-01 3.440041608040761978e-01 5.386682052701491363e-01 3.440041608040969590e-01 6.087911688550965428e-01 4.270565725441530236e-01 3.197693766958941142e-01 3.211384058585872725e-01 1.424713777831456973e-01 1.518012590935655104e-01 1.112359006614173224e-01 1.163532588729072059e-01 8.369849270513789186e-02 8.369849270513789186e-02
7.950871828716739309e-02 7.950871828716739309e-02 1.317259303069520382e-01 1.231604207766675840e-01 1.687638913806669139e-01 1.490303858332472364e-01 3.291073616673640401e-01 3.249563148798534362e-01 4.023547352342235484e-01 5.946406647466790929e-01 3.392566068778888333e-01 5.167542576493900919e-01 3.392566068779099830e-01 5.946406647466835338e-01 4.023547352342288774e-01 3.249563148798657597e-01 3.291073616673759750e-01 1.490303858332596987e-01 1.687638913806771279e-01 1.231604207766790055e-01 1.317259303069595322e-01 7.950871828717265277e-02 7.950871828717265277e-02
7.093838641818162039e-02 7.093838641818162039e-02 1.393945161177897740e-01 1.294753900627287069e-01 1.764152822050397695e-01 1.512339431351576724e-01 3.269557494754999349e-01 3.266376792434314558e-01 3.805365800362150441e-01 5.775699785350323356e-01 3.389266990748345254e-01 4.963309502873259893e-01 3.389266990748565078e-01 5.775699785350351112e-01 3.805365800362206508e-01 3.266376792434428356e-01 3.269557494755099825e-01 1.512339431351691632e-01 1.764152822050490121e-01 1.294753900627396426e-01 1.393945161177972958e-01 7.093838641818635271e-02 7.093838641818635271e-02
5.926814583644395007e-02 5.926814583644395007e-02 1.370993416361302453e-01 1.285600366714730325e-01 1.723359204471237027e-01 1.489999175515875074e-01 3.150836724537919853e-01 3.259147069013254572e-01 3.638840084368095695e-01 5.593355490458471468e-01 3.417860287872999669e-01 4.760025282066082664e-01 3.417860287873223379e-01 5.593355490458494783e-01 3.638840084368157868e-01 3.259147069013353382e-01 3.150836724537997569e-01 1.489999175515979990e-01 1.723359204471320294e-01 1.285600366714835519e-01 1.370993416361375172e-01 5.926814583644810647e-02 5.926814583644810647e-02
4.654392077640869679e-02 4.654392077640869679e-02 1.257524193088746800e-01 1.206972919855934107e-01 1.575046146154117921e-01 1.434745806407468349e-01 2.961995703509583966e-01 3.239554836057560450e-01 3.534539357849548757e-01 5.413986520435090100e-01 3.460814937807112357e-01 4.547447357067661011e-01 3.460814937807324410e-01 5.413986520435105643e-01 3.534539357849632579e-01 3.239554836057654263e-01 2.961995703509646694e-01 1.434745806407567437e-01 1.575046146154187865e-01 1.206972919856033749e-01 1.257524193088812303e-01 4.654392077641234665e-02 4.654392077641234665e-02
3.517529596890980187e-02 3.517529596890980187e-02 1.094165552020150006e-01 1.081105496161633428e-01 1.364880025045824841e-01 1.368342683179290531e-01 2.747829873773962595e-01 3.217346875836606945e-01 3.491394562650252387e-01 5.247798560618436303e-01 3.501308200492661560e-01 4.321778379005407067e-01 3.501308200492869727e-01 5.247798560618437413e-01 3.491394562650365074e-01 3.217346875836694098e-01 2.747829873774018106e-01 1.368342683179391006e-01 1.364880025045877299e-01 1.081105496161729740e-01 1.094165552020216897e-01 3.517529596891292437e-02 3.517529596891292437e-02
2.735995225744064507e-02 2.735995225744064507e-02 9.404535910289867073e-02 9.438031554771031395e-02 1.163570467649108209e-01 1.317277457004534247e-01 2.558685267277134301e-01 3.198277571432969757e-01 3.499416616421242021e-01 5.100243847797609753e-01 3.528836493333969981e-01 4.086497412521496453e-01 3.528836493334173152e-01 5.100243847797629737e-01 3.499416616421380799e-01 3.198277571433055244e-01 2.558685267277183151e-01 1.317277457004636665e-01 1.163570467649154283e-01 9.438031554771987575e-02 9.404535910290577616e-02 2.735995225744359410e-02 2.735995225744359410e-02
2.449564279066116304e-02 2.449564279066116304e-02 8.539523461600020959e-02 8.339438967929113655e-02 1.045282953090884148e-01 1.305003129899957870e-01 2.435465147355821147e-01 3.183358723520349209e-01 3.543872310480862264e-01 4.972559447375456410e-01 3.541729292510294447e-01 3.850895709271697220e-01 3.541729292510485405e-01 4.972559447375503039e-01 3.543872310481041010e-01 3.183358723520424705e-01 2.435465147355873883e-01 1.305003129900068060e-01 1.045282953090937023e-01 8.339438967930146163e-02 8.539523461600853627e-02 2.449564279066401146e-02 2.449564279066401146e-02
2.677687828964292124e-02 2.677687828964292124e-02 8.688619364454248928e-02 7.816169785143230186e-02 1.062180860761541557e-01 1.344490791550418396e-01 2.397364919618820145e-01 3.169741764410632379e-01 3.609962812802466336e-01 4.862833678446355501e-01 3.545499647115711306e-01 3.626829572347684549e-01 3.545499647115905595e-01 4.862833678446426555e-01 3.609962812802689491e-01 3.169741764410712315e-01 2.397364919618883428e-01 1.344490791550541353e-01 1.062180860761613860e-01 7.816169785144387594e-02 8.688619364455270333e-02 2.677687828964575231e-02 2.677687828964575231e-02
3.313339147626152836e-02 3.313339147626152836e-02 9.826990477716524008e-02 7.989522731977426184e-02 1.224944745458025896e-01 1.433868226336828811e-01 2.437335797419984129e-01 3.152883510695172475e-01 3.686696321086651573e-01 4.767245345329292894e-01 3.548074481919835099e-01 3.424971218274539542e-01 3.548074481920022727e-01 4.767245345329393369e-01 3.686696321086926353e-01 3.152883510695245750e-01 2.437335797420060735e-01 1.433868226336970642e-01 1.224944745458132062e-01 7.989522731978750125e-02 9.826990477717781336e-02 3.313339147626446352e-02 3.313339147626446352e-02
4.155796431774481936e-02 4.155796431774481936e-02 1.156851725136510550e-01 8.769325970918950830e-02 1.497859265230706005e-01 1.556990726141442849e-01 2.527287752587777381e-01 3.129048569073860642e-01 3.768567870851555202e-01 4.681205255729121717e-01 3.554375322423688477e-01 3.252026861563800386e-01 3.554375322423883321e-01 4.681205255729257164e-01 3.768567870851882162e-01 3.129048569073942243e-01 2.527287752587865644e-01 1.556990726141603554e-01 1.497859265230848669e-01 8.769325970920469060e-02 1.156851725136664732e-01 4.155796431774791411e-02 4.155796431774791411e-02
4.973011185929377548e-02 4.973011185929377548e-02 1.331208489528763472e-01 9.892982906802573473e-02 1.811294332478846081e-01 1.688858613145318432e-01 2.630719358198231883e-01 3.097013526142696205e-01 3.854244580880311632e-01 4.600264710602352536e-01 3.562867283408495678e-01 3.109880522328691832e-01 3.562867283408686081e-01 4.600264710602519069e-01 3.854244580880684112e-01 3.097013526142774476e-01 2.630719358198330693e-01 1.688858613145491905e-01 1.811294332479022606e-01 9.892982906804242971e-02 1.331208489528934447e-01 4.973011185929691880e-02 4.973011185929691880e-02
5.572606558624582790e-02 5.572606558624582790e-02 1.446979424405115122e-01 1.101900598240588974e-01 2.086641587515843110e-01 1.803730139074847250e-01 2.716978418186132282e-01 3.058224432873209997e-01 3.942760469043679050e-01 4.520808336675812833e-01 3.565676627215860761e-01 2.996695741672724678e-01 3.565676627216048944e-01 4.520808336676004346e-01 3.942760469044095384e-01 3.058224432873291598e-01 2.716978418186247746e-01 1.803730139075029881e-01 2.086641587516044338e-01 1.101900598240761059e-01 1.446979424405286652e-01 5.572606558624893652e-02 5.572606558624893652e-02
5.856617637694890022e-02 5.856617637694890022e-02 1.468174393481121165e-01 1.183794338851593270e-01 2.263067573557742407e-01 1.882658506692829747e-01 2.770727196716477048e-01 3.015473217400190253e-01 4.029206853057953897e-01 4.440650199951513555e-01 3.552268083535832233e-01 2.909158973164890361e-01 3.552268083536021526e-01 4.440650199951721167e-01 4.029206853058394655e-01 3.015473217400265193e-01 2.770727196716599727e-01 1.882658506693014600e-01 2.263067573557948076e-01 1.183794338851762717e-01 1.468174393481279649e-01 5.856617637695193251e-02 5.856617637695193251e-02
5.841003052261598688e-02 5.841003052261598688e-02 1.392892701954074330e-01 1.215955849752769491e-01 2.314957113301445435e-01 1.917626398237770036e-01 2.792917095559496743e-01 2.970980791182745162e-01 4.102608634309641844e-01 4.359612373937627461e-01 3.515104729848796405e-01 2.844669362535417467e-01 3.515104729848975706e-01 4.359612373937850061e-01 4.102608634310102587e-01 2.970980791182826763e-01 2.792917095559628304e-01 1.917626398237952667e-01 2.314957113301644998e-01 1.215955849752926032e-01 1.392892701954210055e-01 5.841003052261914408e-02 5.841003052261914408e-02
5.634611984734870516e-02 5.634611984734870516e-02 1.250363933975187358e-01 1.194896001686108766e-01 2.253888991801977493e-01 1.911214685887293041e-01 2.794208401439970402e-01 2.925133963762665545e-01 4.147880376214798104e-01 4.279960551189785911e-01 3.454696341852563912e-01 2.802469727407779776e-01 3.454696341852745434e-01 4.279960551190020723e-01 4.147880376215259401e-01 2.925133963762754363e-01 2.794208401440120837e-01 1.911214685887469844e-01 2.253888991802160402e-01 1.194896001686246850e-01 1.250363933975297270e-01 5.634611984735218154e-02 5.634611984735218154e-02
5.388014947088514556e-02 5.388014947088514556e-02 1.086200919841072560e-01 1.130829388231321259e-01 2.116612262995393734e-01 1.872852557575435117e-01 2.785664732605757088e-01 2.876776013954502886e-01 4.151609733686721371e-01 4.206330306096696114e-01 3.381408574154879387e-01 2.783317427848190362e-01 3.381408574155076452e-01 4.206330306096939808e-01 4.151609733687182668e-01 2.876776013954587263e-01 2.785664732605912519e-01 1.872852557575605537e-01 2.116612262995555827e-01 1.130829388231440885e-01 1.086200919841158602e-01 5.388014947088931583e-02 5.388014947088931583e-02
5.233709447703677187e-02 5.233709447703677187e-02 9.433600686335533170e-02 1.042239008466013667e-01 1.946644498421379321e-01 1.814036074188395409e-01 2.772468266387320690e-01 2.825042122053272875e-01 4.109037837154843054e-01 4.144740694222356359e-01 3.312636577910440527e-01 2.788046347256909474e-01 3.312636577910654245e-01 4.144740694222621147e-01 4.109037837155310458e-01 2.825042122053363913e-01 2.772468266387493885e-01 1.814036074188563052e-01 1.946644498421524760e-01 1.042239008466116224e-01 9.433600686336197916e-02 5.233709447704194828e-02 5.233709447704194828e-02
5.241080823649921228e-02 5.241080823649921228e-02 8.474847003031535375e-02 9.496591069469154101e-02 1.778747726799565221e-01 1.744854740355287759e-01 2.753878952299920191e-01 2.771740051744205346e-01 4.028449574750553319e-01 4.100622107315670117e-01 3.266205039170952396e-01 2.815980808024207693e-01 3.266205039171196089e-01 4.100622107315958220e-01 4.028449574751025719e-01 2.771740051744312483e-01 2.753878952300108374e-01 1.744854740355453460e-01 1.778747726799699835e-01 9.496591069470088076e-02 8.474847003032084936e-02 5.241080823650526993e-02 5.241080823650526993e-02
5.401711588972316069e-02 5.401711588972316069e-02 8.023197645160022595e-02 8.710266121606000111e-02 1.632331917806019161e-01 1.672938440555746253e-01 2.728340361250710111e-01 2.722768737606569567e-01 3.930086305597237373e-01 4.076376615876437515e-01 3.253093473207601116e-01 2.864329228880643785e-01 3.253093473207878117e-01 4.076376615876747267e-01 3.930086305597710883e-01 2.722768737606703904e-01 2.728340361250932711e-01 1.672938440555912509e-01 1.632331917806148502e-01 8.710266121606928535e-02 8.023197645160561053e-02 5.401711588973008571e-02 5.401711588973008571e-02
5.647036613983767717e-02 5.647036613983767717e-02 7.955182244468134156e-02 8.195270725555546532e-02 1.514131510135031389e-01 1.604372767056065074e-01 2.699268908192880567e-01 2.687383812547386452e-01 3.839290232397150060e-01 4.069475039050440279e-01 3.273332886161766653e-01 2.929202660104522349e-01 3.273332886162076960e-01 4.069475039050775567e-01 3.839290232397633562e-01 2.687383812547550210e-01 2.699268908193124261e-01 1.604372767056236881e-01 1.514131510135165448e-01 8.195270725556577651e-02 7.955182244468728125e-02 5.647036613984516423e-02 5.647036613984516423e-02
5.887116844520022541e-02 5.887116844520022541e-02 8.102431972231889656e-02 8.033859966795578456e-02 1.425707372492077962e-01 1.545150251970638933e-01 2.676779914274141081e-01 2.675169928846045098e-01 3.776539682615637772e-01 4.072099666063542234e-01 3.317372222530733383e-01 3.007878089978168190e-01 3.317372222531070336e-01 4.072099666063888623e-01 3.776539682616134042e-01 2.675169928846246603e-01 2.676779914274426964e-01 1.545150251970825728e-01 1.425707372492223957e-01 8.033859966796801089e-02 8.102431972232582158e-02 5.887116844520805942e-02 5.887116844520805942e-02
6.052034163865416261e-02 6.052034163865416261e-02 8.358657135276802153e-02 8.263055843829635039e-02 1.369874903049334847e-01 1.501777358452322797e-01 2.673536470509373930e-01 2.691858046392936465e-01 3.748804935867219856e-01 4.072773059554607999e-01 3.372103969666143120e-01 3.100899822581213994e-01 3.372103969666500056e-01 4.072773059554974928e-01 3.748804935867731114e-01 2.691858046393188486e-01 2.673536470509704777e-01 1.501777358452532629e-01 1.369874903049513593e-01 8.263055843831107472e-02 8.358657135277647310e-02 6.052034163866196886e-02 6.052034163866196886e-02
6.118610451713261261e-02 6.118610451713261261e-02 8.724995466785909204e-02 8.874792032018448407e-02 1.352258935114550864e-01 1.480520055459876583e-01 2.697098897156356978e-01 2.735946597552033066e-01 3.746328775042356285e-01 4.059543899343658335e-01 3.428029849938907248e-01 3.212316753334281683e-01 3.428029849939268070e-01 4.059543899344035256e-01 3.746328775042886416e-01 2.735946597552346704e-01 2.697098897156737785e-01 1.480520055460115003e-01 1.352258935114757921e-01 8.874792032020227539e-02 8.724995466786911180e-02 6.118610451714046744e-02 6.118610451714046744e-02
6.113406769084662323e-02 6.113406769084662323e-02 9.279862822676004930e-02 9.810096591047187675e-02 1.378012402096473188e-01 1.485782235646517513e-01 2.743819289377610882e-01 2.797942401605112428e-01 3.746600080403409971e-01 4.023575648486868439e-01 3.483507404257075724e-01 3.347176452119606793e-01 3.483507404257434326e-01 4.023575648487250911e-01 3.746600080403955091e-01 2.797942401605483242e-01 2.743819289378035542e-01 1.485782235646790905e-01 1.378012402096714939e-01 9.810096591049267956e-02 9.279862822677219236e-02 6.113406769085474868e-02 6.113406769085474868e-02
6.093931659792312105e-02 6.093931659792312105e-02 1.010021890578338133e-01 1.095458439587021771e-01 1.446797055270670485e-01 1.518630762045713178e-01 2.798664222103827703e-01 2.862903772307322514e-01 3.723954318812890962e-01 3.961745698824006845e-01 3.543899390530884652e-01 3.506990502616597616e-01 3.543899390531221605e-01 3.961745698824395978e-01 3.723954318813442188e-01 2.862903772307759942e-01 2.798664222104284005e-01 1.518630762046019322e-01 1.446797055270938603e-01 1.095458439587258109e-01 1.010021890578488291e-01 6.093931659793166977e-02 6.093931659793166977e-02
6.118694418958992715e-02 6.118694418958992715e-02 1.118313740371948140e-01 1.214575144209946722e-01 1.549755863566145142e-01 1.576273735890856009e-01 2.841728157055233850e-01 2.915370638197425923e-01 3.660449351373788462e-01 3.877205308419344187e-01 3.616419156202190788e-01 3.685315794350154106e-01 3.616419156202513308e-01 3.877205308419731100e-01 3.660449351374340243e-01 2.915370638197926079e-01 2.841728157055730120e-01 1.576273735891196293e-01 1.549755863566443792e-01 1.214575144210204710e-01 1.118313740372126330e-01 6.118694418959937792e-02 6.118694418959937792e-02
6.219847672949240652e-02 6.219847672949240652e-02 1.241088648470437678e-01 1.319806544830819939e-01 1.670459569465436722e-01 1.652623442385970087e-01 2.857944113572541411e-01 2.944545239239804157e-01 3.552880328302081558e-01 3.777635648172686378e-01 3.703722671859170923e-01 3.865960367783994323e-01 3.703722671859466242e-01 3.777635648173071070e-01 3.552880328302623347e-01 2.944545239240347612e-01 2.857944113573048228e-01 1.652623442386337016e-01 1.670459569465753136e-01 1.319806544831089168e-01 1.241088648470642930e-01 6.219847672950300221e-02 6.219847672950300221e-02
6.389247899048246249e-02 6.389247899048246249e-02 1.357589922469815136e-01 1.394248030137643646e-01 1.789168396525259996e-01 1.739456607540109112e-01 2.844369512703415759e-01 2.947432466925332117e-01 3.412605643140928513e-01 3.671867383746520441e-01 3.799764547037613460e-01 4.025341578787944852e-01 3.799764547037884910e-01 3.671867383746907354e-01 3.412605643141458645e-01 2.947432466925913874e-01 2.844369512703937564e-01 1.739456607540508792e-01 1.789168396525590010e-01 1.394248030137915928e-01 1.357589922470042176e-01 6.389247899049409207e-02 6.389247899049409207e-02
6.582027545359642184e-02 6.582027545359642184e-02 1.445072052348852498e-01 1.426844778298541061e-01 1.888012082261524560e-01 1.827537229038010413e-01 2.810804872545407673e-01 2.928673883084746410e-01 3.258484350973979149e-01 3.566236119391694159e-01 3.890152634014292787e-01 4.138682380162834740e-01 3.890152634014544808e-01 3.566236119392088844e-01 3.258484350974484856e-01 2.928673883085359808e-01 2.810804872545940580e-01 1.827537229038433686e-01 1.888012082261862623e-01 1.426844778298819449e-01 1.445072052349098690e-01 6.582027545360874532e-02 6.582027545360874532e-02
6.734599555636103241e-02 6.734599555636103241e-02 1.486880920940135409e-01 1.415374083975962649e-01 1.954781445695023268e-01 1.907427088127551795e-01 2.773501722337056163e-01 2.897452656084146261e-01 3.106789809369126520e-01 3.462195368022639164e-01 3.957008302062084981e-01 4.187937011652519970e-01 3.957008302062318128e-01 3.462195368023047171e-01 3.106789809369606137e-01 2.897452656084795741e-01 2.773501722337611830e-01 1.907427088127999770e-01 1.954781445695367437e-01 1.415374083976241038e-01 1.486880920940383544e-01 6.734599555637305057e-02 6.734599555637305057e-02
6.789236428183320626e-02 6.789236428183320626e-02 1.478229810630551089e-01 1.367174720362821783e-01 1.984500558351350308e-01 1.970236554878851687e-01 2.745806060530999737e-01 2.863201666175868021e-01 2.963514152825018066e-01 3.356195748686895963e-01 3.986212824188120063e-01 4.168423082365677601e-01 3.986212824188333781e-01 3.356195748687319513e-01 2.963514152825468262e-01 2.863201666176550808e-01 2.745806060531588710e-01 1.970236554879324364e-01 1.984500558351699473e-01 1.367174720363104334e-01 1.478229810630798391e-01 6.789236428184491912e-02 6.789236428184491912e-02
6.716181610621538289e-02 6.716181610621538289e-02 1.427802489771726469e-01 1.297443800509127665e-01 1.979469668589154685e-01 2.008806980273069309e-01 2.731264131471130008e-01 2.832206290330639975e-01 2.823165691523730758e-01 3.241877484748931226e-01 3.973798554637156810e-01 4.091495097928086189e-01 3.973798554637370528e-01 3.241877484749361993e-01 2.823165691524146537e-01 2.832206290331346077e-01 2.731264131471757839e-01 2.008806980273561971e-01 1.979469668589519116e-01 1.297443800509414380e-01 1.427802489771972383e-01 6.716181610622617981e-02 6.716181610622617981e-02
6.526196802599848468e-02 6.526196802599848468e-02 1.355200520873292291e-01 1.225709529814922039e-01 1.948851843141311546e-01 2.019522361333736526e-01 2.723061222585951846e-01 2.806447255972636667e-01 2.674703520883456309e-01 3.113646653248285934e-01 3.928578200721062341e-01 3.982055421233359205e-01 3.928578200721277169e-01 3.113646653248728913e-01 2.674703520883844887e-01 2.806447255973375521e-01 2.723061222586610763e-01 2.019522361334245564e-01 1.948851843141704010e-01 1.225709529815231236e-01 1.355200520873544312e-01 6.526196802600858771e-02 6.526196802600858771e-02
6.270148319363480494e-02 6.270148319363480494e-02 1.285520631619952170e-01 1.171468281318430033e-01 1.907991232844857832e-01 2.004277583131409690e-01 2.709794926845165985e-01 2.784682631157976984e-01 2.511452688655598786e-01 2.970129804119098216e-01 3.869684349505045362e-01 3.871637320605408328e-01 3.869684349505264076e-01 2.970129804119538419e-01 2.511452688655967935e-01 2.784682631158749144e-01 2.709794926845875973e-01 2.004277583131946205e-01 1.907991232845288321e-01 1.171468281318770455e-01 1.285520631620223619e-01 6.270148319364422795e-02 6.270148319364422795e-02
6.026277744818166193e-02 6.026277744818166193e-02 1.242739301082683989e-01 1.149951513329566383e-01 1.876508558129093007e-01 1.971557755601493211e-01 2.683893510802764504e-01 2.764607071523468851e-01 2.339612480704107156e-01 2.816039976677612300e-01 3.819757469702701469e-01 3.789413867991494600e-01 3.819757469702922958e-01 2.816039976678056389e-01 2.339612480704468256e-01 2.764607071524264881e-01 2.683893510803512239e-01 1.971557755602056927e-01 1.876508558129575399e-01 1.149951513329946218e-01 1.242739301082986941e-01 6.026277744819124454e-02 6.026277744819124454e-02
5.879196653005203804e-02 5.879196653005203804e-02 1.243474399939649699e-01 1.168815534841283338e-01 1.874132300369072968e-01 1.935590099786406171e-01 2.647646144609765995e-01 2.744560179947163059e-01 2.180444036416933073e-01 2.661615391204601999e-01 3.796225904267125917e-01 3.754168795853589091e-01 3.796225904267357398e-01 2.661615391205042203e-01 2.180444036417295561e-01 2.744560179947996836e-01 2.647646144610539265e-01 1.935590099787000418e-01 1.874132300369619475e-01 1.168815534841703835e-01 1.243474399939997754e-01 5.879196653006261986e-02 5.879196653006261986e-02
5.896788118670661522e-02 5.896788118670661522e-02 1.292535657664339033e-01 1.226427423982859310e-01 1.914638152579274666e-01 1.913253084104534207e-01 2.613463113490452905e-01 2.723798558884940046e-01 2.064249725609310082e-01 2.519786998936274780e-01 3.803922993188222357e-01 3.769817894859288643e-01 3.803922993188454948e-01 2.519786998936702771e-01 2.064249725609689501e-01 2.723798558885799359e-01 2.613463113491275580e-01 1.913253084105169810e-01 1.914638152579885011e-01 1.226427423983317416e-01 1.292535657664743431e-01 5.896788118671916767e-02 5.896788118671916767e-02
6.111685123161270800e-02 6.111685123161270800e-02 1.381499466643524576e-01 1.312293547433547869e-01 2.000233984373891716e-01 1.919514780962402467e-01 2.598438138073857484e-01 2.701395731674549605e-01 2.018401541367304541e-01 2.402209838623277360e-01 3.831977722629127947e-01 3.825737319809733861e-01 3.831977722629351657e-01 2.402209838623690086e-01 2.018401541367710328e-01 2.701395731675428902e-01 2.598438138074712911e-01 1.919514780963088862e-01 2.000233984374567009e-01 1.312293547434036367e-01 1.381499466643974772e-01 6.111685123162775152e-02 6.111685123162775152e-02
6.512639930544168732e-02 6.512639930544168732e-02 1.491021817616078882e-01 1.409813335799237899e-01 2.119563002427961307e-01 1.962986648909587073e-01 2.616364055536734567e-01 2.674741152613409056e-01 2.054840646262673098e-01 2.315809949204065687e-01 3.856498948361124501e-01 3.901456504492313293e-01 3.856498948361333223e-01 2.315809949204448992e-01 2.054840646263111914e-01 2.674741152614295014e-01 2.616364055537631073e-01 1.962986648910333143e-01 2.119563002428684617e-01 1.409813335799745548e-01 1.491021817616564327e-01 6.512639930545884026e-02 6.512639930545884026e-02
7.048154231288797367e-02 7.048154231288797367e-02 1.596541881214995351e-01 1.500849606545308357e-01 2.251195040329019292e-01 2.043226985143425378e-01 2.671340844471204456e-01 2.638867395246067282e-01 2.162981077975545396e-01 2.261262690558018540e-01 3.848351940195457455e-01 3.973803278943366379e-01 3.848351940195633425e-01 2.261262690558362431e-01 2.162981077976005861e-01 2.638867395246938807e-01 2.671340844472138709e-01 2.043226985144231400e-01 2.251195040329782571e-01 1.500849606545818227e-01 1.596541881215490233e-01 7.048154231290774951e-02 7.048154231290774951e-02
7.641039764070049756e-02 7.641039764070049756e-02 1.675746236652854715e-01 1.570837077438703711e-01 2.371627167327651498e-01 2.150693059278628305e-01 2.755772956194945111e-01 2.587352615096706332e-01 2.311531179723629315e-01 2.233917567103338164e-01 3.783111095864735707e-01 4.023861900406815462e-01 3.783111095864863382e-01 2.233917567103644586e-01 2.311531179724108931e-01 2.587352615097560093e-01 2.755772956195924328e-01 2.150693059279489561e-01 2.371627167328434482e-01 1.570837077439215246e-01 1.675746236653349319e-01 7.641039764072164731e-02 7.641039764072164731e-02
8.209316812943122377e-02 8.209316812943122377e-02 1.715337335056962564e-01 1.612756104350261677e-01 2.464225478144415893e-01 2.269165107922072877e-01 2.853041290071061109e-01 2.514652143458918632e-01 2.458685477927377572e-01 2.226586809729669270e-01 3.649204942315231182e-01 4.041399859731445998e-01 3.649204942315295019e-01 2.226586809729931005e-01 2.458685477927865792e-01 2.514652143459729650e-01 2.853041290072069747e-01 2.269165107922982982e-01 2.464225478145219139e-01 1.612756104350777375e-01 1.715337335057442736e-01 8.209316812945290087e-02 8.209316812945290087e-02
8.687101284423603964e-02 8.687101284423603964e-02 1.714783755312416225e-01 1.628581386256730268e-01 2.524869519346631397e-01 2.379625469105655922e-01 2.943041137557440012e-01 2.418920680441225546e-01 2.566499215556205526e-01 2.232883262143395553e-01 3.451096822650250306e-01 4.025626493090719848e-01 3.451096822650242535e-01 2.232883262143618708e-01 2.566499215556699576e-01 2.418920680441992987e-01 2.943041137558484732e-01 2.379625469106598223e-01 2.524869519347445745e-01 1.628581386257252628e-01 1.714783755312880298e-01 8.687101284425736980e-02 8.687101284425736980e-02
9.039395857975450477e-02 9.039395857975450477e-02 1.685781886361708004e-01 1.627692398973608623e-01 2.561680969842357047e-01 2.464321407059088531e-01 3.008073774912309872e-01 2.304088623747889697e-01 2.613688350920778114e-01 2.249731681034705943e-01 3.206734748500404408e-01 3.982738056769072332e-01 3.206734748500340015e-01 2.249731681034898290e-01 2.613688350921279380e-01 2.304088623748604403e-01 3.008073774913371246e-01 2.464321407060040270e-01 2.561680969843204148e-01 1.627692398974145416e-01 1.685781886362162918e-01 9.039395857977526594e-02 9.039395857977526594e-02
9.266827981507415324e-02 9.266827981507415324e-02 1.647645454185331371e-01 1.622818763995559632e-01 2.589140410929021141e-01 2.510043453915799527e-01 3.037210033638275686e-01 2.180242145107547380e-01 2.602056438250414661e-01 2.278192211329070627e-01 2.941120757258348095e-01 3.921945026193882633e-01 2.941120757258231522e-01 2.278192211329238548e-01 2.602056438250923143e-01 2.180242145108206575e-01 3.037210033639333728e-01 2.510043453916753764e-01 2.589140410929910430e-01 1.622818763996132785e-01 1.647645454185791003e-01 9.266827981509448420e-02 9.266827981509448420e-02
9.399671141986626344e-02 9.399671141986626344e-02 1.620213451628493284e-01 1.624969784908851800e-01 2.619574955746935552e-01 2.510208325811472130e-01 3.028432717061627089e-01 2.062024081838884637e-01 2.554501977497493637e-01 2.322480581751976136e-01 2.679237759708358868e-01 3.852006283157606847e-01 2.679237759708207878e-01 2.322480581752133233e-01 2.554501977497999898e-01 2.062024081839496648e-01 3.028432717062677360e-01 2.510208325812403052e-01 2.619574955747877576e-01 1.624969784909463533e-01 1.620213451628970402e-01 9.399671141988714951e-02 9.399671141988714951e-02
9.483926738501956277e-02 9.483926738501956277e-02 1.616746536498064324e-01 1.639188739624524438e-01 2.656207976301633300e-01 2.465786975440291406e-01 2.988762270013858302e-01 1.965489268738963013e-01 2.505770941245000771e-01 2.387708307566046018e-01 2.441128875093333539e-01 3.779634612934541504e-01 2.441128875093155348e-01 2.387708307566197008e-01 2.505770941245510919e-01 1.965489268739534501e-01 2.988762270014892475e-01 2.465786975441199569e-01 2.656207976302623619e-01 1.639188739625177249e-01 1.616746536498576969e-01 9.483926738504191989e-02 9.483926738504191989e-02
9.564713378981055947e-02 9.564713378981055947e-02 1.639413738222273431e-01 1.662756357624920744e-01 2.691223069554117830e-01 2.385252082884468106e-01 2.932785922813039847e-01 1.904340070756131709e-01 2.489553160047757452e-01 2.477219463993006465e-01 2.240200682562730472e-01 3.709922693661694693e-01 2.240200682562542844e-01 2.477219463993161341e-01 2.489553160048275371e-01 1.904340070756675996e-01 2.932785922814070134e-01 2.385252082885362390e-01 2.691223069555159775e-01 1.662756357625614911e-01 1.639413738222831596e-01 9.564713378983566439e-02 9.564713378983566439e-02
9.672802780401117129e-02 9.672802780401117129e-02 1.679185873099690307e-01 1.686645512975017136e-01 2.709934825038408102e-01 2.283573143720868948e-01 2.879761090092520237e-01 1.886621183211762420e-01 2.526472914039120665e-01 2.590439925039272340e-01 2.083997102765493548e-01 3.647840416870083424e-01 2.083997102765306753e-01 2.590439925039434432e-01 2.526472914039644690e-01 1.886621183212299213e-01 2.879761090093566622e-01 2.283573143721753240e-01 2.709934825039493345e-01 1.686645512975736005e-01 1.679185873100291215e-01 9.672802780404035627e-02 9.672802780404035627e-02
9.818568500680265043e-02 9.818568500680265043e-02 1.720325733161196247e-01 1.699789371666747817e-01 2.699192382751379737e-01 2.180107974523239067e-01 2.849315036505406518e-01 1.912795116866248535e-01 2.616902457701137941e-01 2.721924729933737908e-01 1.975742604864247354e-01 3.599400190136701205e-01 1.975742604864069163e-01 2.721924729933906661e-01 2.616902457701661966e-01 1.912795116866790324e-01 2.849315036506491206e-01 2.180107974524121972e-01 2.699192382752495512e-01 1.699789371667484450e-01 1.720325733161847392e-01 9.818568500683633182e-02 9.818568500683633182e-02
9.994476063268376009e-02 9.994476063268376009e-02 1.747730010303832071e-01 1.694509104602210381e-01 2.655945920710724439e-01 2.095305111614114701e-01 2.856148528449072299e-01 1.975745124744667791e-01 2.740722388159586576e-01 2.861869948637993377e-01 1.915158592344530508e-01 3.571412881531338401e-01 1.915158592344365918e-01 2.861869948638165462e-01 2.740722388160122813e-01 1.975745124745225123e-01 2.856148528450220270e-01 2.095305111615018423e-01 2.655945920711861863e-01 1.694509104602946459e-01 1.747730010304516801e-01 9.994476063272121624e-02 9.994476063272121624e-02
1.018387441998676174e-01 1.018387441998676174e-01 1.754026034601122164e-01 1.670826880523704483e-01 2.591617230719381326e-01 2.046537366136649549e-01 2.904987870260302696e-01 2.062760765991923095e-01 2.863836721131676755e-01 2.997876217468448123e-01 1.898058591346241386e-01 3.569616835885962569e-01 1.898058591346099555e-01 2.997876217468624094e-01 2.863836721132208551e-01 2.062760765992508460e-01 2.904987870261530603e-01 2.046537366137582137e-01 2.591617230720537068e-01 1.670826880524430569e-01 1.754026034601831319e-01 1.018387441999084320e-01 1.018387441999084320e-01
1.037169801218191245e-01 1.037169801218191245e-01 1.743321774453442108e-01 1.637747571807722513e-01 2.529777541790739770e-01 2.043950525228702408e-01 2.987714578154238576e-01 2.159043726761055437e-01 2.949162525307407745e-01 3.117380369941769036e-01 1.915408608126016043e-01 3.595916733454531111e-01 1.915408608125897527e-01 3.117380369941951113e-01 2.949162525307942873e-01 2.159043726761669113e-01 2.987714578155541978e-01 2.043950525229675241e-01 2.529777541791919382e-01 1.637747571808448599e-01 1.743321774454179018e-01 1.037169801218613963e-01 1.037169801218613963e-01
1.055257980723433436e-01 1.055257980723433436e-01 1.729952990811024494e-01 1.610834024579148038e-01 2.497779248982109346e-01 2.087582393528645552e-01 3.084429644000266646e-01 2.251820535284111413e-01 2.968539426824916005e-01 3.210041534507777627e-01 1.953303859485489846e-01 3.646088928196912216e-01 1.953303859485395200e-01 3.210041534507953598e-01 2.968539426825447247e-01 2.251820535284740910e-01 3.084429644001618342e-01 2.087582393529652525e-01 2.497779248983309219e-01 1.610834024579861357e-01 1.729952990811761127e-01 1.055257980723853933e-01 1.055257980723853933e-01
1.073361803856945351e-01 1.073361803856945351e-01 1.732780482644813158e-01 1.606957984034438069e-01 2.515868811736640120e-01 2.166896823073792278e-01 3.168922781047552872e-01 2.333871134678754955e-01 2.911816739719503278e-01 3.269487492718616828e-01 1.995201258487481755e-01 3.709302566009293201e-01 1.995201258487410423e-01 3.269487492718802790e-01 2.911816739719987335e-01 2.333871134679392223e-01 3.168922781048917336e-01 2.166896823074829503e-01 2.515868811737863031e-01 1.606957984035154718e-01 1.732780482645552844e-01 1.073361803857342950e-01 1.073361803857342950e-01
1.093161963388446650e-01 1.093161963388446650e-01 1.767481905306934886e-01 1.638255419445375782e-01 2.588532073932402477e-01 2.263233158344595264e-01 3.217082406054356802e-01 2.405296003126720372e-01 2.790233951888927977e-01 3.294081064018126725e-01 2.026591729143684684e-01 3.770103555032480735e-01 2.026591729143626119e-01 3.294081064018300475e-01 2.790233951889366515e-01 2.405296003127352089e-01 3.217082406055681854e-01 2.263233158345644147e-01 2.588532073933648703e-01 1.638255419446117411e-01 1.767481905307672074e-01 1.093161963388813301e-01 1.093161963388813301e-01
1.116682965325781207e-01 1.116682965325781207e-01 1.839999478713774950e-01 1.707564159736892906e-01 2.701839090593151638e-01 2.354700321612055725e-01 3.215174232528181797e-01 2.472742726365130816e-01 2.632880923578525545e-01 3.286622687238461848e-01 2.040515232352124453e-01 3.812357652140489495e-01 2.040515232352078379e-01 3.286622687238631157e-01 2.632880923578903021e-01 2.472742726365753374e-01 3.215174232529433018e-01 2.354700321613105440e-01 2.701839090594423398e-01 1.707564159737662568e-01 1.839999478714513803e-01 1.116682965326116217e-01 1.116682965326116217e-01
1.145611536790501067e-01 1.145611536790501067e-01 1.943636757887171329e-01 1.806945731703001878e-01 2.827871787092883227e-01 2.422113055375799129e-01 3.164559490605383107e-01 2.546086216158227056e-01 2.477167482975388968e-01 3.253122551216260927e-01 2.040991912060015068e-01 3.823604938446527601e-01 2.040991912059973157e-01 3.253122551216434677e-01 2.477167482975710655e-01 2.546086216158831017e-01 3.164559490606528858e-01 2.422113055376821922e-01 2.827871787094157763e-01 1.806945731703803459e-01 1.943636757887915179e-01 1.145611536790816509e-01 1.145611536790816509e-01
1.180817093733182582e-01 1.180817093733182582e-01 2.060695762195589031e-01 1.919671110824114069e-01 2.934227235373296216e-01 2.454064716888020026e-01 3.080656890659997926e-01 2.633514652491408814e-01 2.356342112296125613e-01 3.200989410848755767e-01 2.041751113078786872e-01 3.797967625891873755e-01 2.041751113078748570e-01 3.200989410848931183e-01 2.356342112296394287e-01 2.633514652492006669e-01 3.080656890661028768e-01 2.454064716889016173e-01 2.934227235374566867e-01 1.919671110824954785e-01 2.060695762196355918e-01 1.180817093733505796e-01 1.180817093733505796e-01
1.222200868222808046e-01 1.222200868222808046e-01 2.167802554393382375e-01 2.024831089815713747e-01 2.994555068755598848e-01 2.449424947495770777e-01 2.986324885881300739e-01 2.736749033533956155e-01 2.288442200956135875e-01 3.137187052095929962e-01 2.059890599228153263e-01 3.736457797220948396e-01 2.059890599228122454e-01 3.137187052096109818e-01 2.288442200956383454e-01 2.736749033534554010e-01 2.986324885882234437e-01 2.449424947496741112e-01 2.994555068756852290e-01 2.024831089816598317e-01 2.167802554394184233e-01 1.222200868223164705e-01 1.222200868223164705e-01
1.268852223403478807e-01 1.268852223403478807e-01 2.242893301933504002e-01 2.102970929665200217e-01 2.996023259420267926e-01 2.416448379061272300e-01 2.902310519324957649e-01 2.848318459714971329e-01 2.270875428238678662e-01 3.066981287055433603e-01 2.107150029888822662e-01 3.644903257806672014e-01 2.107150029888805731e-01 3.066981287055632888e-01 2.270875428238923188e-01 2.848318459715590834e-01 2.902310519325829175e-01 2.416448379062218488e-01 2.996023259421511375e-01 2.102970929666114208e-01 2.242893301934363870e-01 1.268852223403898194e-01 1.268852223403898194e-01
1.319385087321151839e-01 1.319385087321151839e-01 2.271547750907881025e-01 2.141035404347394755e-01 2.941387339655956445e-01 2.368956167003499202e-01 2.838822104616742781e-01 2.952222316576870176e-01 2.282847503243061182e-01 2.993695553183330915e-01 2.183335082166825147e-01 3.530924357437397187e-01 2.183335082166820706e-01 2.993695553183553515e-01 2.282847503243327913e-01 2.952222316577515215e-01 2.838822104617575448e-01 2.368956167004441782e-01 2.941387339657187128e-01 2.141035404348340665e-01 2.271547750908806673e-01 1.319385087321655603e-01 1.319385087321655603e-01
1.372293369686423403e-01 1.372293369686423403e-01 2.250854029450246874e-01 2.135347628079239946e-01 2.845880963661270302e-01 2.321149055156774554e-01 2.791913597312984385e-01 3.028090483585830217e-01 2.294708161202054508e-01 2.919426606570631466e-01 2.275662788398365444e-01 3.401698208735056683e-01 2.275662788398383485e-01 2.919426606570895144e-01 2.294708161202359264e-01 3.028090483586528547e-01 2.791913597313813167e-01 2.321149055157730456e-01 2.845880963662488217e-01 2.135347628080198346e-01 2.250854029451228588e-01 1.372293369687015985e-01 1.372293369687015985e-01
1.426198529315092778e-01 1.426198529315092778e-01 2.189907829242025150e-01 2.092062051632133657e-01 2.731087936342494471e-01 2.283023032209977876e-01 2.746311783974175191e-01 3.057585414947946445e-01 2.280408734123944292e-01 2.846182926945005076e-01 2.364694669468893340e-01 3.263480817828326996e-01 2.364694669468934418e-01 2.846182926945306502e-01 2.280408734124291237e-01 3.057585414948674196e-01 2.746311783975000642e-01 2.283023032210965697e-01 2.731087936343707945e-01 2.092062051633108988e-01 2.189907829243057102e-01 1.426198529315770569e-01 1.426198529315770569e-01
1.479940676446925840e-01 1.479940676446925840e-01 2.107031597227851105e-01 2.025245768867330043e-01 2.618489843777212500e-01 2.257923351305438642e-01 2.683480461878822720e-01 3.030852322079587435e-01 2.228068508324278774e-01 2.776703570563469614e-01 2.433900870095491720e-01 3.122555890279526958e-01 2.433900870095564994e-01 2.776703570563830437e-01 2.228068508324675123e-01 3.030852322080343497e-01 2.683480461879658163e-01 2.257923351306474202e-01 2.618489843778447068e-01 2.025245768868321194e-01 2.107031597228907760e-01 1.479940676447662751e-01 1.479940676447662751e-01
1.532552669781107324e-01 1.532552669781107324e-01 2.024629840048423335e-01 1.953271900705666475e-01 2.524640992476195889e-01 2.242756864626277435e-01 2.591392369293810671e-01 2.950704647836389638e-01 2.144655214622500083e-01 2.714423225814630580e-01 2.477857724456622446e-01 2.986285238052298618e-01 2.477857724456716260e-01 2.714423225815041363e-01 2.144655214622942785e-01 2.950704647837180117e-01 2.591392369294657771e-01 2.242756864627350188e-01 2.524640992477441559e-01 1.953271900706665676e-01 2.024629840049476937e-01 1.532552669781882815e-01 1.532552669781882815e-01
1.583218923481516660e-01 1.583218923481516660e-01 1.963174217679504729e-01 1.894493155150600849e-01 2.458682484281998482e-01 2.230304451786887243e-01 2.471712790316170083e-01 2.832968176852926345e-01 2.053347460836181249e-01 2.662528897847855069e-01 2.504707799756218378e-01 2.862857553568117219e-01 2.504707799756316633e-01 2.662528897848318588e-01 2.053347460836672245e-01 2.832968176853724040e-01 2.471712790316994979e-01 2.230304451788000242e-01 2.458682484283247482e-01 1.894493155151608654e-01 1.963174217680533074e-01 1.583218923482299367e-01 1.583218923482299367e-01
1.631327309468480757e-01 1.631327309468480757e-01 1.936048760609327679e-01 1.863213140164516890e-01 2.421955820712581031e-01 2.212404057470343244e-01 2.341195529050196233e-01 2.702705170604329243e-01 1.984968547426141094e-01 2.622527972165871746e-01 2.531398139016743931e-01 2.759199802048954986e-01 2.531398139016840521e-01 2.622527972166386889e-01 1.984968547426670948e-01 2.702705170605123053e-01 2.341195529050999202e-01 2.212404057471467900e-01 2.421955820713821705e-01 1.863213140165534132e-01 1.936048760610318553e-01 1.631327309469244036e-01 1.631327309469244036e-01
1.676661105383999428e-01 1.676661105383999428e-01 1.946771059354951705e-01 1.866819635285880963e-01 2.409139295713740858e-01 2.182715537823921303e-01 2.226533592216456414e-01 2.587426859198990181e-01 1.966838148666535113e-01 2.593006739864892052e-01 2.573860963979275329e-01 2.677803633414585494e-01 2.573860963979348049e-01 2.593006739865434396e-01 1.966838148667110764e-01 2.587426859199772888e-01 2.226533592217218305e-01 2.182715537825044849e-01 2.409139295714968210e-01 1.866819635286916246e-01 1.946771059355905109e-01 1.676661105384745221e-01 1.676661105384745221e-01
1.719665639514672550e-01 1.719665639514672550e-01 1.989387698040880614e-01 1.904625673680412912e-01 2.410431829044969998e-01 2.138235301253509357e-01 2.154634823649318465e-01 2.509404261557957039e-01 2.012983483499961590e-01 2.569241001560668147e-01 2.636928408239643251e-01 2.614166999407984138e-01 2.636928408239677113e-01 2.569241001561224924e-01 2.012983483500568049e-01 2.509404261558723648e-01 2.154634823650028730e-01 2.138235301254596266e-01 2.410431829046162933e-01 1.904625673681463738e-01 1.989387698041811536e-01 1.719665639515405853e-01 1.719665639515405853e-01
1.761611913726683909e-01 1.761611913726683909e-01 2.051751945930562482e-01 1.968537335451690795e-01 2.414444828064379323e-01 2.079406282351990154e-01 2.142176879789522703e-01 2.479476966913018721e-01 2.118948494580461528e-01 2.544058225357173630e-01 2.709111434948188180e-01 2.556588905874926376e-01 2.709111434948187069e-01 2.544058225357735403e-01 2.118948494581099629e-01 2.479476966913768954e-01 2.142176879790196609e-01 2.079406282353023216e-01 2.414444828065533954e-01 1.968537335452762438e-01 2.051751945931501453e-01 1.761611913727420542e-01 1.761611913727420542e-01
1.804436707035697585e-01 1.804436707035697585e-01 2.120292363321678308e-01 2.045223237736487065e-01 2.411343900003101171e-01 2.009230351112865631e-01 2.188586155619207940e-01 2.494257323691740358e-01 2.262805156293004050e-01 2.509912322945377361e-01 2.765238333459112408e-01 2.489118618752429180e-01 2.765238333459085207e-01 2.509912322945919705e-01 2.262805156293665465e-01 2.494257323692472272e-01 2.188586155619835494e-01 2.009230351113834578e-01 2.411343900004210838e-01 2.045223237737581190e-01 2.120292363322650309e-01 1.804436707036470022e-01 1.804436707036470022e-01
1.850120492227710634e-01 1.850120492227710634e-01 2.184269297410071642e-01 2.119123538501387349e-01 2.395454629080841502e-01 1.932012655104441701e-01 2.275200338518501564e-01 2.537524873138439774e-01 2.411925326570698302e-01 2.461632297298562422e-01 2.776341978773777530e-01 2.397013315283179347e-01 2.776341978773737562e-01 2.461632297299077010e-01 2.411925326571377759e-01 2.537524873139153647e-01 2.275200338519091092e-01 1.932012655105329879e-01 2.395454629081907871e-01 2.119123538502505066e-01 2.184269297411107202e-01 1.850120492228546631e-01 1.850120492228546631e-01
1.899672347293808183e-01 1.899672347293808183e-01 2.237779307592386302e-01 2.175521721404699571e-01 2.366369315670891205e-01 1.852238026972266860e-01 2.370923991498979089e-01 2.585290030868832023e-01 2.533215920754521289e-01 2.398920217753036377e-01 2.722793898575869287e-01 2.272809745245975288e-01 2.722793898575840421e-01 2.398920217753527651e-01 2.533215920755210182e-01 2.585290030869531464e-01 2.370923991499526429e-01 1.852238026973072049e-01 2.366369315671907891e-01 2.175521721405843378e-01 2.237779307593494305e-01 1.899672347294739660e-01 1.899672347294739660e-01
1.952051532628293062e-01 1.952051532628293062e-01 2.278908780187334782e-01 2.203049715814045240e-01 2.327949957603607511e-01 1.773778156525444294e-01 2.442197667124979543e-01 2.612908663261565012e-01 2.603404813522335881e-01 2.327582777495211253e-01 2.605018940836483776e-01 2.120634358171541445e-01 2.605018940836489327e-01 2.327582777495681154e-01 2.603404813523039207e-01 2.612908663262240583e-01 2.442197667125489691e-01 1.773778156526161220e-01 2.327949957604578124e-01 2.203049715815191545e-01 2.278908780188505512e-01 1.952051532629311414e-01 1.952051532629311414e-01
2.003537797997941017e-01 2.003537797997941017e-01 2.306960350891357203e-01 2.195319382250176810e-01 2.285547088319202502e-01 1.699390275022861774e-01 2.463562451235719875e-01 2.602077314872609515e-01 2.615925321106783996e-01 2.258776362513632008e-01 2.446859188104125726e-01 1.956854405531456564e-01 2.446859188104187344e-01 2.258776362514088587e-01 2.615925321107500645e-01 2.602077314873268987e-01 2.463562451236192830e-01 1.699390275023504593e-01 2.285547088320131481e-01 2.195319382251333662e-01 2.306960350892572897e-01 2.003537797999058179e-01 2.003537797999058179e-01
2.048037456013825919e-01 2.048037456013825919e-01 2.319770206595313244e-01 2.151688662508645100e-01 2.242770854726087171e-01 1.630422605783219403e-01 2.425056269319223468e-01 2.545671524443441358e-01 2.582026612479489946e-01 2.206179397286936739e-01 2.289482229701079452e-01 1.806425830929216936e-01 2.289482229701207405e-01 2.206179397287378885e-01 2.582026612480206595e-01 2.545671524444089728e-01 2.425056269319663671e-01 1.630422605783807266e-01 2.242770854726995056e-01 2.151688662509792238e-01 2.319770206596545592e-01 2.048037456015001923e-01 2.048037456015001923e-01
2.078527670125094040e-01 2.078527670125094040e-01 2.313127855303888647e-01 2.077313121056094947e-01 2.199564934981175501e-01 1.566745197624949959e-01 2.334046723343756180e-01 2.449141210678550951e-01 2.525681402596774427e-01 2.181793848113642853e-01 2.177587659117115881e-01 1.695881937805550910e-01 2.177587659117315166e-01 2.181793848114084167e-01 2.525681402597493852e-01 2.449141210679189606e-01 2.334046723344185281e-01 1.566745197625493413e-01 2.199564934982070619e-01 2.077313121057229872e-01 2.313127855305121272e-01 2.078527670126313065e-01 2.078527670126313065e-01
2.089372185907331370e-01 2.089372185907331370e-01 2.283104826990765557e-01 1.982569317852863888e-01 2.152756292611960054e-01 1.507029311261209870e-01 2.211278541942307274e-01 2.328298126173292404e-01 2.474106383542526433e-01 2.191736596631992662e-01 2.143063856241942400e-01 1.645253011200525362e-01 2.143063856242212739e-01 2.191736596632429257e-01 2.474106383543253351e-01 2.328298126173925231e-01 2.211278541942734155e-01 1.507029311261718907e-01 2.152756292612860167e-01 1.982569317853975221e-01 2.283104826991974590e-01 2.089372185908555946e-01 2.089372185908555946e-01
2.078777590114803953e-01 2.078777590114803953e-01 2.230292418599371385e-01 1.881784659868630805e-01 2.098931072257235741e-01 1.449479723398336695e-01 2.083024978354102164e-01 2.204448924721071068e-01 2.447437209656105894e-01 2.233602271050211252e-01 2.192684282870159262e-01 1.661746855941340639e-01 2.192684282870491497e-01 2.233602271050654509e-01 2.447437209656850021e-01 2.204448924721704728e-01 2.083024978354551249e-01 1.449479723398830189e-01 2.098931072258141961e-01 1.881784659869730758e-01 2.230292418600558213e-01 2.078777590116019647e-01 2.078777590116019647e-01
