# L = 12 / J = 1 / lamb = 0.5
# particle_position = 2
# final_time = 10 / steps = 100
0.000000000000000000e+00 0.000000000000000000e+00 0.000000000000000000e+00 0.000000000000000000e+00 1.000000000000000000e+00 1.000000000000000000e+00 1.000000000000000000e+00 0.000000000000000000e+00 0.000000000000000000e+00 0.000000000000000000e+00 0.000000000000000000e+00 0.000000000000000000e+00 0.000000000000000000e+00 0.000000000000000000e+00 0.000000000000000000e+00 0.000000000000000000e+00 0.000000000000000000e+00 0.000000000000000000e+00 0.000000000000000000e+00 0.000000000000000000e+00 0.000000000000000000e+00 0.000000000000000000e+00 0.000000000000000000e+00
2.446340471971356935e-03 2.446340471971356935e-03 4.929784630099686392e-03 2.495792266588468464e-03 9.950700938817416130e-01 9.975536198650862829e-01 9.950700938817690355e-01 2.495792266560666051e-03 4.929824187802214937e-03 2.446380091468176518e-03 4.880493970281202243e-03 2.446379887705556460e-03 4.880493766713283645e-03 2.446379887705253751e-03 4.880493766712994813e-03 2.446379887705269363e-03 4.880493766713011293e-03 2.446379887705277603e-03 4.880493766618221665e-03 2.446379887610392132e-03 4.880454208241962084e-03 2.446340267927170440e-03 2.446340267927170440e-03
9.165300389333655082e-03 9.165300389333655082e-03 1.890567037090543426e-02 9.930817051302682358e-03 9.810869488853003473e-01 9.908322756774515794e-01 9.810869489135802812e-01 9.930817023962987614e-03 1.890806804680003964e-02 9.167713353079533570e-03 1.814995389063275150e-02 9.167663122743268181e-03 1.814990384875342019e-02 9.167663121612257965e-03 1.814990384762665485e-02 9.167663121612297863e-03 1.814990384762531217e-02 9.167663121610903146e-03 1.814990375528270292e-02 9.167663028935802913e-03 1.814750542331713262e-02 9.165249885696927570e-03 9.165249885696927570e-03
1.846755806599355634e-02 1.846755806599355634e-02 3.969660458679289544e-02 2.213584802937566473e-02 9.602263391136827142e-01 9.815068763889329695e-01 9.602263406995652506e-01 2.213584655177207663e-02 3.972152577217170216e-02 1.849284923961826144e-02 3.613080964851412419e-02 1.849164008013755300e-02 3.612961038026051702e-02 1.849163994392816548e-02 3.612961024514089320e-02 1.849163994392015106e-02 3.612961024474250354e-02 1.849163994352665333e-02 3.612960534353941433e-02 1.849163500360181955e-02 3.610464936260607272e-02 1.846633449143233671e-02 1.846633449143233671e-02
2.805961743239366105e-02 2.805961743239366105e-02 6.422800979738919891e-02 3.879812576111562467e-02 9.353890503730226680e-01 9.718114060662410569e-01 9.353890773033095574e-01 3.879810171573400829e-02 6.435093437264716165e-02 2.818595047648603247e-02 5.400002499501207337e-02 2.817488085716537971e-02 5.398910929324057112e-02 2.817487698013179317e-02 5.398910546894881979e-02 2.817487697940870492e-02 5.398910544895534763e-02 2.817487695986384960e-02 5.398902789780751776e-02 2.817479835802184571e-02 5.386555360136006942e-02 2.804832196178906611e-02 2.804832196178906611e-02
3.567385628421395477e-02 3.567385628421395477e-02 8.937047369800561747e-02 5.944387828196107809e-02 9.093837878979695866e-01 9.638977223047772158e-01 9.093840228042450180e-01 5.944367702521539260e-02 8.976560814556780454e-02 3.608728048383465919e-02 6.726565355888149134e-02 3.602824483983141368e-02 6.720782678486958428e-02 3.602819539986739511e-02 6.720777833497465492e-02 3.602819537781815074e-02 6.720777794096476077e-02 3.602819499776822865e-02 6.720715454705465663e-02 3.602755902866117133e-02 6.680761327643097713e-02 3.561303122961755052e-02 3.561303122961755052e-02
3.968863207527564829e-02 3.968863207527564829e-02 1.127317675666631713e-01 8.345338968741207453e-02 8.842137776622343015e-01 9.592307727860807098e-01 8.842151071218568026e-01 8.345228796291428996e-02 1.136828139580118441e-01 4.070874660075561591e-02 7.306169605766139885e-02 4.048689468643450889e-02 7.284591417998188823e-02 4.048651897523834753e-02 7.284554850085804556e-02 4.048651863677774770e-02 7.284554424477805712e-02 4.048651460042541200e-02 7.284231506396936229e-02 4.048319726404421559e-02 7.186854194382055749e-02 3.945769802190585845e-02 3.945769802190585845e-02
3.956689707981250748e-02 3.956689707981250748e-02 1.332330694702173746e-01 1.101176209719258170e-01 8.606880965772784053e-01 9.581987446585826795e-01 8.606936216513528803e-01 1.101131322231989618e-01 1.350728273389639744e-01 4.160964605265567856e-02 7.085525829610882231e-02 4.095926083677118440e-02 7.022695788240444770e-02 4.095727892372851009e-02 7.022504131847906450e-02 4.095727571963101582e-02 7.022501120415165776e-02 4.095724774895530967e-02 7.021277265532900602e-02 4.094458857821089981e-02 6.828744235737346790e-02 3.888303438148870556e-02 3.888303438148870556e-02
3.599327472890397756e-02 3.599327472890397756e-02 1.513034109952884898e-01 1.387247137316346413e-01 8.384478432872020104e-01 9.600380390636354955e-01 8.384659959485788461e-01 1.387100085199466093e-01 1.542729830134651481e-01 3.945581010364408725e-02 6.239059877004197313e-02 3.787496406501521251e-02 6.087240343792715142e-02 3.786701297653789766e-02 6.086475537977590472e-02 3.786699186252298621e-02 6.086460008970425578e-02 3.786685120515700248e-02 6.082799440184172984e-02 3.782875423503979928e-02 5.760477359408024828e-02 3.431593057953412351e-02 3.431593057953412351e-02
3.067459607711148575e-02 3.067459607711148575e-02 1.686306915174980992e-01 1.686482591798673381e-01 8.163474280469654731e-01 9.630730460799721282e-01 8.163968988897257750e-01 1.686075725519095847e-01 1.726964105346402711e-01 3.576833757783230011e-02 5.096645484816019617e-02 3.245459152628304283e-02 4.779767619697013886e-02 3.242885799835967808e-02 4.777300684688282756e-02 3.242875329812017204e-02 4.777238155490804578e-02 3.242820356306970464e-02 4.768169126505886202e-02 3.233336850362639181e-02 4.299487771251110646e-02 2.713302359152529666e-02 2.713302359152529666e-02
2.586318473721236841e-02 2.586318473721236841e-02 1.875352743221349039e-01 1.994046844296776533e-01 7.930197461740463583e-01 9.651796731405022367e-01 7.931353921767200221e-01 1.993064912233114550e-01 1.922425796132396225e-01 3.246018369908049150e-02 4.035228580201461607e-02 2.630643569180964383e-02 3.447971323257791043e-02 2.623649118137959257e-02 3.441270152350935085e-02 2.623607930520181764e-02 3.441064095108201104e-02 2.623432989005505117e-02 3.421844174565342317e-02 2.603281437268526941e-02 2.821365210529038631e-02 1.925563692702828011e-02 1.925563692702828011e-02
2.373874338563925629e-02 2.373874338563925629e-02 2.101449308791401016e-01 2.306563176086925959e-01 7.674164826137173101e-01 9.643271049240654813e-01 7.676541860265794215e-01 2.304451025396496433e-01 2.145982224250999049e-01 3.131104223624492366e-02 3.372688113560062817e-02 2.099130935076744253e-02 2.387054983651553525e-02 2.082705982684820989e-02 2.371272262665210379e-02 2.082572608739365408e-02 2.370697896584185449e-02 2.082104311562947910e-02 2.335090919114961652e-02 2.044783446307557942e-02 1.653380470895667378e-02 1.264254855726700683e-02 1.264254855726700683e-02
2.582186319609179603e-02 2.582186319609179603e-02 2.376122985962963730e-01 2.621559104453801692e-01 7.391552051073562168e-01 9.590468617335810020e-01 7.395930592422553795e-01 2.617450056371919964e-01 2.406358884751521876e-01 3.353103886186379473e-02 3.295752929232136086e-02 1.768077549844882315e-02 1.775576380244604791e-02 1.734066766436020632e-02 1.742659736622865357e-02 1.733701828685158680e-02 1.741273426923577519e-02 1.732622910151364326e-02 1.682785936205849833e-02 1.671590312071994516e-02 9.992421205928936692e-03 8.820905129934346681e-03 8.820905129934346681e-03
3.257992250291268793e-02 3.257992250291268793e-02 2.696079883901402741e-01 2.936505515213246875e-01 7.085984102882605384e-01 9.487170341076358593e-01 7.093320799649350805e-01 2.929201447783030821e-01 2.700735133134045118e-01 3.951859875785695975e-02 3.837270787132634337e-02 1.698018649492280541e-02 1.658689506030829736e-02 1.634995037029117818e-02 1.596957085619729252e-02 1.634135815667083630e-02 1.594011979446729663e-02 1.631962804453274477e-02 1.508131759675642239e-02 1.543255657548569040e-02 9.123473734612572161e-03 8.568394181356304984e-03 8.568394181356304984e-03
4.332883998939267983e-02 4.332883998939267983e-02 3.042456262610237494e-01 3.247800476078300247e-01 6.766951558452612980e-01 9.336144236996404278e-01 6.778265285284369446e-01 3.235849140639213695e-01 3.014720106962965329e-01 4.884837426592397031e-02 4.899086015234516145e-02 1.892122496161193976e-02 1.972937973735842954e-02 1.786504784299772913e-02 1.867681231281510465e-02 1.784743747009762127e-02 1.862115529448173101e-02 1.780882171395059901e-02 1.749082905331109453e-02 1.666319401769439726e-02 1.315881251960483375e-02 1.180519846794092324e-02 1.180519846794092324e-02
5.644900665213770097e-02 5.644900665213770097e-02 3.384713451548129193e-01 3.550103399526701731e-01 6.446925036536467202e-01 9.147547149849180048e-01 6.463121013700232620e-01 3.532000455897220670e-01 3.325492365769207037e-01 6.045694416735441362e-02 6.302645577091398055e-02 2.307564392320940114e-02 2.593520362116102582e-02 2.146335572589350149e-02 2.429114208591881888e-02 2.143177056004395495e-02 2.419707083669036043e-02 2.137105851002454177e-02 2.286809436726183059e-02 2.006839658935366533e-02 2.052851634327660865e-02 1.769247397482720530e-02 1.769247397482720530e-02
6.984551656207590997e-02 6.984551656207590997e-02 3.688147849739394357e-01 3.836331496583159084e-01 6.138464465420943039e-01 8.935905944241538945e-01 6.160111582234153449e-01 3.810833836697588572e-01 3.607069458910450166e-01 7.294783996515012692e-02 7.844698698180416208e-02 2.871986349648188511e-02 3.381469545525854492e-02 2.646792091901919997e-02 3.145094354011864629e-02 2.641847126888419856e-02 3.130877838674187702e-02 2.633452812544336691e-02 2.992972811174955325e-02 2.506292409263430679e-02 2.942646538996518402e-02 2.488420835189747091e-02 2.488420835189747091e-02
8.151664070288468233e-02 8.151664070288468233e-02 3.922904540361026871e-01 4.098408435038228270e-01 5.852293674671745771e-01 8.716592580478360608e-01 5.879382930734552426e-01 4.064896018435810165e-01 3.836224088583743974e-01 8.492277910956737286e-02 9.340183119117861921e-02 3.499106846782735342e-02 4.214242680169771188e-02 3.210697210501608362e-02 3.900652751374632243e-02 3.204039859426278947e-02 3.881596405668828048e-02 3.194052021979589678e-02 3.758811890897677255e-02 3.094292220423532427e-02 3.824103675776490546e-02 3.185318025278991577e-02 3.185318025278991577e-02
9.006860199658188459e-02 9.006860199658188459e-02 4.071898060955332355e-01 4.328580040165153076e-01 5.596654348052170214e-01 8.502644860407321259e-01 5.628385579522783289e-01 4.287368668133141325e-01 3.997547305218914215e-01 9.525982495890585044e-02 1.064481679356642785e-01 4.100715726993481303e-02 4.994711022574836040e-02 3.761947279498904784e-02 4.610679317614013034e-02 3.754563236651134450e-02 4.588517650184728569e-02 3.744950232551538805e-02 4.500938696747689566e-02 3.695528444893064757e-02 4.575486135612357591e-02 3.721131263759379360e-02 3.721131263759379360e-02
9.503547058678571413e-02 9.503547058678571413e-02 4.135321272581761742e-01 4.520890062138173682e-01 5.377603846037209978e-01 8.302533080956108202e-01 5.412269884353072547e-01 4.473395169256093040e-01 4.086514934080343608e-01 1.032898586367502619e-01 1.166047044885603901e-01 4.595575395663903384e-02 5.644688312843568201e-02 4.230935557425066773e-02 5.211141754707175611e-02 4.225061777395720808e-02 5.190023032978470507e-02 4.219167036723625586e-02 5.150443802856034814e-02 4.232593806589211860e-02 5.113811183645067260e-02 3.996342707125482424e-02 3.996342707125482424e-02
9.692323533930297108e-02 9.692323533930297108e-02 4.130404969684943195e-01 4.672332371539661411e-01 5.199570485484602544e-01 8.119152669538139966e-01 5.234614948403195633e-01 4.621016123101115425e-01 4.109993679965086577e-01 1.088562128057257994e-01 1.233240884416608452e-01 4.917460647553465597e-02 6.095175492446984478e-02 4.557666055022810414e-02 5.645000456891997170e-02 4.556704721638720618e-02 5.631479440126483521e-02 4.558891257956056153e-02 5.638479765133772026e-02 4.628932212383279204e-02 5.384373363347579738e-02 3.966042068147371258e-02 3.966042068147371258e-02
9.697840968663620775e-02 9.697840968663620775e-02 4.086492109664119909e-01 4.783297672025308978e-01 5.065542726992526834e-01 7.950034234178980919e-01 5.097839593063278052e-01 4.731385129674837153e-01 4.084252788960806013e-01 1.122681984892888590e-01 1.264714815192268804e-01 5.024056052182866716e-02 6.284594677184725253e-02 4.695777785449135877e-02 5.854918478302107571e-02 4.703451435261587349e-02 5.856802956143378897e-02 4.718118406319660868e-02 5.890932756878668880e-02 4.815884943106874677e-02 5.353005041538703990e-02 3.644309152753266029e-02 3.644309152753266029e-02
9.675982660255512402e-02 9.675982660255512402e-02 4.036877717104761509e-01 4.857170990943057154e-01 4.976649189987469302e-01 7.788556653423547305e-01 5.002985099528556301e-01 4.808177208068560304e-01 4.031077177115032772e-01 1.141738408466747706e-01 1.263445890030855945e-01 4.906276759611422067e-02 6.169889483967618687e-02 4.619101376280947135e-02 5.789323002424152931e-02 4.637671776465369933e-02 5.813105213761719098e-02 4.667719221950585723e-02 5.838456029240574746e-02 4.745100114111470979e-02 5.008878623787085815e-02 3.098544743314590733e-02 3.098544743314590733e-02
9.764506317011834025e-02 9.764506317011834025e-02 4.009799899586607985e-01 4.899215347466410742e-01 4.931349745999619727e-01 7.625829689552624524e-01 4.949005930465282810e-01 4.856370409218236373e-01 3.972918856927655784e-01 1.153826462024512556e-01 1.237054670643004950e-01 4.595180935783357845e-02 5.747074620042096765e-02 4.329802719265042621e-02 5.420558233695576406e-02 4.357523439703311907e-02 5.467637335727695141e-02 4.402621844092602377e-02 5.439580048572226212e-02 4.403833674089116523e-02 4.377482753350155770e-02 2.435585051240500912e-02 2.435585051240500912e-02
1.004159122347390576e-01 1.004159122347390576e-01 4.021160812819609132e-01 4.915094423509643318e-01 4.924763141337923367e-01 7.452859110743618176e-01 4.932032939860626630e-01 4.880781812884497084e-01 3.928147623108664832e-01 1.166704230700634087e-01 1.197540298330435765e-01 4.162444588973882725e-02 5.071489726945681287e-02 3.864953524266482449e-02 4.767335741430332036e-02 3.893397197330736997e-02 4.829881509665153588e-02 3.948667736949078300e-02 4.707696579452506219e-02 3.827719628309572686e-02 3.535924708150373769e-02 1.781898940061146450e-02 1.781898940061146450e-02
1.050383733233432731e-01 1.050383733233432731e-01 4.070971404961575280e-01 4.909476346686957871e-01 4.948672407389101968e-01 7.262599750547070743e-01 4.945147035470154329e-01 4.884808819550862102e-01 3.907385435699040621e-01 1.185986331444354863e-01 1.159784908300285217e-01 3.711181055972116727e-02 4.266173814785814700e-02 3.297533101790090654e-02 3.910829607852819162e-02 3.309870585732969245e-02 3.968757334497110406e-02 3.365677142374089159e-02 3.729959846282630831e-02 3.104784505151058152e-02 2.619293418027010545e-02 1.260544176895565631e-02 1.260544176895565631e-02
1.106919600731032793e-01 1.106919600731032793e-01 4.144365574522200779e-01 4.885110156664128622e-01 4.992496762403771382e-01 7.051535743120412869e-01 4.979014801390614364e-01 4.869752280074669537e-01 3.911667907170672809e-01 1.213806733796043702e-01 1.138662527951545128e-01 3.356573349527276068e-02 3.509894856928631734e-02 2.728787622981288657e-02 2.995162181200928045e-02 2.700281558164044360e-02 3.016013786596501850e-02 2.743677870981503855e-02 2.668046309869895674e-02 2.366240667439538023e-02 1.808814488938233558e-02 9.680605610279743520e-03 9.680605610279743520e-03
1.160296140165004153e-01 1.160296140165004153e-01 4.216694897060732639e-01 4.842609653880826648e-01 5.045132540708704427e-01 6.820508935085026758e-01 5.023395490371448391e-01 4.834913344669335422e-01 3.932811675764858461e-01 1.248241164007161674e-01 1.145272462675986508e-01 3.199403366094318024e-02 3.003103696203083747e-02 2.271254967617391402e-02 2.207725740220656610e-02 2.172959341864348984e-02 2.151001143179011310e-02 2.190898369156112427e-02 1.736072131954110795e-02 1.763344953978236360e-02 1.299025548099607894e-02 9.550005550673201782e-03 9.550005550673201782e-03
1.195847874468692340e-01 1.195847874468692340e-01 4.261096178009837199e-01 4.780971119243725420e-01 5.097212603783777274e-01 6.574648997311046683e-01 5.069179937438560435e-01 4.778422956168967284e-01 3.955923138475026524e-01 1.283677786343105365e-01 1.183391740650782814e-01 3.298774651978981370e-02 2.918079488441136307e-02 2.024843761014223295e-02 1.741074037544419750e-02 1.830674900510259606e-02 1.567545963364243289e-02 1.814453570071239419e-02 1.157833788414388762e-02 1.434129523670552540e-02 1.249653023102016008e-02 1.213979415321526055e-02 1.213979415321526055e-02
1.202042467526937969e-01 1.202042467526937969e-01 4.256323507079410873e-01 4.698648023370715632e-01 5.143139636404054915e-01 6.322428184771125004e-01 5.110392915637589351e-01 4.698549059573099984e-01 3.963520909746981458e-01 1.312141455531412593e-01 1.247439498147657616e-01 3.651898217126386958e-02 3.346253818372062205e-02 2.051190784687305715e-02 1.744250041356613240e-02 1.747258380206031039e-02 1.429078045288281057e-02 1.697026984752032439e-02 1.112046326188247981e-02 1.467685299819577668e-02 1.735168945922580322e-02 1.678537087600351016e-02 1.678537087600351016e-02
1.173832188269541693e-01 1.173832188269541693e-01 4.192684943883071003e-01 4.594855173371624746e-01 5.182266735088548737e-01 6.074038281358132840e-01 5.145547516579795921e-01 4.595087182716707241e-01 3.940344238045853653e-01 1.325337085975162588e-01 1.322946598352396919e-01 4.187989454236466791e-02 4.258986861880353914e-02 2.353214835639047542e-02 2.275929427349664136e-02 1.946935415209447018e-02 1.822372128636638375e-02 1.874697555431373286e-02 1.678965849382192677e-02 1.875689458101487822e-02 2.708486033940207816e-02 2.234482799278334972e-02 2.234482799278334972e-02
1.114123242994837920e-01 1.114123242994837920e-01 4.074565791871484488e-01 4.470712765871744376e-01 5.218814073231188289e-01 5.839427852294399868e-01 5.177886195354463039e-01 4.470409046116544105e-01 3.877685676793482528e-01 1.316946436147277133e-01 1.389790679376637084e-01 4.780068685893690966e-02 5.496540094499888229e-02 2.866655774841143922e-02 3.273458572260179444e-02 2.392279202580446795e-02 2.722421546701933592e-02 2.321875746761693088e-02 2.803598008712324119e-02 2.580256849692726118e-02 3.993416509507777962e-02 2.742832306682422769e-02 2.742832306682422769e-02
1.033022767877067732e-01 1.033022767877067732e-01 3.919044650216106929e-01 4.329885677447671277e-01 5.260459788180418261e-01 5.626411972141237561e-01 5.214334085603952174e-01 4.329829979590715805e-01 3.776116637473281301e-01 1.284574192074625087e-01 1.427523033594220447e-01 5.273511430183978194e-02 6.793419875829151411e-02 3.468137447627320236e-02 4.549842523766915725e-02 2.985473421315644124e-02 3.980281140765695030e-02 2.948691729678149312e-02 4.288756899287967522e-02 3.423822955414493330e-02 5.313439694034378935e-02 3.070451379271236722e-02 3.070451379271236722e-02
9.451547663013454281e-02 9.451547663013454281e-02 3.751210197488891174e-01 4.178515921235522179e-01 5.315930057232888251e-01 5.439257276809467134e-01 5.263351505896386451e-01 4.181140400593621465e-01 3.645817507225783127e-01 1.230764464674264369e-01 1.421309024497874052e-01 5.524958440100961876e-02 7.837942412977309814e-02 4.000193955919244954e-02 5.824704323182047783e-02 3.584830017629520027e-02 5.341646607854446532e-02 3.613916307399429872e-02 5.825197840296220120e-02 4.201231371499060396e-02 6.353703705121052647e-02 3.121910397353856031e-02 3.121910397353856031e-02
8.658537532437630968e-02 8.658537532437630968e-02 3.597649392252459388e-01 4.024445932847379725e-01 5.392223446104725815e-01 5.278053041314088034e-01 5.332209988526123157e-01 4.033383344525529046e-01 3.504334566892491898e-01 1.162721384712305378e-01 1.366642878759352919e-01 5.441369226267186304e-02 8.352624695355981288e-02 4.308694704793734204e-02 6.786060019073392180e-02 4.034633043633933935e-02 6.496656454759733301e-02 4.152803425172144069e-02 7.056613396182198628e-02 4.707837531402338932e-02 6.842090091110870909e-02 2.864743892839832426e-02 2.864743892839832426e-02
8.073107567967044429e-02 8.073107567967044429e-02 3.479964577092906630e-01 3.875925623322343805e-01 5.492234744456211404e-01 5.139019768721773129e-01 5.424429849264299497e-01 3.895182676796812293e-01 3.372310234357355774e-01 1.090724321436244149e-01 1.271257396655889327e-01 5.008024556759252399e-02 8.173575047950250305e-02 4.283678889246512328e-02 7.169724240257345504e-02 4.202305098589032700e-02 7.152316995660394638e-02 4.414898420550969482e-02 7.666596944800177504e-02 4.792086601286035807e-02 6.627250308108526000e-02 2.340981150007200723e-02 2.340981150007200723e-02
7.757026544859942085e-02 7.757026544859942085e-02 3.410006601417234218e-01 3.740128648630340891e-01 5.613442433745085003e-01 5.015709443912437226e-01 5.538128800179079603e-01 3.773066263482131588e-01 3.268344638547649450e-01 1.025625044836975669e-01 1.153482342980323982e-01 4.296754641822485982e-02 7.304792970172951927e-02 3.892353750985461797e-02 6.835546079572636657e-02 4.013864345391450483e-02 7.110642146754603266e-02 4.303114143057601426e-02 7.465994269134197669e-02 4.398487373425909175e-02 5.729852920887284345e-02 1.660638047609475088e-02 1.660638047609475088e-02
7.700158039658482056e-02 7.700158039658482056e-02 3.387884829516657481e-01 3.621842325492287684e-01 5.748022940814901949e-01 4.900855671430816018e-01 5.665816890994027633e-01 3.670238354548613913e-01 3.204427905282183353e-01 9.761178999509904919e-02 1.037439603502094132e-01 3.451031751520790281e-02 5.928732128690832742e-02 3.194009487747115350e-02 5.817566966249813898e-02 3.477829143838200021e-02 6.331045484648792354e-02 3.803594449493741952e-02 6.455668040071309288e-02 3.588312623382381578e-02 4.349143541375484479e-02 9.773259246691977029e-03 9.773259246691977029e-03
7.827864214696192424e-02 7.827864214696192424e-02 3.402972932197230183e-01 3.522645651341894668e-01 5.884359005068097170e-01 4.788480411384271607e-01 5.795783886724877876e-01 3.586131533402204807e-01 3.183219173327394569e-01 9.465723785544906399e-02 9.464979124017507128e-02 2.651225682293121763e-02 4.366533717583264557e-02 2.330939066225336254e-02 4.330185402928911353e-02 2.689753014930556033e-02 4.956926707982164254e-02 2.996997364170075895e-02 4.843581265138129782e-02 2.530656174051905752e-02 2.819110353537754299e-02 4.511087031935271698e-03 4.511087031935271698e-03
8.024679052951470826e-02 8.024679052951470826e-02 3.437349944881426533e-01 3.440777983973798415e-01 6.009547025789309105e-01 4.675791560266030489e-01 5.914772912555109619e-01 3.516852297621593237e-01 3.197884657721896118e-01 9.360646808994933787e-02 8.969745025232905844e-02 2.069196250795264300e-02 2.996478250675103233e-02 1.496058957120024492e-02 2.723790564654005042e-02 1.814192421909837163e-02 3.294244878575521007e-02 2.045938437477092323e-02 3.006048561551135159e-02 1.464354980652623692e-02 1.523584931630198383e-02 2.077636244335996207e-03 2.077636244335996207e-03
8.167360059410205819e-02 8.167360059410205819e-02 3.470606729508654009e-01 3.371755571992595679e-01 6.112270836501587645e-01 4.564427659901721945e-01 6.011250459735493212e-01 3.456395521218183498e-01 3.234433753599874617e-01 9.388841736638554869e-02 8.939716227376691415e-02 1.824643512730305880e-02 2.152644390049769998e-02 8.848870086423165499e-03 1.398122845731954340e-02 1.047021653741076266e-02 1.742624296325769040e-02 1.159576795066028475e-02 1.398487841638182926e-02 6.395511075552113602e-03 7.928234127469662579e-03 3.053333025116185262e-03 3.053333025116185262e-03
8.158484174244155784e-02 8.158484174244155784e-02 3.484784311159719317e-01 3.309633811578743257e-01 6.185327167776700774e-01 4.460717216651740591e-01 6.078374650635532950e-01 3.398311530167983374e-01 3.275769972809108865e-01 9.463412525737768810e-02 9.305236098266145284e-02 1.955244828147421204e-02 2.033027385787539859e-02 6.446674194266794819e-03 6.954501096785808620e-03 5.669353593245769589e-03 6.939352467744001711e-03 5.430617531403425166e-03 4.368090228254624223e-03 2.539159382517610936e-03 8.111729572566827098e-03 7.175383078098988669e-03 7.175383078098988669e-03
7.952151538071880466e-02 7.952151538071880466e-02 3.468347478219869218e-01 3.248657851254784790e-01 6.227152684351203726e-01 4.374802353053981463e-01 6.115789696335532932e-01 3.337411487640203900e-01 3.306232139699824546e-01 9.493164229732606318e-02 9.901676954700182332e-02 2.408689769017262339e-02 2.644740023250884836e-02 8.349882913945927063e-03 8.039506364684907355e-03 4.889081669614007454e-03 4.250655151565046856e-03 3.447731845648113920e-03 3.818028908852097968e-03 4.008451978673941915e-03 1.563712873397881536e-02 1.339380734432972682e-02 1.339380734432972682e-02
7.565784019906153512e-02 7.565784019906153512e-02 3.418429602663579092e-01 3.184923274269146898e-01 6.241905190738635811e-01 4.318707344552750182e-01 6.129643115130981590e-01 3.271106433370491451e-01 3.315359859658109642e-01 9.407934770211709430e-02 1.052004830571035970e-01 3.058448634595750670e-02 3.803393573140954192e-02 1.411471203166642964e-02 1.701092684630593418e-02 8.328639050439902783e-03 1.016503941333479245e-02 6.161411476302058876e-03 1.261260704177734858e-02 1.044325292896041042e-02 2.839218888759573178e-02 2.014170452946044410e-02 2.014170452946044410e-02
7.075700312916019530e-02 7.075700312916019530e-02 3.341009099489973266e-01 3.117625245230822295e-01 6.237989721868874016e-01 4.303683628335707168e-01 6.130692476674930447e-01 3.200079986373730589e-01 3.299954179182131297e-01 9.176689641124352592e-02 1.096623155585661896e-01 3.738360160027394408e-02 5.187285054906175946e-02 2.237618538466912624e-02 3.156390089183883085e-02 1.517255147493240010e-02 2.323541865334696407e-02 1.296263956049757866e-02 2.855904682933976813e-02 2.028085310951387166e-02 4.290139376234120006e-02 2.574978643632263448e-02 2.574978643632263448e-02
6.598158028786249574e-02 6.598158028786249574e-02 3.249116562157001176e-01 3.049544353220697279e-01 6.225358853367849443e-01 4.337388960678156269e-01 6.130941272285548305e-01 3.128164035124350040e-01 3.264078301842958663e-01 8.813940653211921328e-02 1.111117647667366481e-01 4.285948051691292754e-02 6.429827156220645212e-02 3.121563485561974771e-02 4.795085135298857854e-02 2.380321066697061241e-02 4.012394070834427590e-02 2.226836033458602995e-02 4.756873976439431051e-02 3.116913392180182402e-02 5.532422709953058182e-02 2.889075055269364062e-02 2.889075055269364062e-02
6.260942546183993762e-02 6.260942546183993762e-02 3.159563004744950221e-01 2.986600352358502186e-01 6.212346066637515207e-01 4.421592357292842834e-01 6.139758675130233545e-01 3.061479296916062576e-01 3.217250880762578813e-01 8.373805858314377348e-02 1.091863176056467599e-01 4.582351029309539997e-02 7.221628658395209954e-02 3.866939864890176631e-02 6.204561140465040397e-02 3.223427794281463754e-02 5.653127202021518416e-02 3.193858728516297402e-02 6.479743144302502200e-02 4.058522092781762652e-02 6.254854808202783834e-02 2.892721219062171015e-02 2.892721219062171015e-02
6.172629638428785842e-02 6.172629638428785842e-02 3.088963999280243122e-01 2.936553248447142384e-01 6.203038443379713662e-01 4.551065315982213977e-01 6.160704781980229638e-01 3.007071841189208339e-01 3.171533977470483712e-01 7.934587767303467876e-02 1.044506047028750384e-01 4.578429224234015216e-02 7.391120414593228827e-02 4.322926030496882649e-02 7.050615271667770578e-02 3.863862988386516928e-02 6.841824003053401104e-02 3.984174619434110304e-02 7.600733346715915495e-02 4.648209910053475308e-02 6.303932489802395456e-02 2.606314004934202205e-02 2.606314004934202205e-02
6.396966335585878294e-02 6.396966335585878294e-02 3.049958045246314309e-01 2.907165928039976976e-01 6.196105942822406343e-01 4.714082436453738700e-01 6.190155373782206816e-01 2.971380827910484745e-01 3.138395181310381643e-01 7.579013403276409211e-02 9.815329862775516723e-02 4.301289342253515613e-02 6.940597339453839776e-02 4.419189316032597764e-02 7.166933487380516832e-02 4.181345280363621408e-02 7.313427170617307904e-02 4.440076180179695214e-02 7.872467890276008129e-02 4.777981219408820174e-02 5.718114365708640984e-02 2.125642943468004226e-02 2.125642943468004226e-02
6.938403470902795855e-02 6.938403470902795855e-02 3.048453376393661651e-01 2.904289704512520442e-01 6.185547015976597951e-01 4.894539361020212032e-01 6.218282541418321818e-01 2.958888580558508008e-01 3.126125844152318201e-01 7.375732931054231056e-02 9.184486407922348716e-02 3.841449756236945540e-02 6.030033888011359505e-02 4.176722559019754172e-02 6.590188574725676374e-02 4.144634816208399991e-02 7.009100907193815955e-02 4.495981419786310856e-02 7.283165262690678710e-02 4.457061799166704696e-02 4.702315536377175281e-02 1.592207231047262223e-02 1.592207231047262223e-02
7.742043205349556645e-02 7.742043205349556645e-02 3.082500608082462401e-01 2.930354657039338506e-01 6.163123480793862852e-01 5.075211427494277228e-01 6.232153269496719661e-01 2.971235910368460464e-01 3.138317600218451520e-01 7.366466244512713535e-02 8.698396309400725779e-02 3.326114752105949895e-02 4.918241953297766006e-02 3.693507168512388805e-02 5.532107451250876939e-02 3.811367786388990264e-02 6.077543699987555947e-02 4.187307353381841679e-02 6.042641581094383013e-02 3.800039004831536060e-02 3.553806238527502243e-02 1.151848269897542791e-02 1.151848269897542791e-02
8.707782809472622287e-02 8.707782809472622287e-02 3.143030074475423041e-01 2.983643908816552281e-01 6.121604290165577611e-01 5.241281442945532332e-01 6.219936968207279149e-01 3.006961497951586293e-01 3.173567646314007229e-01 7.560973420102083675e-02 8.463968240635744156e-02 2.886978706202713088e-02 3.883647739118150505e-02 3.111703775380502204e-02 4.301603561109797885e-02 3.303173311922465161e-02 4.812931203363986915e-02 3.631009244859507989e-02 4.503747899562966783e-02 2.988841727566954667e-02 2.566751016239901192e-02 9.143186780267872210e-03 9.143186780267872210e-03
9.715031132358398214e-02 9.715031132358398214e-02 3.216280235820970224e-01 3.058538580416245711e-01 6.057587881420768428e-01 5.383110875044648802e-01 6.174761795908294548e-01 3.061881749960017607e-01 3.226302041156393074e-01 7.939644410738080915e-02 8.534514240900364923e-02 2.631070715416388220e-02 3.150981761234325496e-02 2.577983103622341274e-02 3.206432640568411541e-02 2.765999780463133592e-02 3.554245704700573216e-02 2.986365662703095031e-02 3.049359148223515850e-02 2.221981026453397415e-02 1.948467874494244981e-02 9.257118153283810935e-03 9.257118153283810935e-03
1.065182285017005764e-01 1.065182285017005764e-01 3.287349675339375499e-01 3.146685251783432613e-01 5.972785119583514657e-01 5.497399228774970670e-01 6.096822202564166071e-01 3.129998843465120473e-01 3.288416380006090600e-01 8.461670231781290297e-02 8.909948137836763704e-02 2.620871384259851680e-02 2.844850335401232291e-02 2.209179594464014129e-02 2.468745768989770786e-02 2.329552684881028637e-02 2.583132236892759365e-02 2.410170834140850510e-02 1.984738657390248268e-02 1.666635348113880075e-02 1.774064469969941285e-02 1.161181550751352008e-02 1.161181550751352008e-02
1.144107018436821138e-01 1.144107018436821138e-01 3.344008711744771989e-01 3.238812439806310062e-01 5.873203970577397515e-01 5.586349293562276053e-01 5.992928624246627312e-01 3.204729573170976287e-01 3.351326786982845585e-01 9.075868020326186003e-02 9.547245488185195084e-02 2.866462730371462445e-02 2.979334179778495018e-02 2.071889578965986634e-02 2.180900596723780657e-02 2.078535806554489968e-02 2.055364362703747047e-02 2.020652841852976084e-02 1.469720184030978184e-02 1.426029489369269772e-02 1.990222195369810432e-02 1.538664558216946282e-02 1.538664558216946282e-02
1.205738524414834145e-01 1.205738524414834145e-01 3.379792400188774137e-01 3.326759952495885742e-01 5.766497102829620802e-01 5.655099036234365606e-01 5.873621557559360884e-01 3.280196543852929580e-01 3.407982789455252792e-01 9.731313132239388652e-02 1.037513596084677359e-01 3.329107132077334386e-02 3.479412051383423687e-02 2.178672442353196681e-02 2.310585723930833058e-02 2.042714130858059793e-02 1.985552419929857357e-02 1.879425160220986671e-02 1.507355792758587401e-02 1.527821102704054849e-02 2.460010963440364615e-02 1.947701099371788175e-02 1.947701099371788175e-02
1.253028888488891268e-01 1.253028888488891268e-01 3.395533230748712938e-01 3.405229917868737299e-01 5.658514944446150219e-01 5.708284062775830225e-01 5.748918036034290635e-01 3.352321191125804400e-01 3.454415252666356295e-01 1.038571257756747968e-01 1.130822557907527059e-01 3.933333545529135722e-02 4.220182139927235870e-02 2.497627362649547031e-02 2.744942321735288626e-02 2.205107758988758548e-02 2.282424262578580665e-02 1.992893692970411010e-02 1.983023681835979074e-02 1.931723830597547112e-02 3.026201998298651621e-02 2.283167513131232479e-02 2.283167513131232479e-02
1.293316532090719451e-01 1.293316532090719451e-01 3.398887608116530346e-01 3.472840246512357010e-01 5.550529804813925105e-01 5.746934990007115385e-01 5.624349571930259417e-01 3.419504426976725520e-01 3.490488624257898631e-01 1.101051718619842357e-01 1.225842341756374076e-01 4.583691636582232914e-02 5.066760311487650964e-02 2.968517230060984183e-02 3.349768912355217954e-02 2.521034522231864125e-02 2.812256905578843641e-02 2.327158715346813039e-02 2.729813502762450453e-02 2.549193637960586040e-02 3.566080574765666256e-02 2.473121041001675319e-02 2.473121041001675319e-02
1.336113133198467695e-01 1.336113133198467695e-01 3.401978210294077654e-01 3.532240146877927423e-01 5.438441032709451228e-01 5.766840259932497492e-01 5.498915676791795715e-01 3.482766079425776429e-01 3.519699621483186602e-01 1.159272491425567819e-01 1.314408076245517920e-01 5.182608264102136347e-02 5.901655300952546312e-02 3.518365034864408963e-02 4.017267565038468852e-02 2.937832854083238104e-02 3.459092485500002423e-02 2.826587569048244833e-02 3.589521396018321986e-02 3.266399935346631089e-02 4.017548476700219529e-02 2.492994020633378105e-02 2.492994020633378105e-02
1.390400983792073331e-01 1.390400983792073331e-01 3.417840999712984940e-01 3.589277195614219429e-01 5.314528235362323549e-01 5.759009723664454405e-01 5.365872562346699626e-01 3.545320463143591394e-01 3.548088702095715252e-01 1.213394939541760364e-01 1.389843990495553960e-01 5.646689984378841509e-02 6.634828627883827823e-02 4.072135629776832411e-02 4.684539770275398390e-02 3.406854753292865023e-02 4.155665064689694627e-02 3.427230741988514934e-02 4.445765098655062031e-02 3.963879214439230969e-02 4.370982502483187343e-02 2.363734311556445200e-02 2.363734311556445200e-02
1.462191827445232795e-01 1.462191827445232795e-01 3.456732934299184268e-01 3.651418822762998451e-01 5.171241437123953455e-01 5.712118879346764766e-01 5.216141518536094868e-01 3.611670333079401440e-01 3.582552540162602384e-01 1.264759173490578592e-01 1.447848533701359408e-01 5.919754148504415697e-02 7.200442839607686107e-02 4.558118089951332386e-02 5.320704103898050985e-02 3.884621897291384851e-02 4.875533243474300393e-02 4.061210884514302594e-02 5.222456813250445778e-02 4.530587570291173122e-02 4.637270293763960660e-02 2.137085246199562152e-02 2.137085246199562152e-02
1.553014332312413481e-01 1.553014332312413481e-01 3.523387323092742052e-01 3.725778117713736681e-01 5.005547674715774553e-01 5.616078329738924957e-01 5.043007330868103377e-01 3.686386843040856953e-01 3.628999966115780684e-01 1.315496400282148981e-01 1.487360633764587547e-01 5.981455406367777727e-02 7.549641580680445385e-02 4.910909314814165816e-02 5.895812681190738813e-02 4.326262448879353989e-02 5.596793633164286880e-02 4.654464250609610665e-02 5.858901479327920797e-02 4.874081603336407470e-02 4.812641551896643111e-02 1.875001676086004640e-02 1.875001676086004640e-02
1.659716197456110043e-01 1.659716197456110043e-01 3.615983369872292630e-01 3.817157296266862065e-01 4.821944367967784251e-01 5.465446815564941607e-01 4.846163974614011716e-01 3.772798939101957849e-01 3.690827517865339913e-01 1.368108784012924406e-01 1.511164728499750087e-01 5.850584832744409186e-02 7.648608620541096081e-02 5.075941143385117454e-02 6.352879333342563439e-02 4.678549098092337627e-02 6.261708133748505878e-02 5.124611936952268298e-02 6.283640550828940852e-02 4.930188573233892924e-02 4.860960203124898432e-02 1.631006231574653326e-02 1.631006231574653326e-02
1.775570530819925164e-01 1.775570530819925164e-01 3.727036533294018072e-01 3.926509583551412996e-01 4.632639618703995321e-01 5.261462846226023782e-01 4.633343517453507587e-01 3.871838996407004352e-01 3.768086077594165473e-01 1.425069471451240743e-01 1.525899579838915221e-01 5.582255275841154635e-02 7.486208644630416853e-02 5.017914779736414727e-02 6.601930559992269520e-02 4.880115812542940718e-02 6.758357712908609483e-02 5.386134381830536000e-02 6.408078832324887175e-02 4.674078212036352625e-02 4.724264993818918373e-02 1.439142810930017433e-02 1.439142810930017433e-02
1.892286643386229816e-01 1.892286643386229816e-01 3.845807657340251096e-01 4.050145322261189396e-01 4.454477419261950732e-01 5.011990600383896544e-01 4.418693599855755827e-01 3.981281787618488055e-01 3.857497066364969363e-01 1.488471373340861381e-01 1.541199072624379329e-01 5.258651083402276355e-02 7.088430157132584453e-02 4.732196460545461808e-02 6.543478015428084993e-02 4.872680343155386118e-02 6.939499021402649459e-02 5.366225273394931855e-02 6.148969496033777210e-02 4.131130858687738494e-02 4.357300485478984853e-02 1.312268867549676657e-02 1.312268867549676657e-02
2.002266278403231070e-01 2.002266278403231070e-01 3.961370889261818795e-01 4.179879282743105828e-01 4.303520736111187128e-01 4.729455267922781370e-01 4.218381948625589128e-01 4.095568251649513436e-01 3.953227336332660324e-01 1.559730125252436206e-01 1.567912779503656540e-01 4.974041363993270820e-02 6.531145373990743241e-02 4.254903219680224169e-02 6.113612546149325283e-02 4.621123038946901851e-02 6.675366300919223506e-02 5.028514920691033729e-02 5.472137903119180663e-02 3.382599550555789175e-02 3.768695482856617568e-02 1.247516340189658984e-02 1.247516340189658984e-02
2.100401462940458264e-01 2.100401462940458264e-01 4.065319112293125370e-01 4.304142060726789953e-01 4.189235643524961694e-01 4.427576045042842523e-01 4.045063172629758119e-01 4.206319505021429705e-01 4.048133323922816773e-01 1.639334243939107594e-01 1.615664770709011600e-01 4.816203293997109447e-02 5.941137907152328756e-02 3.665828057696143144e-02 5.330955664846775272e-02 4.134852216544034065e-02 5.919677937236700327e-02 4.396222384833825547e-02 4.436574211040969495e-02 2.560020648239925631e-02 3.046535378800540456e-02 1.234429194605135560e-02 1.234429194605135560e-02
2.184894406428054270e-01 2.184894406428054270e-01 4.153272865727545282e-01 4.409881575304706036e-01 4.110504686762993520e-01 4.118111400465105376e-01 3.903360745788618247e-01 4.303520344668603226e-01 4.135102168523231980e-01 1.726642942225760091e-01 1.690301069576071458e-01 4.847799447019212477e-02 5.478803285778886117e-02 3.079534273280512546e-02 4.322356342163221482e-02 3.480554847155967885e-02 4.759428603493521398e-02 3.563969239592168492e-02 3.214564009275543838e-02 1.824742562289431019e-02 2.351766774418592720e-02 1.261305491673731655e-02 1.261305491673731655e-02
2.256931183133182861e-01 2.256931183133182861e-01 4.224835022009303942e-01 4.484902625957741806e-01 4.055109619593371129e-01 3.808766233270033941e-01 3.788174707465604141e-01 4.377199425602690264e-01 4.208165630386103140e-01 1.819758977617695617e-01 1.791933014659033707e-01 5.091982986451839416e-02 5.303090177694953777e-02 2.623690818363721283e-02 3.311076845660709117e-02 2.778376490242507810e-02 3.423050984881501752e-02 2.689804660697781707e-02 2.071545500463569875e-02 1.334174158515426083e-02 1.876705113652066964e-02 1.317300177397224929e-02 1.317300177397224929e-02
2.319438826420777422e-01 2.319438826420777422e-01 4.282235862810194749e-01 4.520181806714388406e-01 4.003091361788239100e-01 3.502916419762563405e-01 3.686556517847959791e-01 4.419288853174987430e-01 4.263204582024996414e-01 1.915536111555296017e-01 1.914226259645226969e-01 5.526097269250178357e-02 5.527216346259081203e-02 2.408665855481155471e-02 2.565506380087353641e-02 2.179159744580668953e-02 2.236606618921462009e-02 1.965305890716665532e-02 1.305358124781291415e-02 1.202265201280624564e-02 1.781708179416411839e-02 1.390697807273878414e-02 1.390697807273878414e-02
2.375460770541970024e-01 2.375460770541970024e-01 4.328416343941190458e-01 4.511684905766152331e-01 3.932993557123017903e-01 3.201088156384459538e-01 3.582525838493135217e-01 4.425255974839910622e-01 4.298229404818390553e-01 2.009795063282968364e-01 2.045303397451667671e-01 6.085701003152660382e-02 6.179156716501963548e-02 2.496572697598492888e-02 2.322345588432072477e-02 1.827441299923465365e-02 1.537624330905154775e-02 1.569589741927086141e-02 1.161569495985529873e-02 1.465666399580040601e-02 2.133790912710922458e-02 1.466000881701165319e-02 1.466000881701165319e-02
2.426789628041728930e-01 2.426789628041728930e-01 4.365490504842168273e-01 4.461305945105630277e-01 3.828945850763039727e-01 2.903468875285012962e-01 3.463082451823959462e-01 4.395107314693598166e-01 4.313347179425170985e-01 2.097798054906415133e-01 2.170190636353955260e-01 6.678642996322109449e-02 7.181461531453170455e-02 2.879591602467907949e-02 2.709319699411143201e-02 1.820710659631643788e-02 1.573057664295602134e-02 1.619655170973543015e-02 1.752536775079827774e-02 2.067029223097103033e-02 2.871864695135831896e-02 1.523067009975208851e-02 1.523067009975208851e-02
2.473362127595871429e-01 2.473362127595871429e-01 4.394307947088629263e-01 4.376713832169539242e-01 3.686211287251844326e-01 2.612369139639998949e-01 3.323221041586072455e-01 4.333485601890642580e-01 4.310569149706180991e-01 2.174965537236883406e-01 2.274273513316770745e-01 7.206224991520862599e-02 8.360048986825693862e-02 3.475607843293779947e-02 3.694431117504715090e-02 2.177731182061362625e-02 2.415120395522954433e-02 2.132150838268641324e-02 3.008496415116804906e-02 2.862632556956909782e-02 3.813983599745775915e-02 1.540282930244890776e-02 1.540282930244890776e-02
2.513600168635011789e-01 2.513600168635011789e-01 4.415274527177798780e-01 4.270094939938571255e-01 3.513304575467517399e-01 2.333619317656863701e-01 3.168137091328064314e-01 4.248793287972399968e-01 4.293569412223292581e-01 2.237726531039269939e-01 2.346881328478763185e-01 7.586426646931403173e-02 9.482704058005690662e-02 4.144410856850437586e-02 5.080830304461286112e-02 2.826634108695751796e-02 3.923980294233238991e-02 3.009356289208993743e-02 4.679309851187875291e-02 3.654328759356174905e-02 4.706382388560723801e-02 1.501381114593291870e-02 1.501381114593291870e-02
2.545497808210149815e-01 2.545497808210149815e-01 4.429922255439550094e-01 4.155984208760382104e-01 3.329899570741453596e-01 2.076325507382045243e-01 3.011844354831610948e-01 4.151522189145189778e-01 4.267412183127715086e-01 2.284310804888681767e-01 2.384015592704669395e-01 7.773372880845319521e-02 1.031809965352055991e-01 4.721413324297994707e-02 6.551567590368884142e-02 3.617745407576575950e-02 5.771522869508005638e-02 4.055571102416417190e-02 6.389382039756738574e-02 4.238180182317857064e-02 5.298544806460638024e-02 1.403195000602712288e-02 1.403195000602712288e-02
2.567956050293727643e-01 2.567956050293727643e-01 4.442261679851021716e-01 4.048560262722994962e-01 3.161105056703971128e-01 1.851044873751333808e-01 2.872700362362866078e-01 4.052176202709905639e-01 4.238175709512657652e-01 2.315255531082080209e-01 2.389426576488087872e-01 7.768000706579440695e-02 1.069870271741230894e-01 5.060166213096117110e-02 7.752161181031656800e-02 4.358661087554852737e-02 7.521098959830771480e-02 5.021322472780976459e-02 7.731509204843078908e-02 4.456727173064529979e-02 5.419072817638968115e-02 1.260561646633533497e-02 1.260561646633533497e-02
2.581772652380157629e-01 2.581772652380157629e-01 4.458945569310040491e-01 3.958919619654323596e-01 3.029856550207977728e-01 1.667030398140974812e-01 2.767388065260273922e-01 3.959280989848134036e-01 4.212369574499187919e-01 2.333436797743250468e-01 2.373685134803574237e-01 7.617086332460742959e-02 1.056865679021196519e-01 5.071792714377030414e-02 8.386718317071381601e-02 4.862386071010155186e-02 8.740914797809984371e-02 5.664561423248310607e-02 8.373459943684175011e-02 4.240378344351686951e-02 5.027069649857682926e-02 1.105288303283765219e-02 1.105288303283765219e-02
2.589840128537236330e-01 2.589840128537236330e-01 4.487767518608020700e-01 3.892910368766529516e-01 2.949782978354638097e-01 1.529529610222159219e-01 2.705376465779017470e-01 3.877951225700334570e-01 4.196096218885978502e-01 2.343546972119269489e-01 2.351469056038281435e-01 7.400858641609733835e-02 1.000164027549024365e-01 4.749939348180293175e-02 8.299190024073269112e-02 4.995460277851403175e-02 9.118863959366137195e-02 5.812804171190527613e-02 8.147355794948796248e-02 3.626351556762952982e-02 4.222676870149781603e-02 9.783563668425107260e-03 9.783563668425107260e-03
2.596433117850809325e-01 2.596433117850809325e-01 4.534820854060104267e-01 3.850058827896564173e-01 2.920776031663086525e-01 1.438095218530346109e-01 2.685656330352349519e-01 3.809341074427394225e-01 4.194032272442458353e-01 2.351093065119377601e-01 2.337807300999436844e-01 7.212502707752958819e-02 9.182646914289147033e-02 4.173850300813593261e-02 7.516216547111005675e-02 4.712988469403283504e-02 8.546691165900983933e-02 5.409498234768237573e-02 7.097006904786240522e-02 2.749921698801180425e-02 3.214625089762179755e-02 9.173999529673173767e-03 9.173999529673173767e-03
2.605844476797897213e-01 2.605844476797897213e-01 4.601395638367198893e-01 3.823937522344668660e-01 2.928663784326798747e-01 1.386505317997009656e-01 2.696741344339745328e-01 3.751077824827884211e-01 4.208446160262315217e-01 2.361140035198623643e-01 2.344330471974181429e-01 7.135044490165845521e-02 8.358685840087319574e-02 3.488462278829697338e-02 6.239913815289445387e-02 4.071211109023741004e-02 7.150711129920134246e-02 4.531900069389268454e-02 5.470285823643421252e-02 1.810460105937237996e-02 2.256846220287935662e-02 9.437400455752779568e-03 9.437400455752779568e-03
2.620905541192048993e-01 2.620905541192048993e-01 4.682032228072721680e-01 3.804009695525751855e-01 2.949131224731670331e-01 1.364339672010085325e-01 2.719844610963156883e-01 3.698531645581519811e-01 4.238553768438758640e-01 2.377115711165891099e-01 2.376558060536987371e-01 7.221730951745317095e-02 7.772848246631154645e-02 2.867020588032187511e-02 4.793757929834518289e-02 3.214463924695773467e-02 5.261520822434091055e-02 3.375247483014523486e-02 3.658652549462865916e-02 1.021569964018075385e-02 1.575447317810804368e-02 1.053887411836317879e-02 1.053887411836317879e-02
2.641988454665581965e-01 2.641988454665581965e-01 4.764877343069072180e-01 3.778605101552717227e-01 2.954733372200655239e-01 1.359716140649075145e-01 2.734154335086698695e-01 3.646568937763241536e-01 4.280489509748625632e-01 2.399997071451624997e-01 2.432918245162346282e-01 7.484875746756083914e-02 7.600921418958106468e-02 2.466606880366537663e-02 3.537775672622797685e-02 2.340206822257108465e-02 3.331559307264891218e-02 2.206867628495493353e-02 2.099818082943600422e-02 5.586146747120854933e-03 1.308877983311704588e-02 1.219104639841544872e-02 1.219104639841544872e-02
2.666911197471406592e-01 2.666911197471406592e-01 4.834661715343725463e-01 3.738336002870248365e-01 2.922911127914998852e-01 1.362339718068840966e-01 2.722548526579547379e-01 3.591324353052657847e-01 4.328027468273962231e-01 2.428106555856350823e-01 2.505660980917251424e-01 7.895598165364713095e-02 7.908361074832448434e-02 2.388727596100646139e-02 2.776861497414589985e-02 1.651359661768530759e-02 1.822528723431715222e-02 1.301677467532837314e-02 1.168709230849761423e-02 5.171316728974793310e-03 1.478080539829765630e-02 1.393787262868975869e-02 1.393787262868975869e-02
2.691818508234311014e-01 2.691818508234311014e-01 4.877543478659961962e-01 3.679064029178893414e-01 2.842622734477450730e-01 1.365957688953380322e-01 2.676057818107179243e-01 3.531535149233314130e-01 4.373969353725005726e-01 2.457587647908084649e-01 2.583274107086296345e-01 8.393769724097399632e-02 8.638721629026156756e-02 2.655351019863074619e-02 2.686557294176019836e-02 1.308081143613298337e-02 1.091570832548863397e-02 8.753082466618364310e-03 1.084414041367971586e-02 8.922237678446074891e-03 1.992559640082015512e-02 1.530148172717532909e-02 1.530148172717532909e-02
2.712731342027001613e-01 2.712731342027001613e-01 4.886174920838999292e-01 3.603562423426082129e-01 2.717619328382931410e-01 1.369542698480364917e-01 2.595868242381009772e-01 3.469106999798886037e-01 4.411896933756575545e-01 2.483447367317811183e-01 2.653625099670277043e-01 8.904783739347320315e-02 9.635055229600505977e-02 3.206185710865843558e-02 3.274625935208624883e-02 1.390824082618510350e-02 1.304609177396364415e-02 1.031692550887893661e-02 1.856490030942635136e-02 1.583218733155589489e-02 2.686774256391765217e-02 1.594225407808637363e-02 1.594225407808637363e-02
2.727193719137843697e-01 2.727193719137843697e-01 4.863043626134666009e-01 3.521307298602786018e-01 2.565386423519042669e-01 1.376943648575039147e-01 2.492455087269522807e-01 3.408786087198409365e-01 4.437839509125092730e-01 2.500900740729709026e-01 2.706935187475976168e-01 9.358258371798010289e-02 1.068644901934271835e-01 3.917020834577600308e-02 4.386468511909650397e-02 1.883308082572184711e-02 2.398061023455091631e-02 1.738310198814154578e-02 3.284200720384437139e-02 2.421388722159893356e-02 3.372876716118141521e-02 1.577540720883784803e-02 1.577540720883784803e-02
2.735402007790914691e-01 2.735402007790914691e-01 4.820594779117812201e-01 3.446321260543357412e-01 2.412052775436495378e-01 1.395207679266646239e-01 2.382284186055083908e-01 3.357040250738384524e-01 4.451379171239079890e-01 2.506670029675507894e-01 2.737849259889717501e-01 9.703789019482449152e-02 1.158545466905096938e-01 4.633332146367871024e-02 5.750851114247038098e-02 2.678916318008513556e-02 4.098035608022958243e-02 2.835292535979618347e-02 5.009116982593133510e-02 3.212976390577820113e-02 3.892804847731283491e-02 1.500109895421402467e-02 1.500109895421402467e-02
2.740393844481828212e-01 2.740393844481828212e-01 4.777742526661432065e-01 3.393556657563958079e-01 2.284769552655297742e-01 1.432144406829125860e-01 2.283159818154310294e-01 3.320442076650828578e-01 4.455822386980938798e-01 2.499900914471088753e-01 2.746204637153033534e-01 9.920186900859848111e-02 1.218018701077222127e-01 5.209604120366716218e-02 7.052378175080709077e-02 3.608227097617539014e-02 5.991781884083827864e-02 4.075913530880773128e-02 6.607862839389982978e-02 3.786391857904249786e-02 4.155159285812702608e-02 1.403472337233712709e-02 1.403472337233712709e-02
2.747225184440039158e-01 2.747225184440039158e-01 4.753732979854974339e-01 3.374774704282522686e-01 2.203837768909498729e-01 1.493877980776827374e-01 2.209582855212608166e-01 3.303956043798668141e-01 4.457290585689933637e-01 2.482456586923210140e-01 2.736493064111251150e-01 1.001672619983963591e-01 1.240748201609352952e-01 5.543841484016160531e-02 8.010925036133406674e-02 4.480288396494506303e-02 7.632723121496393093e-02 5.187830293942539278e-02 7.700805766939762542e-02 4.031844624277625827e-02 4.148562216310321127e-02 1.335915006863996543e-02 1.335915006863996543e-02
2.761436269102767183e-01 2.761436269102767183e-01 4.761403221512879869e-01 3.395088848062599585e-01 2.176965300563317440e-01 1.583077673458978818e-01 2.169371645311687358e-01 3.309543306422981779e-01 4.462881035120985218e-01 2.458513456250941975e-01 2.716334832113607711e-01 1.002710925430202460e-01 1.229968495641415860e-01 5.598669120115308540e-02 8.447219265645333763e-02 5.127053257250787505e-02 8.651378208285180615e-02 5.939007746429578183e-02 8.047409675285442654e-02 3.923905042508449292e-02 3.930927324453362820e-02 1.334875996649062362e-02 1.334875996649062362e-02
2.787357100712042901e-01 2.787357100712042901e-01 4.802238135393430141e-01 3.451200259503791612e-01 2.197403595266267662e-01 1.698303984233164865e-01 2.162360511760931525e-01 3.335417810485383772e-01 4.478347689756442818e-01 2.433565830024149723e-01 2.694469683997636200e-01 9.998579924431820476e-02 1.196553125367015580e-01 5.404586006313236851e-02 8.318248466673182351e-02 5.439957899131669938e-02 8.842739304441941950e-02 6.191225981770073772e-02 7.602031529953329203e-02 3.522046520980357670e-02 3.601003261340541411e-02 1.412639342137477633e-02 1.412639342137477633e-02
2.826838758016951836e-01 2.826838758016951836e-01 4.865078623887675313e-01 3.531877378513358368e-01 2.246514532608506476e-01 1.834541257131858394e-01 2.181368966558969724e-01 3.376137072718405907e-01 4.505952431310151218e-01 2.413100975679764726e-01 2.678796265034835145e-01 9.979504791214011128e-02 1.155291429739988968e-01 5.046077855984419658e-02 7.715119030074003847e-02 5.390125055643649882e-02 8.207404581062234528e-02 5.927858996434862832e-02 6.515137485730476685e-02 2.950044354000415717e-02 3.262987233816343202e-02 1.550468383904591782e-02 1.550468383904591782e-02
2.878813986047503160e-01 2.878813986047503160e-01 4.929060762856836142e-01 3.620559444704542496e-01 2.299921202651375451e-01 1.984628237727488198e-01 2.215004263248037397e-01 3.423519295090062253e-01 4.543151192009142192e-01 2.401287260572162463e-01 2.674882448869589924e-01 1.000867051795859969e-01 1.120595733476194983e-01 4.635882069258992488e-02 6.826927937960761139e-02 5.028439978226258156e-02 6.937382321870338986e-02 5.250133165020363923e-02 5.081259091271425610e-02 2.360691168810805443e-02 2.995973824615680639e-02 1.703566085478733227e-02 1.703566085478733227e-02
2.939769995983962381e-01 2.939769995983962381e-01 4.969844847268178878e-01 3.699316471832443942e-01 2.335265992253482137e-01 2.141058191641073971e-01 2.251387501753201181e-01 3.468182268097459997e-01 4.582572254664216693e-01 2.400005486515331132e-01 2.685174457311670926e-01 1.010862280606558972e-01 1.102934280320667648e-01 4.285418629030734311e-02 5.883775382869421700e-02 4.467336525469143421e-02 5.353809121222019574e-02 4.344972817623462408e-02 3.651203002162716621e-02 1.896017580088723078e-02 2.837360327759771983e-02 1.815592285711589357e-02 1.815592285711589357e-02
3.004888810606664018e-01 3.004888810606664018e-01 4.967010428961662338e-01 3.752996506445275826e-01 2.339120345011259927e-01 2.297568662398392081e-01 2.281696847721710608e-01 3.501342456597998365e-01 4.613366704106491856e-01 2.408455134930999053e-01 2.708922104524691954e-01 1.028393099367699293e-01 1.106925234308653166e-01 4.079558438434094381e-02 5.097103714906180139e-02 3.850790165053895320e-02 3.817476091595270460e-02 3.435034083376081043e-02 2.536420424324074482e-02 1.653908641490927159e-02 2.783873463021843339e-02 1.838118791462994839e-02 1.838118791462994839e-02
3.069401072335602998e-01 3.069401072335602998e-01 4.910097477960401191e-01 3.772371241973668243e-01 2.310918696641925396e-01 2.450077485325578563e-01 2.302539343807540606e-01 3.516438364941762984e-01 4.623589877351530486e-01 2.423415481575514341e-01 2.742678112414393965e-01 1.052378578030590400e-01 1.131394311419465504e-01 4.061651151992538150e-02 4.614465989055709094e-02 3.321327489587719284e-02 2.639526109199712145e-02 2.725396348383463119e-02 1.934383275119659282e-02 1.669460137682761067e-02 2.807347020663201326e-02 1.748503347275112696e-02 1.748503347275112696e-02
3.129678507170092217e-01 3.129678507170092217e-01 4.801299945793733870e-01 3.755451430982755245e-01 2.262794116464400540e-01 2.596782354218057365e-01 2.316547475825973812e-01 3.510179661053089428e-01 4.602956697538631015e-01 2.440079377974754271e-01 2.781161162420839883e-01 1.080730115734127444e-01 1.171030797143951391e-01 4.231001668070609456e-02 4.499229589893728731e-02 2.992297264836873971e-02 2.017075933665416279e-02 2.360703474889987163e-02 1.895148292618334396e-02 1.914512130042830829e-02 2.877039008488032137e-02 1.559911054808152571e-02 1.559911054808152571e-02
3.183749553351598038e-01 3.183749553351598038e-01 4.654045378407488665e-01 3.706748856617897991e-01 2.215519624484729722e-01 2.737528721696488310e-01 2.331131702629435365e-01 3.482771780269319217e-01 4.545209782280115740e-01 2.453243787431627909e-01 2.818287970784608687e-01 1.110957117324376381e-01 1.218812886964153047e-01 4.551105911127252546e-02 4.736273064239875097e-02 2.930726192031104377e-02 2.008170818937709753e-02 2.401923213495889622e-02 2.334351280393775693e-02 2.313219583096253959e-02 2.978153080694946608e-02 1.319613170227441727e-02 1.319613170227441727e-02
3.231183222062328775e-01 3.231183222062328775e-01 4.488148405568075927e-01 3.634899211168211575e-01 2.191966425723861078e-01 2.872772596231433218e-01 2.355855153331338769e-01 3.437288340244968321e-01 4.449471199593774684e-01 2.458562661498263635e-01 2.848230757182809159e-01 1.140689234168988792e-01 1.268258109910504472e-01 4.964196404706612553e-02 5.256048288856045997e-02 3.152101391631072919e-02 2.546369701387651147e-02 2.825142480522391600e-02 3.082128713340307608e-02 2.767118915257430617e-02 3.118230702905057730e-02 1.095525201796399180e-02 1.095525201796399180e-02
3.272535511871448866e-01 3.272535511871448866e-01 4.323372165939829426e-01 3.549520307834060917e-01 2.210203889667972099e-01 3.002560741246976805e-01 2.399284765308774547e-01 3.378396955097167642e-01 4.320258731072447178e-01 2.453558176533358337e-01 2.866387846896674141e-01 1.168030814516226035e-01 1.314789249967411311e-01 5.406764949522884639e-02 5.964562728542611297e-02 3.624903639704668556e-02 3.482520015703619715e-02 3.538322578843141469e-02 3.946500356613977939e-02 3.181257664731834689e-02 3.318521250725676303e-02 9.549628319178831912e-03 9.549628319178831912e-03
3.308691569528077192e-01 3.308691569528077192e-01 4.173674975304393908e-01 3.458327075078372337e-01 2.278385709474622378e-01 3.125903135567826840e-01 2.466304218902346246e-01 3.310817441167944186e-01 4.166228452836170937e-01 2.438147556935209292e-01 2.870146000892010996e-01 1.191739128286040117e-01 1.355963656298503905e-01 5.821751701647464444e-02 6.767326169609905184e-02 4.280825120405545164e-02 4.634394425762346226e-02 4.407835325392535364e-02 4.767319232325461370e-02 3.483959886570652670e-02 3.594221325079637042e-02 9.424273331253439981e-03 9.424273331253439981e-03
