-7.612988042637880426e-06 1.117363746916399947e-06 7.622860459299829472e-06 3.901299351627418588e-06 2.744456953640561636e-06 1.762910592950639455e-06 6.653965952674312234e-07
4.999158182537700168e-01 4.998840073888727864e-01 4.999519976989225123e-01 4.997695810437423614e-01 4.999081250449176062e-01 4.998585577132978464e-01 4.998931562570324560e-01
4.999130588414105736e-01 4.998753967199141002e-01 4.999608908124350548e-01 4.997751698605963355e-01 4.998974538431716907e-01 4.998619742303971325e-01 4.999058159462358431e-01
4.999218566031494726e-01 4.998781433871261060e-01 4.999472285142223527e-01 4.997740721070429992e-01 4.999028475870691546e-01 4.998540094012217661e-01 4.999063562439156061e-01
4.999122110639568350e-01 4.998775682658756492e-01 4.999482527652464592e-01 4.997713483206496776e-01 4.998912904434725246e-01 4.998628043578930424e-01 4.998965005883079793e-01
4.999182770105851659e-01 4.998799074566407930e-01 4.999589771061236920e-01 4.997755431691240369e-01 4.998947586560384404e-01 4.998538822051565300e-01 4.999078304425147445e-01
4.999179886783605697e-01 4.998798128283201136e-01 4.999490796551727678e-01 4.997720094460919582e-01 4.999006424591544429e-01 4.998594710288014054e-01 4.999072292610987067e-01
4.999178914261699913e-01 4.998834796094813182e-01 4.999471195738404705e-01 4.997665827312531839e-01 4.998952373349949685e-01 4.998568089200008391e-01 4.999102146722738671e-01
4.999140908727787158e-01 4.998784792357085505e-01 4.999582160147713616e-01 4.997574346158165648e-01 4.998941200862797030e-01 4.998552155431543742e-01 4.998997697379826133e-01
4.999223773512426194e-01 4.998802140644909020e-01 4.999583503773469828e-01 4.997694947653604780e-01 4.998994226413527309e-01 4.998612781183688347e-01 4.999105894887552193e-01
4.999230231879653319e-01 4.998749898529344926e-01 4.999531710507330029e-01 4.997712642327792887e-01 4.999072134828989600e-01 4.998628798078525448e-01 4.999075157638396272e-01
4.999098192864326884e-01 4.998770337439532585e-01 4.999548151636291071e-01 4.997701048946355251e-01 4.999035722068032594e-01 4.998567506089677259e-01 4.998954617474123396e-01
4.999147761226308551e-01 4.998894672942724715e-01 4.999529879716032577e-01 4.997721338909982269e-01 4.998905348550182759e-01 4.998644441465952548e-01 4.999146127809476203e-01
4.999187806264402956e-01 4.998774588088819582e-01 4.999555993701465528e-01 4.997710686296162885e-01 4.998908117246683713e-01 4.998534555007895785e-01 4.999127321053330464e-01
4.999186815782398763e-01 4.998905387174214510e-01 4.999517273673810269e-01 4.997753358028326764e-01 4.999032109470277763e-01 4.998559230446251722e-01 4.999028476443496682e-01
4.999161355113194705e-01 4.998788583119798679e-01 4.999493808997430011e-01 4.997764262343253328e-01 4.999054632314421376e-01 4.998594829855046440e-01 4.999008433068833357e-01
4.999152910972713415e-01 4.998824142776072676e-01 4.999637156502821922e-01 4.997710950529203333e-01 4.998992460864730147e-01 4.998528119651102219e-01 4.999062038627666293e-01
4.999164802679758046e-01 4.998810739716146312e-01 4.999505285515363218e-01 4.997744862734357363e-01 4.999043593495418603e-01 4.998617449535805446e-01 4.999005610040222480e-01
4.999174587877728837e-01 4.998801980830508973e-01 4.999690182883035350e-01 4.997707796427030003e-01 4.998963880987995489e-01 4.998621309419056247e-01 4.999052152587787901e-01
4.999197447741192124e-01 4.998918899896847012e-01 4.999603925957993855e-01 4.997711530535278168e-01 4.998995781817286432e-01 4.998615732404337875e-01 4.999123090063742336e-01
4.999159229577980201e-01 4.998767197013707642e-01 4.999629438416413607e-01 4.997798012959041580e-01 4.998957076318063519e-01 4.998636577722940788e-01 4.999025633380804745e-01
4.999172807164991017e-01 4.998769267761870028e-01 4.999520854020717553e-01 4.997739786552644059e-01 4.998979396833838629e-01 4.998565629880965533e-01 4.999013199492167159e-01
4.999188591087359024e-01 4.998807150244949926e-01 4.999543595588848977e-01 4.997760161190324957e-01 4.998925461894893618e-01 4.998548662233043838e-01 4.999050707085892498e-01
4.999162942670936638e-01 4.998762018261846407e-01 4.999561452683261020e-01 4.997590027657525247e-01 4.998967102393903073e-01 4.998597205784500730e-01 4.999035670098047057e-01
4.999259162696094716e-01 4.998784658551793103e-01 4.999472086909482194e-01 4.997643549190155521e-01 4.998928144417634778e-01 4.998535199838199383e-01 4.999175622545893316e-01
4.999103006385535175e-01 4.998840988768821214e-01 4.999562639822434651e-01 4.997623002494634425e-01 4.998953334650746982e-01 4.998579966559728027e-01 4.999077943556105019e-01
4.999177901778095179e-01 4.998834039446766186e-01 4.999544649441073352e-01 4.997644073457877534e-01 4.998983613806656789e-01 4.998562402901483015e-01 4.999160496488033179e-01
4.999219768664635577e-01 4.998793082402090415e-01 4.999422421564305719e-01 4.997774860255382867e-01 4.999087115672131709e-01 4.998608159963127684e-01 4.999045485661378629e-01
4.999256571472024402e-01 4.998767526232441583e-01 4.999540511993365577e-01 4.997681769245711503e-01 4.998972181899147271e-01 4.998631177530956093e-01 4.998957426897150391e-01
4.999194332437232324e-01 4.998882623850599005e-01 4.999476673599678178e-01 4.997770865407936136e-01 4.998884244473777994e-01 4.998541186994129859e-01 4.999084178372118492e-01
4.999147298057128874e-01 4.998830417339426013e-01 4.999456057783174256e-01 4.997581344264370729e-01 4.998950790890769325e-01 4.998673880375432699e-01 4.999078740845670499e-01
4.999180213859714117e-01 4.998840754264414765e-01 4.999526157341966370e-01 4.997713702727712981e-01 4.999002953568487673e-01 4.998532418735490146e-01 4.999103714372502560e-01
4.999181675297068583e-01 4.998892941788022348e-01 4.999505780648142994e-01 4.997576097125454586e-01 4.999034502863574092e-01 4.998653582012965724e-01 4.999083711954619424e-01
4.999231361973510146e-01 4.998826860987453657e-01 4.999451309709859737e-01 4.997658557928155720e-01 4.998937924727859250e-01 4.998583884827936252e-01 4.999139127883251987e-01
