-4.808838478420618401e-06 1.953769285301110159e-06 1.439357406984864696e-06 -9.084240239820573493e-06 5.302384541883142788e-06 1.117712562448414104e-06 -8.027918775743714264e-06 1.014880735561440872e-07 5.229156851527250183e-06 -3.186942887367649746e-07 -1.095818522034441855e-06
4.999156279257059854e-01 4.998802117557180069e-01 4.999578181197970039e-01 4.997769677937295985e-01 4.999105215656552970e-01 4.998487706123288521e-01 4.999081688761358166e-01 4.997223916731971527e-01 4.999203781204099029e-01 4.998165238010911504e-01 4.999279874935982360e-01
4.999321741948807296e-01 4.998760224218442572e-01 4.999579851717556034e-01 4.997611225621289011e-01 4.999040798238102434e-01 4.998614880565945828e-01 4.998986108651319871e-01 4.997322212783134043e-01 4.999187958773634310e-01 4.998147953769215279e-01 4.999329918056788502e-01
4.999182443508278784e-01 4.998784435139370097e-01 4.999495857258100528e-01 4.997670821434798683e-01 4.999000180946132632e-01 4.998638494834523605e-01 4.999002528785006505e-01 4.997286927421437097e-01 4.999151010088866975e-01 4.998099678864948436e-01 4.999288088138156283e-01
4.999153037448413328e-01 4.998806835255572012e-01 4.999577999639662207e-01 4.997629960246782743e-01 4.999028508486889066e-01 4.998554461975010521e-01 4.998999026890386110e-01 4.997294860769181946e-01 4.999208097279283503e-01 4.998084149445370383e-01 4.999331554302482994e-01
4.999079718429880748e-01 4.998815897215367343e-01 4.999541603211191676e-01 4.997706788557911839e-01 4.998983985799856367e-01 4.998593353006953177e-01 4.999033433241675817e-01 4.997196572223329136e-01 4.999081184996080340e-01 4.998134042496054086e-01 4.999303566650344921e-01
4.999202827556481488e-01 4.998850688772923934e-01 4.999542467601180706e-01 4.997672901674524160e-01 4.998899560625321148e-01 4.998596144817419318e-01 4.999089431598764954e-01 4.997370251365955696e-01 4.999160140596833890e-01 4.998208218096953370e-01 4.999469171826611547e-01
4.999168764456413672e-01 4.998855092000658584e-01 4.999490628930370328e-01 4.997722148630466266e-01 4.998993791926329977e-01 4.998536477199037598e-01 4.998966976328341749e-01 4.997205818569963598e-01 4.999200702491917725e-01 4.998143577850781560e-01 4.999339100033986516e-01
4.999161464904646746e-01 4.998813604680162892e-01 4.999536945496620421e-01 4.997745378997435761e-01 4.999013091321985458e-01 4.998552655064517070e-01 4.998985717323855549e-01 4.997291119990468489e-01 4.999211515344944012e-01 4.998140745282121933e-01 4.999332772941135761e-01
4.999101139463317245e-01 4.998738999614344425e-01 4.999475570530159119e-01 4.997739519128951979e-01 4.999000032580995234e-01 4.998585957250481493e-01 4.999017501890628545e-01 4.997223070336133666e-01 4.999173641863465245e-01 4.998219344765642003e-01 4.999263934202537452e-01
4.999155535917012561e-01 4.998893152503341430e-01 4.999532490460013023e-01 4.997704844215660192e-01 4.998985745182925045e-01 4.998576156503160561e-01 4.999009850621132789e-01 4.997286945527333324e-01 4.999276428668877337e-01 4.998196855173378528e-01 4.999383603042519275e-01
4.999280274280695213e-01 4.998796900584059344e-01 4.999547432769296251e-01 4.997723438849044908e-01 4.999004661314664366e-01 4.998602501242550011e-01 4.999076548458836200e-01 4.997247550692793805e-01 4.999152163076532318e-01 4.998196521839645134e-01 4.999346821366008053e-01
4.999122959502926844e-01 4.998860545608455608e-01 4.999522851730701101e-01 4.997768589253709925e-01 4.998918382022600193e-01 4.998611432578812797e-01 4.999050212340184762e-01 4.997306213102079564e-01 4.999155987960243186e-01 4.998134373830253607e-01 4.999291356349858662e-01
4.999152028856729268e-01 4.998874802981138066e-01 4.999651900599841325e-01 4.997698017983213670e-01 4.999025658158242624e-01 4.998564648126428978e-01 4.998994694543057449e-01 4.997231800479278729e-01 4.999187397930975330e-01 4.998202582415492423e-01 4.999394116593288695e-01
4.999226680079021934e-01 4.998752974264372706e-01 4.999647423347937103e-01 4.997702802318539916e-01 4.998874649696468109e-01 4.998717637665119340e-01 4.999016426696455961e-01 4.997288013000146800e-01 4.999131995675760720e-01 4.998156988149375923e-01 4.999218243671871842e-01
4.999209457137771540e-01 4.998810364269458129e-01 4.999522506120797072e-01 4.997610608843981450e-01 4.999053521692088942e-01 4.998604389926076252e-01 4.999007291553952959e-01 4.997238787224368983e-01 4.999144317181976049e-01 4.998235377125849754e-01 4.999247873874153036e-01
4.999148892599141192e-01 4.998944041146355932e-01 4.999519193386792737e-01 4.997680527332618028e-01 4.998955760539877669e-01 4.998599297056158797e-01 4.999073620398579165e-01 4.997221101738569260e-01 4.999191608207342874e-01 4.998217629070489387e-01 4.999340717796388889e-01
4.999139989069003587e-01 4.998852797816909499e-01 4.999556656566115920e-01 4.997692352975180996e-01 4.998969069042973334e-01 4.998512902279451109e-01 4.999048572398065993e-01 4.997324047975467143e-01 4.999167807722155743e-01 4.998306281254520922e-01 4.999330036380805198e-01
4.999187391870333896e-01 4.998829209766434412e-01 4.999428581463852828e-01 4.997730378949685748e-01 4.998864001304496596e-01 4.998584199159953334e-01 4.998980164372528456e-01 4.997256780465895165e-01 4.999124765151744532e-01 4.998191458329806491e-01 4.999330828908343238e-01
4.999295338726755245e-01 4.998748596575969261e-01 4.999636256446402527e-01 4.997742952886577439e-01 4.998907810583494427e-01 4.998574794721812875e-01 4.999019903206485815e-01 4.997215603543264661e-01 4.999253412578133493e-01 4.998160094252781516e-01 4.999354599120536813e-01
4.999166836464953856e-01 4.998785884863692908e-01 4.999517258405109521e-01 4.997749698590974177e-01 4.998971438309762205e-01 4.998477231283608435e-01 4.999059246435117454e-01 4.997286575988113544e-01 4.999252373397731208e-01 4.998189040249586546e-01 4.999379705945389829e-01
4.999174503614548515e-01 4.998793158379276624e-01 4.999581503559112905e-01 4.997667068506333465e-01 4.999008399587622220e-01 4.998540328109246644e-01 4.999028938479358475e-01 4.997312482774616260e-01 4.999225004707474884e-01 4.998114369348575226e-01 4.999385032378993454e-01
4.999280073419350434e-01 4.998764755371544743e-01 4.999559271213712686e-01 4.997736126821771818e-01 4.999015082462383019e-01 4.998637196793933590e-01 4.999023755140202252e-01 4.997232265385614380e-01 4.999183066419697896e-01 4.998078136791295756e-01 4.999374776340245186e-01
4.999158622705429655e-01 4.998787883781842245e-01 4.999426299575127630e-01 4.997721633459649704e-01 4.998959609578179086e-01 4.998550311128595047e-01 4.999039572677398402e-01 4.997267454680291987e-01 4.999176816493381970e-01 4.998111981980477569e-01 4.999325297774995236e-01
4.999197408586003033e-01 4.998832125360792022e-01 4.999520301153944080e-01 4.997633053515920798e-01 4.998916300482058594e-01 4.998600562756606025e-01 4.999100354928870393e-01 4.997218795280162218e-01 4.999193817764427950e-01 4.998174625637666346e-01 4.999272022201369792e-01
4.999171705401097565e-01 4.998823568593566136e-01 4.999579046159667306e-01 4.997593038535815269e-01 4.998968660675046083e-01 4.998605248109010968e-01 4.998961478930879498e-01 4.997338088814746726e-01 4.999148070483604434e-01 4.998148371304536042e-01 4.999431740050996886e-01
4.999193987339800027e-01 4.998897155025541217e-01 4.999530342566810281e-01 4.997663559637787745e-01 4.998963271202194747e-01 4.998630948974161492e-01 4.999019467200720990e-01 4.997292881477334858e-01 4.999225229477855525e-01 4.998165950113122591e-01 4.999355438377507399e-01
4.999090944321109009e-01 4.998906005140049125e-01 4.999514278351028795e-01 4.997694946146181150e-01 4.999055027890486058e-01 4.998585081536672248e-01 4.999132797223115876e-01 4.997368638183735667e-01 4.999127878322461860e-01 4.998158903832429778e-01 4.999188388236798231e-01
4.999174562323711046e-01 4.998836717510773964e-01 4.999570258081761920e-01 4.997659226922176456e-01 4.999021716788235592e-01 4.998541005335878085e-01 4.998977433444445895e-01 4.997275494430041820e-01 4.999209561404902025e-01 4.998126475211912556e-01 4.999291739314788985e-01
4.999184313476193742e-01 4.998850744894747233e-01 4.999508743232994323e-01 4.997741662413905939e-01 4.998933305272665883e-01 4.998554595903060838e-01 4.999128048317666440e-01 4.997200082249181330e-01 4.999187948430349193e-01 4.998169449177543022e-01 4.999301400269173801e-01
4.999113416515681418e-01 4.998807110365377504e-01 4.999502947565240829e-01 4.997646582545194893e-01 4.998970442304985773e-01 4.998629306838751063e-01 4.998968910813190170e-01 4.997192477225061435e-01 4.999159537817743915e-01 4.998196709540403404e-01 4.999274216048922859e-01
4.999165586741340928e-01 4.998796012863211402e-01 4.999512445798311999e-01 4.997713256598874110e-01 4.998972032658294817e-01 4.998625351686441509e-01 4.999039199516798204e-01 4.997308822606947309e-01 4.999217342812076192e-01 4.998201406374347955e-01 4.999292217806950434e-01
4.999162276119751835e-01 4.998841558666520801e-01 4.999534716462886164e-01 4.997664205803923343e-01 4.998915424164234733e-01 4.998625585955221440e-01 4.999050071946124496e-01 4.997336599142624403e-01 4.999147633226549425e-01 4.998229249865008272e-01 4.999394002115940538e-01
4.999218209330469898e-01 4.998861087516405788e-01 4.999594748122648813e-01 4.997649966440951830e-01 4.998932615301282523e-01 4.998609502718467379e-01 4.999080654797790069e-01 4.997252072149534485e-01 4.999184153006492881e-01 4.998176387232272089e-01 4.999322769008160972e-01
