0.000000000000000000e+00 0.000000000000000000e+00 0.000000000000000000e+00 0.000000000000000000e+00 0.000000000000000000e+00 0.000000000000000000e+00 0.000000000000000000e+00 0.000000000000000000e+00 0.000000000000000000e+00 0.000000000000000000e+00 1.000000000000000000e+00 1.000000000000000000e+00 1.000000000000000000e+00 0.000000000000000000e+00 0.000000000000000000e+00 0.000000000000000000e+00 0.000000000000000000e+00 0.000000000000000000e+00 0.000000000000000000e+00 0.000000000000000000e+00 0.000000000000000000e+00 0.000000000000000000e+00 0.000000000000000000e+00
1.947228084460778108e-02 1.947228084460778108e-02 3.818622224663997811e-02 1.947228084460783659e-02 3.818622224664020015e-02 1.947228084460778108e-02 3.818622224664003362e-02 1.947228084460778108e-02 3.818622224663986708e-02 1.947228084460778108e-02 9.618137777533599664e-01 9.805277191553920524e-01 9.618137777533599664e-01 1.947228084460800313e-02 3.818622224664003362e-02 1.947228084460800313e-02 3.818622224663992260e-02 1.947228084460805864e-02 3.818622224663986708e-02 1.947228084460800313e-02 3.818622224663975606e-02 1.947228084460811415e-02 1.947228084460811415e-02
6.447381586054135028e-02 6.447381586054135028e-02 1.189201177476170157e-01 6.470117778503725603e-02 1.191458570615558377e-01 6.470117778503686745e-02 1.191458570615560042e-01 6.470117778503703398e-02 1.302872326935557434e-01 7.592263744582655738e-02 8.696326832776544169e-01 9.352988222149625219e-01 8.696326832776543059e-01 7.592263744582677942e-02 1.302872326935209379e-01 6.470117778507183948e-02 1.191458570616464874e-01 6.470117778498074568e-02 1.191458570615148704e-01 6.470117778503636785e-02 1.189201177476163496e-01 6.447381586054140579e-02 6.447381586054140579e-02
1.059506891718480781e-01 1.059506891718480781e-01 1.747752533121619822e-01 1.087139962483783528e-01 1.774798821911074964e-01 1.087167293343434538e-01 1.776280039144421674e-01 1.088516807435827016e-01 2.290457261280077206e-01 1.612752013066942047e-01 7.700467640240353795e-01 8.910380996114046770e-01 7.700467640218793264e-01 1.612752013115179572e-01 2.290457261428289204e-01 1.088516807491818894e-01 1.776280039225245355e-01 1.087167293378636379e-01 1.774798821988761710e-01 1.087139962524914516e-01 1.747752533212765247e-01 1.059506891769482206e-01 1.059506891769482206e-01
1.223018828663239299e-01 1.223018828663239299e-01 1.695597240040230269e-01 1.340949811079083509e-01 1.807221572480893212e-01 1.341678796010014052e-01 1.824559306269210590e-01 1.356580476964345805e-01 3.017305882644539250e-01 2.601115313068573798e-01 6.938773621642084777e-01 8.631773011531319595e-01 6.938773621704688033e-01 2.601115312987242745e-01 3.017305882610298862e-01 1.356580477023581199e-01 1.824559306406132175e-01 1.341678796082321767e-01 1.807221572635134277e-01 1.340949811186372131e-01 1.695597240229375635e-01 1.223018828776534783e-01 1.223018828776534783e-01
1.136126241458749742e-01 1.136126241458749742e-01 1.254137287912006626e-01 1.424304399273733646e-01 1.509470236243902197e-01 1.430565568238246765e-01 1.597753721858745091e-01 1.503108675094623203e-01 3.492459040864964170e-01 3.557669788013818057e-01 6.370928089177264608e-01 8.445471515694416009e-01 6.370928089196531419e-01 3.557669787885563428e-01 3.492459040633397183e-01 1.503108675129117833e-01 1.597753721850658781e-01 1.430565568394013831e-01 1.509470236532560738e-01 1.424304399428841239e-01 1.254137288134117845e-01 1.136126241487512289e-01 1.136126241487512289e-01
9.642040388532979733e-02 9.642040388532979733e-02 8.968881786743332363e-02 1.442128291418219854e-01 1.273782266485185000e-01 1.471884053903060319e-01 1.552736745333826440e-01 1.696672390656853158e-01 3.902577475396020734e-01 4.394364930156923754e-01 5.774997450239436336e-01 8.168773633534777145e-01 5.774997450952649158e-01 4.394364929433843825e-01 3.902577475029360143e-01 1.696672390587757873e-01 1.552736745137853203e-01 1.471884054302016742e-01 1.273782267126716827e-01 1.442128291596100342e-01 8.968881788913957154e-02 9.642040390000161665e-02 9.642040390000161665e-02
8.715182217023353939e-02 8.715182217023353939e-02 8.493873474367819032e-02 1.448527519325882307e-01 1.226692449398726348e-01 1.544267802508976217e-01 1.858078697961539349e-01 2.059209164045849305e-01 4.330011215832461069e-01 5.123132286776509448e-01 5.040942002887179862e-01 7.702568315571114432e-01 5.040942003268993332e-01 5.123132286091732768e-01 4.330011215365068833e-01 2.059209163586534497e-01 1.858078697480618491e-01 1.544267803027481456e-01 1.226692450834876436e-01 1.448527518720876262e-01 8.493873477176533404e-02 8.715182210153155085e-02 8.715182210153155085e-02
9.050890815916379228e-02 9.050890815916379228e-02 9.589192312811833929e-02 1.424020011097434923e-01 1.225768955716686204e-01 1.653811730219200138e-01 2.329023493476062301e-01 2.594989436375944036e-01 4.656724740949596542e-01 5.781346569673626590e-01 4.276224487735386104e-01 7.107937107287682910e-01 4.276224486427368521e-01 5.781346568653579210e-01 4.656724735190642672e-01 2.594989435627439445e-01 2.329023492461093081e-01 1.653811730881623587e-01 1.225768956861283399e-01 1.424020010575141049e-01 9.589192319738237824e-02 9.050890801512589956e-02 9.050890801512589956e-02
1.007337251769735986e-01 1.007337251769735986e-01 9.828168414472998604e-02 1.359806251095055929e-01 1.176729280635472330e-01 1.795188705742781776e-01 2.735201446563970684e-01 3.232657322909089359e-01 4.709649329528920458e-01 6.343788668784202667e-01 3.665175671506331612e-01 6.530143968245303299e-01 3.665175663016128071e-01 6.343788670537562346e-01 4.709649297673798030e-01 3.232657318299689830e-01 2.735201441126950961e-01 1.795188706177573423e-01 1.176729281600542576e-01 1.359806250787444215e-01 9.828168423267846787e-02 1.007337250138228835e-01 1.007337250138228835e-01
1.102775946555464293e-01 1.102775946555464293e-01 8.904235521145797971e-02 1.317314724549330518e-01 1.195126854238320879e-01 1.998961687978915713e-01 3.037386613394176260e-01 3.898279838527233809e-01 4.443722943844039541e-01 6.718758308878746144e-01 3.286278830701913067e-01 6.089871089557838957e-01 3.286278809659609057e-01 6.718758321723752314e-01 4.443722850615826059e-01 3.898279825055598891e-01 3.037386596374610503e-01 1.998961688741694442e-01 1.195126856168718388e-01 1.317314723933649678e-01 8.904235534515253514e-02 1.102775944531224628e-01 1.102775944531224628e-01
1.159140738300043494e-01 1.159140738300043494e-01 8.514672621630459126e-02 1.384452479025517491e-01 1.431241135609846449e-01 2.312064956251909664e-01 3.312267209311422489e-01 4.547890484420044066e-01 3.969227228250217232e-01 6.829468609820343872e-01 3.079749197158190288e-01 5.844200634395231297e-01 3.079749174182107030e-01 6.829468642770947229e-01 3.969227058653495566e-01 4.547890462837078096e-01 3.312267181828453255e-01 2.312064958081953558e-01 1.431241138697106341e-01 1.384452478909687922e-01 8.514672636871745137e-02 1.159140736994382914e-01 1.159140736994382914e-01
1.184857307522257930e-01 1.184857307522257930e-01 1.003794501140110595e-01 1.592180396863005498e-01 1.850294421366232012e-01 2.754933291762673431e-01 3.557706807348253730e-01 5.153083157385912605e-01 3.438897104074661315e-01 6.689467935602193549e-01 2.948782896838796352e-01 5.802608061053613486e-01 2.948782911118047467e-01 6.689467990017042842e-01 3.438896901180698018e-01 5.153083140868953693e-01 3.557706796164435969e-01 2.754933297432188843e-01 1.850294426809038217e-01 1.592180396728481995e-01 1.003794502709989267e-01 1.184857306920084064e-01 1.184857306920084064e-01
1.198919104093433829e-01 1.198919104093433829e-01 1.313334628621212197e-01 1.897932138006075409e-01 2.274480365528467329e-01 3.306623788785076345e-01 3.662675074047757606e-01 5.674833471932114737e-01 2.947737112197026943e-01 6.399597376396550796e-01 2.847270470135427889e-01 5.933938166314668416e-01 2.847270574067426452e-01 6.399597431257227909e-01 2.947736965527754660e-01 5.674833475727462107e-01 3.662675115149650051e-01 3.306623801006237651e-01 2.274480371727718442e-01 1.897932137939143948e-01 1.313334630510549217e-01 1.198919104471560249e-01 1.198919104471560249e-01
1.217881314845373764e-01 1.217881314845373764e-01 1.655305142116805239e-01 2.244647644393412689e-01 2.599039660295036080e-01 3.915597752092958572e-01 3.544788032977664871e-01 6.058692099840022882e-01 2.534748130726596216e-01 6.085392591359217729e-01 2.772858905558102105e-01 6.156523639440667495e-01 2.772859112706284046e-01 6.085392615382393400e-01 2.534748100809483540e-01 6.058692125168155806e-01 3.544788138986040282e-01 3.915597773537204951e-01 2.599039664827833551e-01 2.244647648551781893e-01 1.655305148548386063e-01 1.217881317019236520e-01 1.217881317019236520e-01
1.262983079361486016e-01 1.262983079361486016e-01 1.963464337001241677e-01 2.612797816966606068e-01 2.872362306565481305e-01 4.514469662085617285e-01 3.243651209133384672e-01 6.258382864800217105e-01 2.234414178951711349e-01 5.841742966040571750e-01 2.714954268274253346e-01 6.355463306834818749e-01 2.714954518432848851e-01 5.841742937571944294e-01 2.234414228213959519e-01 6.258382893012427450e-01 3.243651341928891485e-01 4.514469691462446588e-01 2.872362313256426880e-01 2.612797829537849559e-01 1.963464352425127180e-01 1.262983082824648551e-01 1.262983082824648551e-01
1.362642758007437949e-01 1.362642758007437949e-01 2.261633961382868985e-01 3.012732552700854716e-01 3.153208288622105782e-01 5.037400360676157485e-01 2.866184589162544261e-01 6.268004962207553987e-01 2.086620504548092891e-01 5.717708607109184271e-01 2.638641515640681168e-01 6.439064726851438936e-01 2.638641696527410652e-01 5.717708539975638882e-01 2.086620519418810882e-01 6.268004972215515114e-01 2.866184686038067975e-01 5.037400393816907629e-01 3.153208315051304611e-01 3.012732576518448724e-01 2.261633989095125363e-01 1.362642761643313438e-01 1.362642761643313438e-01
1.539104827062238723e-01 1.539104827062238723e-01 2.580302309554509677e-01 3.449769837677967299e-01 3.370684435575075910e-01 5.440913280133743424e-01 2.493614144186778736e-01 6.134389380877651732e-01 2.094520747207472278e-01 5.722507041742946887e-01 2.515865368356730025e-01 6.386810705661153387e-01 2.515865396434698864e-01 5.722506978716336290e-01 2.094520647061147711e-01 6.134389372288873155e-01 2.493614165755845824e-01 5.440913314241483389e-01 3.370684503054109937e-01 3.449769865947205916e-01 2.580302340649042736e-01 1.539104830791525602e-01 1.539104830791525602e-01
1.793821203308981205e-01 1.793821203308981205e-01 2.891360172122259264e-01 3.911731500730382116e-01 3.385252013276962013e-01 5.712653095476918352e-01 2.172447495939837103e-01 5.937822786761531857e-01 2.195295678221350077e-01 5.827792265561018148e-01 2.355650289746887283e-01 6.244227324456391726e-01 2.355650188031549463e-01 5.827792251553758351e-01 2.195295510810809092e-01 5.937822777865219281e-01 2.172447448106795131e-01 5.712653117260138025e-01 3.385252116414347867e-01 3.911731518239490724e-01 2.891360181771306381e-01 1.793821207253379346e-01 1.793821207253379346e-01
2.108986356567111309e-01 2.108986356567111309e-01 3.131597317294173566e-01 4.378710701530180160e-01 3.159260819926318353e-01 5.861234202173809527e-01 1.954823591236704572e-01 5.755937996755696728e-01 2.290219587110414734e-01 5.971643087105490411e-01 2.197627722340218526e-01 6.077964218345368597e-01 2.197627600049015806e-01 5.971643140760032331e-01 2.290219489205635450e-01 5.755938012862671371e-01 1.954823496538314886e-01 5.861234207199889079e-01 3.159260926917460965e-01 4.378710691089250373e-01 3.131597285253224228e-01 2.108986365255923756e-01 2.108986365255923756e-01
2.463518420522309293e-01 2.463518420522309293e-01 3.261548022675263558e-01 4.828038180656519796e-01 2.808036556633848324e-01 5.903495572479237063e-01 1.886515252785626595e-01 5.636732293063217991e-01 2.308930995726544699e-01 6.082529599128727593e-01 2.079526140342130569e-01 5.938115249966648967e-01 2.079526420166046274e-01 6.082529656967000653e-01 2.308931045189984710e-01 5.636732345625645735e-01 1.886515106201202552e-01 5.903495553221810299e-01 2.808036610084478357e-01 4.828038143495870793e-01 3.261547933723490944e-01 2.463518458104902997e-01 2.463518458104902997e-01
2.846656114515314084e-01 2.846656114515314084e-01 3.284398277392121535e-01 5.230611553341426578e-01 2.478490961382819324e-01 5.862760653405917344e-01 1.947890344912547311e-01 5.593913487766211112e-01 2.248439796759275078e-01 6.116763019224893405e-01 2.010731507222398573e-01 5.850067437338584142e-01 2.010732403855256534e-01 6.116763074110327381e-01 2.248439950760690587e-01 5.593913572482361873e-01 1.947890190116877696e-01 5.862760641907105441e-01 2.478490983482261045e-01 5.230611495515992138e-01 3.284398181197240030e-01 2.846656160606710895e-01 2.846656160606710895e-01
3.256518504545398707e-01 3.256518504545398707e-01 3.220800120586092552e-01 5.553825429706628070e-01 2.223365596264186284e-01 5.771684278220555742e-01 2.048818563119017000e-01 5.617167076675596560e-01 2.157177232435305569e-01 6.078220696564405889e-01 1.971012018746316485e-01 5.819530015291762837e-01 1.971013269341096441e-01 6.078220609618025794e-01 2.157177106418586288e-01 5.617167180343585198e-01 2.048818450942224145e-01 5.771684295613479510e-01 2.223365637491279134e-01 5.553825371546275980e-01 3.220800054999456985e-01 3.256518553096656166e-01 3.256518553096656166e-01
3.686361822272837263e-01 3.686361822272837263e-01 3.084017269590987320e-01 5.772842638255638592e-01 2.016466822436550621e-01 5.668629695949215508e-01 2.109565888704573178e-01 5.683638759456662859e-01 2.084608272894843406e-01 6.002847168796181521e-01 1.931223052456372269e-01 5.832676835272134763e-01 1.931224282693556060e-01 6.002846824394245662e-01 2.084607589606346512e-01 5.683638825861013766e-01 2.109565945183078384e-01 5.668629743209739891e-01 2.016466918405954156e-01 5.772842594608309508e-01 3.084017240207013733e-01 3.686361859146922715e-01 3.686361859146922715e-01
4.111828697091809426e-01 4.111828697091809426e-01 2.879450446484095316e-01 5.877695139212323339e-01 1.854258553875928195e-01 5.587529103009528653e-01 2.130573378448595845e-01 5.766873737565566538e-01 2.040692840980468103e-01 5.925888274074389006e-01 1.878390932221546961e-01 5.858767875780088730e-01 1.878392181208813350e-01 5.925887828003043589e-01 2.040691967095288883e-01 5.766873645374208657e-01 2.130573768356192055e-01 5.587529159537267809e-01 1.854258657499502361e-01 5.877695110821735680e-01 2.879450421506969393e-01 4.111828709707645579e-01 4.111828709707645579e-01
