-3.479790898430756840e-06 -2.552116252219072123e-06 5.823155004469615648e-06 -8.721032918712623427e-06 -6.744751761988965200e-06 2.657665220506810755e-06 1.000002024553117375e+00 1.000009791012024252e+00 1.000005531217295740e+00 -1.691456415264802615e-06 -4.120234946558554157e-07 1.704801029955849145e-06 5.534377783278365825e-07 4.989451304449055158e-06 -1.253615013463438288e-06
2.358757126196475706e-02 2.358812756824713031e-02 4.596878292545319988e-02 2.360417295826067186e-02 4.773383638091754921e-02 2.535865574295442793e-02 9.522693766182619424e-01 9.763993173421799954e-01 9.522615914179399788e-01 2.535594790497075479e-02 4.772767899123780966e-02 2.360121229708400659e-02 4.597186391801622030e-02 2.359258767774391474e-02 2.357694316154756997e-02
7.382155818776670042e-02 7.382587675781909775e-02 1.324672845043436409e-01 7.463192222575804058e-02 1.560161682460526333e-01 9.770517237123055310e-02 8.437260622040128055e-01 9.253321019992628571e-01 8.437306335890902842e-01 9.771044628788283504e-02 1.560257506334457589e-01 7.463123683497269178e-02 1.324745819473640562e-01 7.383513081444442738e-02 7.382560083376138449e-02
1.106471323488690262e-01 1.106451130383023784e-01 1.709723418277641072e-01 1.175192805043021038e-01 2.591879579680833601e-01 2.025492517916635538e-01 7.385075927925096595e-01 8.818672592118999010e-01 7.385087451098799605e-01 2.025519476190785206e-01 2.591874300264493947e-01 1.175245930489264290e-01 1.709769389749223878e-01 1.106466267140683302e-01 1.106483829678356900e-01
1.138465471966135234e-01 1.138423555119920105e-01 1.438149004534088338e-01 1.399247969633795607e-01 3.265989716930357556e-01 3.158353061760577063e-01 6.631111203090932493e-01 8.560446437185966762e-01 6.631012711552866090e-01 3.158353744795630025e-01 3.265943748931928736e-01 1.399190139231594743e-01 1.438153974728578754e-01 1.138460194696811478e-01 1.138475658331303264e-01
9.680364057561485769e-02 9.679981598098030826e-02 1.136002123111571893e-01 1.584916977319323905e-01 3.736760677184360890e-01 4.179345673523408022e-01 5.957962232107145706e-01 8.279657260093353788e-01 5.957919564851148486e-01 4.179326052900083632e-01 3.736799951983207357e-01 1.584817460511610543e-01 1.135941777112556283e-01 9.681280479448323151e-02 9.680488021642447150e-02
8.586989682258788781e-02 8.586674929741083817e-02 1.354490364262609936e-01 1.940333889018931446e-01 4.173273225178791845e-01 5.050233291419542470e-01 5.132479798671268911e-01 7.783601133136617278e-01 5.132480296263262076e-01 5.050263853831371552e-01 4.173415800454098323e-01 1.940311722431687924e-01 1.354489882680289248e-01 8.587662451864247481e-02 8.587844033752445316e-02
9.545789092900136552e-02 9.545891381350879445e-02 1.979133996588779976e-01 2.534099476569685594e-01 4.459797523418983500e-01 5.819159027653121319e-01 4.243424676760133574e-01 7.115388076101191173e-01 4.243551922862049408e-01 5.819109699010356351e-01 4.459805886855213730e-01 2.534123588606610467e-01 1.979140106745275185e-01 9.546196657162514532e-02 9.544753849812898094e-02
1.248552047051218472e-01 1.248524831093599241e-01 2.586064438847952562e-01 3.319153404216130809e-01 4.394836496010479099e-01 6.462217008257987727e-01 3.535257955525747398e-01 6.474051090451671264e-01 3.535275612817375124e-01 6.462096292211945148e-01 4.394835508005925928e-01 3.319144919079097811e-01 2.586056892275148122e-01 1.248564159597100320e-01 1.248571323252931631e-01
1.698200730308463968e-01 1.698235733474651732e-01 3.032994414653482629e-01 4.207873367053256985e-01 3.991355966584534398e-01 6.856130525963554101e-01 3.091398412867835122e-01 6.026705050935345920e-01 3.091267061330020272e-01 6.856113231105522843e-01 3.991319610125870221e-01 4.207887408639706117e-01 3.032983465588092731e-01 1.698331213910689308e-01 1.698262624945244270e-01
2.284939483437680718e-01 2.284942793823126483e-01 3.443652221825028170e-01 5.088908110527639028e-01 3.439167871140597632e-01 6.908421494272427577e-01 2.812879872192224906e-01 5.847211072481854899e-01 2.812890982225759173e-01 6.908399286499117276e-01 3.439227964903971424e-01 5.088760255192736892e-01 3.443700048619897647e-01 2.284996062853323351e-01 2.285013567551861247e-01
2.975840072787019897e-01 2.975836990507160773e-01 3.796038148646688204e-01 5.835571861578480179e-01 2.887042281166967705e-01 6.669988091911408512e-01 2.612222870342249537e-01 5.945054667617841737e-01 2.612158333358070017e-01 6.669946646850433147e-01 2.886963075001972578e-01 5.835583660418167673e-01 3.796093557935115714e-01 2.975855307468837641e-01 2.975799744959060078e-01
3.702279378747720395e-01 3.702158915776753156e-01 3.855460380966257428e-01 6.346258226230775401e-01 2.409804871769284373e-01 6.309531625662676557e-01 2.486202457254494402e-01 6.252345149031410809e-01 2.486231848400217159e-01 6.309674080637704963e-01 2.409727260829111484e-01 6.346309385452929552e-01 3.855511221647474618e-01 3.702128845561042381e-01 3.702274523735796796e-01
4.399997924615508538e-01 4.400019157033068229e-01 3.521774603864361586e-01 6.574032477545963538e-01 2.115765817299128382e-01 6.007832216115036594e-01 2.416328140732325602e-01 6.600980036114549865e-01 2.416449986326017485e-01 6.007856597250154085e-01 2.115759133742090570e-01 6.574150587902625187e-01 3.521737465566485148e-01 4.399997343560064222e-01 4.400057021951988556e-01
5.033507105331870290e-01 5.033544246984806847e-01 2.997509464807418533e-01 6.531264393626239340e-01 2.102915645867556305e-01 5.882367279971287832e-01 2.323418740098976976e-01 6.791115123586254354e-01 2.323501189769854314e-01 5.882411385287129590e-01 2.102875439593469564e-01 6.531201027533208858e-01 2.997589072375097530e-01 5.033641562175242834e-01 5.033613533894730763e-01
5.557881365949117747e-01 5.557866513120184315e-01 2.530665639037066317e-01 6.285115953203959105e-01 2.301149028888494485e-01 5.967151386935319879e-01 2.166322682758949902e-01 6.726527240394960527e-01 2.166419567257312218e-01 5.967132610765922829e-01 2.301156535884004151e-01 6.285109787348739374e-01 2.530709111590528360e-01 5.557846713721555920e-01 5.557837798654180483e-01
5.889753538277070488e-01 5.889822396913277913e-01 2.164200890883330453e-01 5.942841209557837567e-01 2.512783203958310896e-01 6.207995214536837780e-01 2.010549063540308934e-01 6.472147741501625973e-01 2.010582025301800302e-01 6.207928093562462557e-01 2.512803283053688386e-01 5.942926626867585105e-01 2.164233839164965145e-01 5.889801088230123272e-01 5.889760995528752208e-01
5.954093725484774779e-01 5.954001912993720502e-01 1.853746037375343936e-01 5.616109811867666668e-01 2.643416297575229557e-01 6.471452034305037460e-01 1.935321386388200726e-01 6.182422628218086080e-01 1.935405992036668965e-01 6.471471200778046162e-01 2.643379069785570801e-01 5.616094087352668796e-01 1.853764548345812058e-01 5.954101271438227982e-01 5.954074184364578359e-01
5.749089041436924452e-01 5.749015895273242860e-01 1.685602536451893951e-01 5.382658987348087898e-01 2.765528068604075629e-01 6.607545920714794629e-01 1.924255242353307138e-01 5.993193605974777016e-01 1.924311442373572989e-01 6.607602280218014545e-01 2.765450662747844790e-01 5.382669148312340113e-01 1.685659771169044641e-01 5.749112344239255545e-01 5.749051506276312562e-01
5.344620129458382829e-01 5.344664592150486504e-01 1.807209052573821029e-01 5.257483564643572471e-01 2.903265365512165408e-01 6.548241897851851956e-01 1.921695528073325554e-01 5.965470046951426575e-01 1.921737298899263147e-01 6.548390133003416658e-01 2.903292268822725841e-01 5.257405991345266427e-01 1.807266716658622596e-01 5.344560416451902274e-01 5.344596228128805082e-01
4.822414981018612323e-01 4.822381916868161977e-01 2.197070987966983635e-01 5.193767759570855347e-01 2.913941403048944667e-01 6.341816202544258152e-01 1.972091091489704962e-01 6.074974494696715466e-01 1.972085289544953102e-01 6.341905775410119350e-01 2.913830873646862107e-01 5.193863322722891418e-01 2.196971345120140029e-01 4.822391663868341727e-01 4.822413815361827893e-01
4.244235716055557717e-01 4.244308758056618003e-01 2.664172303744837267e-01 5.131628537438290838e-01 2.702459792896936275e-01 6.080483705835186825e-01 2.202930370834998985e-01 6.229201495911417252e-01 2.202939349118043233e-01 6.080456977511871086e-01 2.702506391283047149e-01 5.131759470508985288e-01 2.664177464718723298e-01 4.244153725317354464e-01 4.244209211758643852e-01
3.672507993173185215e-01 3.672482272992805274e-01 3.072919851099903399e-01 5.053597284875757101e-01 2.432448684717830600e-01 5.806136770962960769e-01 2.645258218963685293e-01 6.337658464523554525e-01 2.645170443065220645e-01 5.806182698924222674e-01 2.432326771104827978e-01 5.053641550895913159e-01 3.072958171655381099e-01 3.672461613113854328e-01 3.672479968860145050e-01
3.180207045321223891e-01 3.180169630555855775e-01 3.429349861900192753e-01 4.971460484889899667e-01 2.339753783724826675e-01 5.492895231912120479e-01 3.157839223750337210e-01 6.391576644603934598e-01 3.157770676355438066e-01 5.492929723434746281e-01 2.339840900045605521e-01 4.971529215064652840e-01 3.429399013862386991e-01 3.180209002849577749e-01 3.180156028351644459e-01
2.810332084971907673e-01 2.810299767126638870e-01 3.731036505199520903e-01 4.870518885013775945e-01 2.391319705660752692e-01 5.108611802498743693e-01 3.593395703957134035e-01 6.440432675990639400e-01 3.593350350592431353e-01 5.108610509862496762e-01 2.391368681419765441e-01 4.870570294470987216e-01 3.731146161398205541e-01 2.810214789059272134e-01 2.810402469222820221e-01
2.531921523180593603e-01 2.531788825465620119e-01 3.868946627952363770e-01 4.705390878982430580e-01 2.312645942325092241e-01 4.686523160074540506e-01 3.961207227233852768e-01 6.467608221783233136e-01 3.961064746741503328e-01 4.686363884945056735e-01 2.312692615196447199e-01 4.705347091108387780e-01 3.868983018576473421e-01 2.531889951956920459e-01 2.531832883873255113e-01
2.261506292284429231e-01 2.261461056522325874e-01 3.747840162644291429e-01 4.466801815909222095e-01 1.971080574747979819e-01 4.323096955156079391e-01 4.327268524288507279e-01 6.333960927027428855e-01 4.327293310366849832e-01 4.322999833548581972e-01 1.971153692226225163e-01 4.466913288299328433e-01 3.747729605047351309e-01 2.261485743029570950e-01 2.261465443120061480e-01
1.944170276622078086e-01 1.944116754717122308e-01 3.422919191882984324e-01 4.211077247770680376e-01 1.561763410450227041e-01 4.095533781667664019e-01 4.619968058445496073e-01 5.896594788939867327e-01 4.620043524206865482e-01 4.095535254392847491e-01 1.561768388233643612e-01 4.211005084178364166e-01 3.422895134081289648e-01 1.944102466132595630e-01 1.944080824638600435e-01
1.619274354808512562e-01 1.619280841461627762e-01 3.062483466416219824e-01 3.995217360027167874e-01 1.368393809624878221e-01 3.984920225413584038e-01 4.688967561921795202e-01 5.183085447831095038e-01 4.688948552898943301e-01 3.984983058503539510e-01 1.368354723589381150e-01 3.995135273292905742e-01 3.062601676256033190e-01 1.619174699655914762e-01 1.619335291512446484e-01
1.409245109454210221e-01 1.409271977805411913e-01 2.838883841627273252e-01 3.814877745135664133e-01 1.488604615307455026e-01 3.900314008413992006e-01 4.556618434971216880e-01 4.427798284450872313e-01 4.556559065769895112e-01 3.900203610121334985e-01 1.488621572205512944e-01 3.814947416419172677e-01 2.838840996532064342e-01 1.409391015568207672e-01 1.409336336904315479e-01
1.423667089194810553e-01 1.423636575171848828e-01 2.877056805229764591e-01 3.638785915639236590e-01 1.866134528104793633e-01 3.780422015396391333e-01 4.417145078529704505e-01 3.914571112349560233e-01 4.417025381613537416e-01 3.780455533921644462e-01 1.866129061874584605e-01 3.638778345431811778e-01 2.877052210039483526e-01 1.423640396841330258e-01 1.423585624506879532e-01
1.643719347154886656e-01 1.643709988088488672e-01 3.182325691586765926e-01 3.464406401534382285e-01 2.439881211203983047e-01 3.657013077549851054e-01 4.313696399066015985e-01 3.755725599571786422e-01 4.313740628317899173e-01 3.656996000641816735e-01 2.439873073821461347e-01 3.464385586156726315e-01 3.182310564547065068e-01 1.643724099046421361e-01 1.643728315706944332e-01
1.898882647038727667e-01 1.898875619409105542e-01 3.530249425979147260e-01 3.295296528294383576e-01 3.124972221766315617e-01 3.613579535039449508e-01 4.017182936501343393e-01 3.823785174116374197e-01 4.017133882635215980e-01 3.613460738604273303e-01 3.125062443373027299e-01 3.295283348295827697e-01 3.530208401779226790e-01 1.899026738056808217e-01 1.898958739739663448e-01
1.992032265906457100e-01 1.992040019912237891e-01 3.559685018915907939e-01 3.103724903180091754e-01 3.742253084899085369e-01 3.700490130937670874e-01 3.378417742774664223e-01 3.918968190572228449e-01 3.378435284195501209e-01 3.700548101963667125e-01 3.742291668455989262e-01 3.103708438125970526e-01 3.559635983104537660e-01 1.992175783304294678e-01 1.992154866316637185e-01
1.886552929908374421e-01 1.886505534255366601e-01 3.160185042007297440e-01 2.878859968771432243e-01 4.135327773302068799e-01 3.900044156234768744e-01 2.647975610497266818e-01 3.981578613884663165e-01 2.648071875032281808e-01 3.900103909191267038e-01 4.135217250618278828e-01 2.878795790894049800e-01 3.160117395339543389e-01 1.886627509434929961e-01 1.886495304164562681e-01
1.757036010064988996e-01 1.757073669043859310e-01 2.721943179695397452e-01 2.703962027036826976e-01 4.343345827957658112e-01 4.150639843919937677e-01 2.211089106527177051e-01 4.103089513780927011e-01 2.211077780877516163e-01 4.150594901190701735e-01 4.343259248563436370e-01 2.703951715896207864e-01 2.721941178277249018e-01 1.757142683251380899e-01 1.757061423260777855e-01
