0.000000000000000000e+00 0.000000000000000000e+00 0.000000000000000000e+00 0.000000000000000000e+00 0.000000000000000000e+00 0.000000000000000000e+00 1.000000000000000000e+00 1.000000000000000000e+00 1.000000000000000000e+00 0.000000000000000000e+00 0.000000000000000000e+00 0.000000000000000000e+00 0.000000000000000000e+00 0.000000000000000000e+00 0.000000000000000000e+00
4.934238402632545872e-02 4.934238402632545872e-02 9.381542632985195862e-02 4.934238402632545872e-02 9.381542632985212515e-02 4.934238402632534770e-02 9.061845736701481524e-01 9.506576159736744858e-01 9.061845736701480414e-01 4.934238402632573628e-02 9.381542632985212515e-02 4.934238402632573628e-02 9.381542632985195862e-02 4.934238402632573628e-02 4.934238402632573628e-02
1.212664494716192420e-01 1.212664494716192420e-01 1.951151471953695427e-01 1.243828207569080968e-01 2.541423087498977385e-01 1.813081794168249772e-01 7.448957824313855447e-01 8.756171792430709200e-01 7.448957824314024201e-01 1.813081794168620586e-01 2.541423087487630350e-01 1.243828207580072731e-01 1.951151471973457396e-01 1.212664494704448481e-01 1.212664494704448481e-01
1.259813125074723539e-01 1.259813125074723539e-01 1.511664220724467933e-01 1.541631374387166242e-01 3.462593522674060065e-01 3.373659005055153481e-01 6.443839610354924474e-01 8.430272847090409805e-01 6.443839610306036914e-01 3.373659005016464985e-01 3.462593522644079602e-01 1.541631374355308393e-01 1.511664220557415450e-01 1.259813124911206561e-01 1.259813124911206561e-01
9.883078708293929759e-02 9.883078708293929759e-02 1.226315080913120692e-01 1.832573857136117756e-01 4.065603969129605866e-01 4.661026385635042013e-01 5.518529852824988202e-01 7.993084893969593097e-01 5.518529849085609396e-01 4.661026385850953746e-01 4.065603970939764555e-01 1.832573859211845679e-01 1.226315082939101186e-01 9.883078714361953621e-02 9.883078714361953621e-02
1.041527342637489362e-01 1.041527342637489362e-01 1.999143446407591895e-01 2.562552975331043315e-01 4.536100364462351542e-01 5.734116503566406564e-01 4.308829420200591676e-01 7.093938998685009878e-01 4.308829403687442494e-01 5.734116498519724603e-01 4.536100365116279010e-01 2.562552977560409451e-01 1.999143448270541135e-01 1.041527343702478570e-01 1.041527343702478570e-01
1.463889624839140868e-01 1.463889624839140868e-01 2.787148676379257450e-01 3.644050186024222482e-01 4.341868183642658696e-01 6.593404388916760395e-01 3.413153602640621731e-01 6.208974312354637037e-01 3.413153577653962323e-01 6.593404374114442135e-01 4.341868187446027427e-01 3.644050187462221091e-01 2.787148675954195243e-01 1.463889626634444219e-01 1.463889626634444219e-01
2.170308608278564977e-01 2.170308608278564977e-01 3.359763224036360629e-01 4.858832099034846030e-01 3.640087744191923269e-01 6.881764878512078853e-01 2.961202714141963899e-01 5.770781974262190195e-01 2.961202704864969171e-01 6.881764863076927918e-01 3.640087757215508812e-01 4.858832093355379134e-01 3.359763214360953487e-01 2.170308611034829638e-01 2.170308611034829638e-01
3.131860794752126531e-01 3.131860794752126531e-01 3.918422284272172207e-01 5.907543405570577777e-01 2.910418903263825574e-01 6.555962535527147805e-01 2.645409000173562508e-01 5.871471334453911561e-01 2.645409017492270642e-01 6.555962531217662814e-01 2.910418918444287462e-01 5.907543389850951066e-01 3.918422275248586995e-01 3.131860801104131009e-01 3.131860801104131009e-01
4.161637153221413588e-01 4.161637153221413588e-01 3.846482963234144625e-01 6.494666048641762890e-01 2.325551337656412976e-01 6.054708292823212101e-01 2.468321161603764247e-01 6.324781089005232504e-01 2.468321186661054933e-01 6.054708293419103216e-01 2.325551353369232910e-01 6.494666036625730277e-01 3.846482982391054017e-01 4.161637162335847240e-01 4.161637162335847240e-01
5.102898957420773929e-01 5.102898957420773929e-01 3.149306583519010938e-01 6.531093795358706711e-01 2.187690289568144375e-01 5.803883739310868872e-01 2.357783508103187264e-01 6.650968552365649211e-01 2.357783520478674566e-01 5.803883732476693424e-01 2.187690307710976612e-01 6.531093801250962283e-01 3.149306619117735462e-01 5.102898955939429992e-01 5.102898955939429992e-01
5.848619863702915200e-01 5.848619863702915200e-01 2.551354791082097173e-01 6.170392718158921319e-01 2.453811773258854356e-01 5.943258957105297391e-01 2.133545261260818560e-01 6.531339367144392005e-01 2.133545257600407696e-01 5.943258944001784672e-01 2.453811769837727086e-01 6.170392727027543822e-01 2.551354790694714825e-01 5.848619843046589661e-01 5.848619843046589661e-01
6.154245153182800188e-01 6.154245153182800188e-01 2.129643398380278718e-01 5.721968709717122348e-01 2.601864185478076630e-01 6.304593017642384778e-01 1.981383173710507539e-01 6.158094981391998290e-01 1.981383164951833198e-01 6.304593005389411697e-01 2.601864160623931221e-01 5.721968696078556516e-01 2.129643372558913672e-01 6.154245132648168415e-01 6.154245132648168415e-01
5.899871212455298775e-01 5.899871212455298775e-01 1.905020118403365492e-01 5.447084134155227853e-01 2.665648079455988362e-01 6.506382277231026467e-01 2.004147438325234454e-01 5.906773574828476647e-01 2.004147434463049438e-01 6.506382263892747098e-01 2.665648082067512137e-01 5.447084103095238827e-01 1.905020136950090759e-01 5.899871211887508515e-01 5.899871211887508515e-01
5.268437874048630398e-01 5.268437874048630398e-01 2.261826369544302495e-01 5.377974885452698750e-01 2.800500112435180267e-01 6.352009650836162313e-01 1.989407567149606426e-01 5.958901681369447312e-01 1.989407555881456124e-01 6.352009628839689892e-01 2.800500147899897541e-01 5.377974853516587217e-01 2.261826422658018143e-01 5.268437881449310467e-01 5.268437881449310467e-01
4.447640929560763845e-01 4.447640929560763845e-01 2.966367645664281238e-01 5.338305723059582064e-01 2.592417331689846893e-01 6.025381253038113449e-01 2.116788003766676418e-01 6.190758004590781738e-01 2.116787977025254008e-01 6.025381223196049074e-01 2.592417349333904775e-01 5.338305685112982868e-01 2.966367662621319234e-01 4.447640930306258622e-01 4.447640930306258622e-01
3.571955586232625768e-01 3.571955586232625768e-01 3.544944937960802234e-01 5.236483504609964479e-01 2.205735006288346844e-01 5.700795879561014745e-01 2.671767099872326967e-01 6.322774975231734151e-01 2.671767082985788688e-01 5.700795849084282496e-01 2.205735004905843843e-01 5.236483457866030200e-01 3.544944925734650476e-01 3.571955597723489029e-01 3.571955597723489029e-01
2.878203573321306274e-01 2.878203573321306274e-01 4.020809662883267910e-01 5.107324934624120072e-01 2.279519785861919279e-01 5.302498594324897008e-01 3.309979926933999117e-01 6.347322485420420213e-01 3.309979930750009958e-01 5.302498557199766260e-01 2.279519785298377843e-01 5.107324899601159984e-01 4.020809661449376016e-01 2.878203612748183038e-01 2.878203612748183038e-01
2.487008795641455494e-01 2.487008795641455494e-01 4.262590434434881947e-01 4.844811345136735836e-01 2.454437422192785601e-01 4.792524877382666748e-01 3.809404279162888485e-01 6.382359304117135590e-01 3.809404276394392497e-01 4.792524840721267276e-01 2.454437413714428140e-01 4.844811336682203762e-01 4.262590429848590046e-01 2.487008839553477846e-01 2.487008839553477846e-01
2.195980310588219186e-01 2.195980310588219186e-01 3.976826579320714705e-01 4.389908977436385862e-01 2.173437685515162698e-01 4.399075722766039864e-01 4.357143849875682040e-01 6.119890323921137743e-01 4.357143834580189390e-01 4.399075724847764102e-01 2.173437674822200627e-01 4.389908992850669600e-01 3.976826564689821542e-01 2.195980336598770677e-01 2.195980336598770677e-01
1.773572648504693205e-01 1.773572648504693205e-01 3.340728909275988423e-01 3.952202810227289920e-01 1.849254602971248107e-01 4.255841784716923870e-01 4.606967885672012541e-01 5.252735971285718009e-01 4.606967876482402913e-01 4.255841819985877739e-01 1.849254596526987426e-01 3.952202835850869844e-01 3.340728911162595960e-01 1.773572666396704967e-01 1.773572666396704967e-01
1.362810282619125180e-01 1.362810282619125180e-01 2.763416122589203994e-01 3.630657372379390013e-01 1.944465577186103022e-01 4.141438300194378308e-01 4.340235448633731341e-01 4.198139319356161692e-01 4.340235451917321963e-01 4.141438310818802981e-01 1.944465552300805311e-01 3.630657390261539108e-01 2.763416134546258229e-01 1.362810305946708933e-01 1.362810305946708933e-01
1.364705580486109127e-01 1.364705580486109127e-01 2.698490893889320397e-01 3.337340600340658603e-01 2.514684765676725720e-01 3.924199134673034273e-01 4.178460264073700636e-01 3.671528560697611132e-01 4.178460284748358733e-01 3.924199112786591059e-01 2.514684738796133523e-01 3.337340612100767601e-01 2.698490898494505519e-01 1.364705600186544854e-01 1.364705600186544854e-01
1.774171880262757073e-01 1.774171880262757073e-01 3.251792454927772136e-01 3.098772174526607248e-01 3.515133215220138663e-01 3.809724129263543646e-01 4.029603854187729928e-01 3.701099969202723550e-01 4.029603892832536172e-01 3.809724104761335051e-01 3.515133221605328817e-01 3.098772196916140809e-01 3.251792462838263287e-01 1.774171886630214745e-01 1.774171886630214745e-01
1.986306374632837990e-01 1.986306374632837990e-01 3.492121290053381566e-01 2.880163994797093063e-01 4.411732630524010657e-01 3.946749896576792205e-01 3.214959734327479390e-01 3.767604657199660201e-01 3.214959778698552872e-01 3.946749874149758086e-01 4.411732648650666944e-01 2.880164022748366581e-01 3.492121303368422303e-01 1.986306373553746729e-01 1.986306373553746729e-01
