-4.490230411269280353e-06 -1.557938976382011731e-06 5.294538498734624454e-07 -1.898104480924089899e-06 3.689529743444719401e-06 -2.780718137973536841e-06 1.000007908735654150e+00 9.999969783788816846e-01 1.000002968408393755e+00 5.578228121805306472e-06 4.193750480441238437e-06 -2.962726443067609239e-06 -4.982651021778750078e-06 6.417541036196627857e-06 -4.410382160702219778e-06
8.461168659908036016e-03 8.454914102660526787e-03 1.676403354166267068e-02 8.458114016275664060e-03 1.677288503473156611e-02 8.455383911533831398e-03 9.832292100525815703e-01 9.915461967493206519e-01 9.832308255644210959e-01 8.456650202200766131e-03 1.677257467674470037e-02 8.458607370139259451e-03 1.676951310007618323e-02 8.451946977903246339e-03 8.450157414878756157e-03
2.812952322269718364e-02 2.813259991902788970e-02 5.445903941215540778e-02 2.817384784344934001e-02 5.853905696393851832e-02 3.238959765119964196e-02 9.412878616914119867e-01 9.718261599159452313e-01 9.413012824595574646e-01 3.238823445725086403e-02 5.854368298293183281e-02 2.817155585743008617e-02 5.445255639610913079e-02 2.814113087658298706e-02 2.813879627663179450e-02
4.954421479771897729e-02 4.955456883810105406e-02 9.234328352641107962e-02 4.990519198373277732e-02 1.098710153448343996e-01 6.858882444128966416e-02 8.886492613222033432e-01 9.500938474075376616e-01 8.886414271509603946e-01 6.858898206010016763e-02 1.098680532827421286e-01 4.990556743299601195e-02 9.232651613529324619e-02 4.953687726397099089e-02 4.954509449972738233e-02
5.342789518733342957e-02 5.342446607398754210e-02 9.568250660392946250e-02 5.550783696744293616e-02 1.442779982317337062e-01 1.087961226093031586e-01 8.494590760836062682e-01 9.444703815443692418e-01 8.494615744443542171e-01 1.087993287274824916e-01 1.442640316860875349e-01 5.550109006410042234e-02 9.569477390995728694e-02 5.342889952365093009e-02 5.342144969796203124e-02
4.551483618731672065e-02 4.552493771541571421e-02 7.903230908664787835e-02 5.141068289239908440e-02 1.664792405809044640e-01 1.493079897846280590e-01 8.192518985563355116e-01 9.483139333677018668e-01 8.192558046500812985e-01 1.493109423721478146e-01 1.664664733163860877e-01 5.141737488706549231e-02 7.904225697422134767e-02 4.552036384598195928e-02 4.551913304441762564e-02
2.798365100153743512e-02 2.798375016916171409e-02 4.956812882628330863e-02 3.996888083844130080e-02 1.782063530379222605e-01 1.836520244736161711e-01 8.003121180082710673e-01 9.584604524929616343e-01 8.003184317908298429e-01 1.836483364785571060e-01 1.782086609889075857e-01 3.996857503382350574e-02 4.956363191747104047e-02 2.798136458578914798e-02 2.798817301930550672e-02
9.814836644360502849e-03 9.816226929352966923e-03 2.369936332072614116e-02 2.716411963742870750e-02 1.859346936105521486e-01 2.032788433528139316e-01 7.945615369116779680e-01 9.663422174725984082e-01 7.945515308599708781e-01 2.032909255828649897e-01 1.859371921835675789e-01 2.716738878180335881e-02 2.370085290635454145e-02 9.825164048361145763e-03 9.814379855763943894e-03
7.822115933485529471e-03 7.827619958760190233e-03 2.255944978404922363e-02 2.681917479340106825e-02 2.037048977011306494e-01 2.144339039026464944e-01 7.877640037661238770e-01 9.560357698615971067e-01 7.877692478021607325e-01 2.144343429868699746e-01 2.037094627148567372e-01 2.682033193386923475e-02 2.256015056497434612e-02 7.828950349785313012e-03 7.832625741615584225e-03
1.969229596063021281e-02 1.968477185515676853e-02 3.999931788557781198e-02 3.175696924811638455e-02 2.152121753965585693e-01 2.063369273654261926e-01 7.894452860241296666e-01 9.329475620747896825e-01 7.894495502874382398e-01 2.063445275969891246e-01 2.152148965206464593e-01 3.176875587242539156e-02 4.000029163775015162e-02 1.967819264192988138e-02 1.969288858640877438e-02
4.040534763032244125e-02 4.039990918826785737e-02 6.740762234588226764e-02 4.018072227213537184e-02 2.150787635770372574e-01 1.881178860629014182e-01 7.909448617742402821e-01 8.996147380607532051e-01 7.909524417444773192e-01 1.881229406954147976e-01 2.150835760328909663e-01 4.017216729248812568e-02 6.740595996901571629e-02 4.040532800307705674e-02 4.040623682662386473e-02
5.743103525708470602e-02 5.742769865663688300e-02 8.720723707402466829e-02 4.329992286249684241e-02 1.898764762448631460e-01 1.578879173629761379e-01 7.991855690451636907e-01 8.702133981311366284e-01 7.991815712756915602e-01 1.578820016417594729e-01 1.898761012913071089e-01 4.328674243804353505e-02 8.719621274412331369e-02 5.743810618712746896e-02 5.743277149552789007e-02
5.408400443307870287e-02 5.408216175941593651e-02 7.731099918566031182e-02 3.426572123797572145e-02 1.337191762894511249e-01 1.157220302023487246e-01 8.319023811399384183e-01 8.686636871088709855e-01 8.319140071214796706e-01 1.157108548669246173e-01 1.337239191268069227e-01 3.426971657568467222e-02 7.730916786504954397e-02 5.407939643220588399e-02 5.408679308896430227e-02
4.044969734642567261e-02 4.044813037843186798e-02 5.831523735160071276e-02 2.641098582664569427e-02 8.427114738966012819e-02 8.349721683231203784e-02 8.704923750954329797e-01 8.784141033287988787e-01 8.704921594346426428e-01 8.349210486870262127e-02 8.428290627694279280e-02 2.640579856996466690e-02 5.832028455744708850e-02 4.046159028773083088e-02 4.045456236935951466e-02
2.022338815922586353e-02 2.022356206300751635e-02 3.790931549927406552e-02 2.323627633029978767e-02 5.501345102108834428e-02 6.409379799634484787e-02 9.133274992395238323e-01 9.001017751737661055e-01 9.133304991324324718e-01 6.409402210725545501e-02 5.500880006258068722e-02 2.323093153770394714e-02 3.791519882789590179e-02 2.022755411628979205e-02 2.022685218503178506e-02
5.214263599392976456e-03 5.208068912711028009e-03 2.920655252191445284e-02 2.673231190644476118e-02 5.226164682559714114e-02 5.680472708099998380e-02 9.460741636230185492e-01 9.257333753140318811e-01 9.460711262408575406e-01 5.681547488076060803e-02 5.225997373616353414e-02 2.672797461791776019e-02 2.920079541297931902e-02 5.209174033197760956e-03 5.205730411759812437e-03
8.449796357165251237e-03 8.447170913510659851e-03 4.350459361911651612e-02 3.779099965589693966e-02 7.534189882546732386e-02 6.831081727435950324e-02 9.385556325664230481e-01 9.269558467920948619e-01 9.385594507257806196e-01 6.831005629214847996e-02 7.534411286777498162e-02 3.778660541007028417e-02 4.350279420704600275e-02 8.451223414924990962e-03 8.451244867913876302e-03
2.693954774801982088e-02 2.694176394716096823e-02 6.965082522680754451e-02 4.805185308024156887e-02 1.048903957552514976e-01 9.088256562234098279e-02 8.990008468423797972e-01 9.103332949429638887e-01 8.990006693608346700e-01 9.089430272532839084e-02 1.048884503837467230e-01 4.806259306562243871e-02 6.965143073548513142e-02 2.694956396694986323e-02 2.693552146688443782e-02
4.798471317086333565e-02 4.798580797538748444e-02 8.775221711163194716e-02 4.804220053289598447e-02 1.212493631599083077e-01 1.142670990914202989e-01 8.510873211386338344e-01 8.939877796350087502e-01 8.510927888502908267e-01 1.142719047414935685e-01 1.212594189941753609e-01 4.803832922936068783e-02 8.775148479793504208e-02 4.797942672142230247e-02 4.797314946907343947e-02
6.223405506943435750e-02 6.222840434617066263e-02 9.925110515796431443e-02 4.713942333460119372e-02 1.365209320350992961e-01 1.453935552107662454e-01 8.040359626806079518e-01 8.758541826789947304e-01 8.040273481699324876e-01 1.453845143648328508e-01 1.365253115730838962e-01 4.713443887589058301e-02 9.924658966201588273e-02 6.222337484607604052e-02 6.223587235214167457e-02
6.034290843760325984e-02 6.033773407326381566e-02 9.683110965158858718e-02 4.655661287107609736e-02 1.539338891118126607e-01 1.768558776563754487e-01 7.718695452957052838e-01 8.663520452068154132e-01 7.718628081452547640e-01 1.768768878451631998e-01 1.539444100630092960e-01 4.655529272812869435e-02 9.682932284714923510e-02 6.033712542366459486e-02 6.034200927998317754e-02
3.790455604685166735e-02 3.790396400708639923e-02 7.713340625519005123e-02 4.719395999386233331e-02 1.809140648712408983e-01 2.038627672901483501e-01 7.613707124626540867e-01 8.704230380652326904e-01 7.613745525108803758e-01 2.038585626279292851e-01 1.809106351430436188e-01 4.718732009076936906e-02 7.712697896964954003e-02 3.789921303580390255e-02 3.790674363697565941e-02
1.836026717682537335e-02 1.835970375896217588e-02 6.608980629788319128e-02 5.498897669297975188e-02 2.234826613519267369e-01 2.317487992855392087e-01 7.499674188357620119e-01 8.578971758891531518e-01 7.499623414025415880e-01 2.317511566960563929e-01 2.234872907532956532e-01 5.498907863685636999e-02 6.608782788506550876e-02 1.836131144615854582e-02 1.835557096446371883e-02
9.528981555068039011e-03 9.524777038316223354e-03 6.487599902234092442e-02 6.163045623698698572e-02 2.670148645454613057e-01 2.543215153100552017e-01 7.414833506425794196e-01 8.304843775172111586e-01 7.414788971252382899e-01 2.543225444875879537e-01 2.670173617313167935e-01 6.162711558853972704e-02 6.487210048138003504e-02 9.524217572888682426e-03 9.532969126961332584e-03
1.813715322716819012e-02 1.814041898808033126e-02 7.023143715863838787e-02 5.620486657654405471e-02 2.868821933326231033e-01 2.612228212914432524e-01 7.410501612688840112e-01 7.974351827995596054e-01 7.410562501412680803e-01 2.612172231111848375e-01 2.868839349939938943e-01 5.620059795022158688e-02 7.023906371621868594e-02 1.813941927824441747e-02 1.813240394405968292e-02
3.974311736406266338e-02 3.974761776116936263e-02 8.274237312797999566e-02 4.585092610227170518e-02 2.825763957127865877e-01 2.576644304780547068e-01 7.352254696761687525e-01 7.482824262689422579e-01 7.352093155006770298e-01 2.576586272872642969e-01 2.825746487143091512e-01 4.585363071759379627e-02 8.274100465080053146e-02 3.973402120004687621e-02 3.974615273246295821e-02
6.027876577696250626e-02 6.030279578663005902e-02 8.889752353147623021e-02 3.194676582241617879e-02 2.528940800417616153e-01 2.385571608188182813e-01 7.298078866968831235e-01 7.019796372301033704e-01 7.298030905273446001e-01 2.385459722756220757e-01 2.528920787129663728e-01 3.195784954545366485e-02 8.889755458057790882e-02 6.028407674074154343e-02 6.028681994268203503e-02
6.190568745067476231e-02 6.190258142583188183e-02 7.811953882913402758e-02 2.147090086282266164e-02 2.039854524710366102e-01 1.995358171286419346e-01 7.403788796504167102e-01 6.856945785818903127e-01 7.403738815009575092e-01 1.995371054184659765e-01 2.039833974606425349e-01 2.146743213178892162e-02 7.813293252288017188e-02 6.189615356925032286e-02 6.189366310327998333e-02
5.045517145355959965e-02 5.046216159913641253e-02 7.028665983761089864e-02 2.739755451963160615e-02 1.781234250819385134e-01 1.690634016136489670e-01 7.548604383560733044e-01 6.782611579122714840e-01 7.548627163396017803e-01 1.690618032831371353e-01 1.781324877624762548e-01 2.740614489059906012e-02 7.029556331782293999e-02 5.046030829473896473e-02 5.046314812075397560e-02
3.037210474228085877e-02 3.037632794125394442e-02 6.639211850728471420e-02 4.484119735138675233e-02 1.746151408899816460e-01 1.492402600090779741e-01 7.809796094715835135e-01 6.892317658286963855e-01 7.809885315415120433e-01 1.492318473994429517e-01 1.746073147529557112e-01 4.484737128350135826e-02 6.639135812162494377e-02 3.037159713159454100e-02 3.037718361819341517e-02
1.471086576110802735e-02 1.470283108020331575e-02 6.940314566586436307e-02 6.415946418386891947e-02 1.884879040656811111e-01 1.460364100729938941e-01 8.077289352647174514e-01 7.076169807830563485e-01 8.077350338992097534e-01 1.460230090878109621e-01 1.884810730646628296e-01 6.416822996689625080e-02 6.940206494082307165e-02 1.470102110884163871e-02 1.471070665739743211e-02
1.314923914342003286e-02 1.315041365070523938e-02 7.289023334895261552e-02 6.922395132611652846e-02 1.970343066960362766e-01 1.521715394618977091e-01 8.306036846943876117e-01 7.370107659528127853e-01 8.306060245231675632e-01 1.521659078708367807e-01 1.970413296692097860e-01 6.922164785941331555e-02 7.288511175102763140e-02 1.314558019623179863e-02 1.315043621307937505e-02
2.951646518433298505e-02 2.951548084573923925e-02 8.293828623361187979e-02 6.498163033499954055e-02 2.110304826313986748e-01 1.751623250450795033e-01 8.139091199482637595e-01 7.352917042650681800e-01 8.139023040906597783e-01 1.751606410052718998e-01 2.110206346158439161e-01 6.498611921161934202e-02 8.294748584233374578e-02 2.952382375430462336e-02 2.953030432734687905e-02
5.280609247826112407e-02 5.281228671585652679e-02 9.208310396719460167e-02 5.329990760038894049e-02 2.227882228439267420e-01 2.024131780869499742e-01 7.759273339387996460e-01 7.220249344107192435e-01 7.759298542168274748e-01 2.024094589485265216e-01 2.227992549682586421e-01 5.328238041974242556e-02 9.208863349642226748e-02 5.280253440728394088e-02 5.280198439941985455e-02
6.565482895734214841e-02 6.565024052733103854e-02 9.061596946407984854e-02 3.979009612551870356e-02 2.283729311401107576e-01 2.212519737540846743e-01 7.375052276294935538e-01 7.198709953839640407e-01 7.375035428277604277e-01 2.212764055082789838e-01 2.283805279018746859e-01 3.980259612421266358e-02 9.062575156358876338e-02 6.565069862521888400e-02 6.565476293500838167e-02
6.434664926938316043e-02 6.434576056317781179e-02 9.016654769569626415e-02 4.182863610566606161e-02 2.518412629037987127e-01 2.440736778583061928e-01 6.962982525565057923e-01 7.051304492917260802e-01 6.962936403581073685e-01 2.440751577491603874e-01 2.518422321199718095e-01 4.182766212975058684e-02 9.017164506286529102e-02 6.434546812405900207e-02 6.434268490949279773e-02
4.815344809932442516e-02 4.815791496883775613e-02 8.742728856020554051e-02 5.558374426358697606e-02 2.829297812328795958e-01 2.642577447252350553e-01 6.623576091750383865e-01 6.886370860904194036e-01 6.623630342423928452e-01 2.642595508913484492e-01 2.829260237490284768e-01 5.558547955858506029e-02 8.743324422306009147e-02 4.815066016056374076e-02 4.815213169083870648e-02
2.756364319447462963e-02 2.756848268272327207e-02 8.671388394939660849e-02 7.520121523408523911e-02 3.165320670150782445e-01 2.843444299465294201e-01 6.356582610821547297e-01 6.634515915503992334e-01 6.356484490894391826e-01 2.843523490033147416e-01 3.165306012008036740e-01 7.521303342992147201e-02 8.672186647336910248e-02 2.755844902724263745e-02 2.756298629211956230e-02
1.354578248303289767e-02 1.355677089812445946e-02 8.492538131534760337e-02 8.566893564572802822e-02 3.388951113472005172e-01 3.042684753661677455e-01 6.302292873055349576e-01 6.394371728337056027e-01 6.302226400067943990e-01 3.042721136426271844e-01 3.388927170515696474e-01 8.567008157353367404e-02 8.491378180415642962e-02 1.355252708396581518e-02 1.355128462159632674e-02
2.037922287971583035e-02 2.037912668852376319e-02 9.454759252457672902e-02 8.989158363129812201e-02 3.528941466841109542e-01 3.266760938669208691e-01 6.251295276997494987e-01 5.886997221616177001e-01 6.251229947904588524e-01 3.266802853886679459e-01 3.528990931495293859e-01 8.988857308168768379e-02 9.454424432832614356e-02 2.038420250648076415e-02 2.037453852608400728e-02
4.122897817276344190e-02 4.122855148868631581e-02 1.088405388857217049e-01 8.543017261580371224e-02 3.530507474001851609e-01 3.426015134615858493e-01 6.268266537314396425e-01 5.306905421060587047e-01 6.268182789892194906e-01 3.425916097733534560e-01 3.530445115992035809e-01 8.543998353955939429e-02 1.088355147777551046e-01 4.123636490311421987e-02 4.123176348013496417e-02
6.308201110519506827e-02 6.308273913495371366e-02 1.203305300324452598e-01 7.464822495792272639e-02 3.346215269923589752e-01 3.365386496409964456e-01 6.343977074268751792e-01 4.867287628469055827e-01 6.343833562616045807e-01 3.365419155990136968e-01 3.346132750837643721e-01 7.465720417131610498e-02 1.203333995509112686e-01 6.309821091839595830e-02 6.308500025789820498e-02
7.442417694777081483e-02 7.442904674333400417e-02 1.343144076407805643e-01 7.587661568763620634e-02 3.230497253778322198e-01 3.188923540523210809e-01 6.234453660758669802e-01 4.391507009691619778e-01 6.234424044142669041e-01 3.189004647576522133e-01 3.230440052714564358e-01 7.588417310799761006e-02 1.343132905470739158e-01 7.441664422242055821e-02 7.442655797284791763e-02
6.810344977985616222e-02 6.810222515943070709e-02 1.377601345528168819e-01 8.320930260484526997e-02 3.124701993303065639e-01 2.897011278744018314e-01 6.091377376553193113e-01 4.099783575917561596e-01 6.091375955283467869e-01 2.896823877514846934e-01 3.124723739341139783e-01 8.321045789744718757e-02 1.377548127608918538e-01 6.809938338778170897e-02 6.809950169756734395e-02
4.794993201100422597e-02 4.795179086381851086e-02 1.259580656618369265e-01 9.007178550111566429e-02 3.019099351172014889e-01 2.605290862691951315e-01 6.036886989927104930e-01 4.044027177598985001e-01 6.036847852377059676e-01 2.605289993137312465e-01 3.019059408131763433e-01 9.007571246937279286e-02 1.259590034911944323e-01 4.795110283559839148e-02 4.794325214689582060e-02
2.232754120968161171e-02 2.232861299944188804e-02 9.424649619764413622e-02 8.242310027137239592e-02 2.804540396659981338e-01 2.372187363861741893e-01 6.349005216724178391e-01 4.432399452315914923e-01 6.348911438422847331e-01 2.372117609712113273e-01 2.804460052071312548e-01 8.244052424778564037e-02 9.425545198975643357e-02 2.232237538094999918e-02 2.232261360301035502e-02
1.699653309598869733e-02 1.699704647658351053e-02 8.184960143008496170e-02 7.522600689728975443e-02 2.777711354010129474e-01 2.411332218195249566e-01 6.537984449691567335e-01 4.663002940586332135e-01 6.538025365888542328e-01 2.411430242522133449e-01 2.777790218800842981e-01 7.521304581331972328e-02 8.184050445759405434e-02 1.700009522053536060e-02 1.700291179778601336e-02
3.071498309103670721e-02 3.070571555952333886e-02 8.842978462861694755e-02 6.781426334891399454e-02 2.891455206036361858e-01 2.621319960558897710e-01 6.610101744251180023e-01 4.820103412798191767e-01 6.610097560758049218e-01 2.621407420843256397e-01 2.891382141932119509e-01 6.781682671576749755e-02 8.843101761524069238e-02 3.070656163081147971e-02 3.071220438160121580e-02
5.580877544612022900e-02 5.580831663574348234e-02 1.116568963100866840e-01 6.696661122604785632e-02 3.168424780938888796e-01 2.919763252514024909e-01 6.451003890830834253e-01 4.836112112356531489e-01 6.450978842142622849e-01 2.919723668461394750e-01 3.168335768143537012e-01 6.696553734844939987e-02 1.116634159413359417e-01 5.581021837687810683e-02 5.579767044140926391e-02
7.391719266233504060e-02 7.391436515992488854e-02 1.317720069282793394e-01 7.139332289720629054e-02 3.478499446570395559e-01 3.154212533736894253e-01 6.181667971355198077e-01 4.926339361857737242e-01 6.181696515388624968e-01 3.154249044069019625e-01 3.478475569792912059e-01 7.139218370312327977e-02 1.317757908180147708e-01 7.391931570787646510e-02 7.391108299122528535e-02
7.748331855079448882e-02 7.748342511471129068e-02 1.454859531121096561e-01 8.702712946091245572e-02 3.865555593671624601e-01 3.366996290563959437e-01 5.729902171569961622e-01 4.821225745513113559e-01 5.729938338134211717e-01 3.366974891542329207e-01 3.865564610266389312e-01 8.703199137378520023e-02 1.454877568737602545e-01 7.747614755328774416e-02 7.747653825700878683e-02
6.480948855846924150e-02 6.482044962472532923e-02 1.454433465056017005e-01 1.037020888788625084e-01 4.131420528064463360e-01 3.488424848135445178e-01 5.307803651500836439e-01 4.721258846010484289e-01 5.307868987481629830e-01 3.488491924973933234e-01 4.131445602278806528e-01 1.036844695837853547e-01 1.454355769286004296e-01 6.481121698804259701e-02 6.481860536977529508e-02
4.514250954960369322e-02 4.514608727296454127e-02 1.367434120836662492e-01 1.153520872568277178e-01 4.209746753069730230e-01 3.545124840819904866e-01 4.965237865333980705e-01 4.577312228248179293e-01 4.965108973856168229e-01 3.545110246603804804e-01 4.209630278796705483e-01 1.153581055823212909e-01 1.367502706736308249e-01 4.515217694830603312e-02 4.515068994834781080e-02
2.608393375737155795e-02 2.608841339322620634e-02 1.168016450754019719e-01 1.100509510913464384e-01 4.063207152870919048e-01 3.604205488917975320e-01 4.876086767467459060e-01 4.445913598066971728e-01 4.876168414385560479e-01 3.604297672235465821e-01 4.063203948719025238e-01 1.100538628265510521e-01 1.167879691696210309e-01 2.608633401401722063e-02 2.609343930778768028e-02
2.696251162140961277e-02 2.695395157472557646e-02 1.182570462689129243e-01 1.093107538743198215e-01 3.998239091991295791e-01 3.727406874599751285e-01 4.822822524661966037e-01 4.011934609015153086e-01 4.822890763739822173e-01 3.727386350860205089e-01 3.998321033958207593e-01 1.093129627282292127e-01 1.182606879892604823e-01 2.695865854625034697e-02 2.697451167116343695e-02
4.133171155904363792e-02 4.133001867642677185e-02 1.347001600028326918e-01 1.123583727901035778e-01 4.034144884213142768e-01 3.869033143305551370e-01 4.861709212615940578e-01 3.431233940294800000e-01 4.861725645449505584e-01 3.869068135735638236e-01 4.034129338399420339e-01 1.123530577159093102e-01 1.346926028948183807e-01 4.132209467363129329e-02 4.133281200795108079e-02
6.196267355547113720e-02 6.195794374957636075e-02 1.646568639716902149e-01 1.246501234086405119e-01 4.185801347198732092e-01 3.944652400349884513e-01 4.864175281092977809e-01 2.767010153834991160e-01 4.864138643376703097e-01 3.944622142770625728e-01 4.185827352407102686e-01 1.246427559029403831e-01 1.646472030140090359e-01 6.196529181059406977e-02 6.195772302381274965e-02
7.517170540713502547e-02 7.516910889977901356e-02 1.905632896206757576e-01 1.397055778933831149e-01 4.319629610304621670e-01 3.833618911944748908e-01 4.823269155730693925e-01 2.221395054298702654e-01 4.823173848413797038e-01 3.833631215356038680e-01 4.319631827265117963e-01 1.397014516543098606e-01 1.905644599634476188e-01 7.517108208530665081e-02 7.517396692910333078e-02
7.720989942563272201e-02 7.721244173772345842e-02 2.084776007101704076e-01 1.585777627973615767e-01 4.363606568537892194e-01 3.570468487298277260e-01 4.588385552335303430e-01 1.792140794020626871e-01 4.588382277943894305e-01 3.570487727873893347e-01 4.363546530189076345e-01 1.585798526713549372e-01 2.084734711101339233e-01 7.721390663053578907e-02 7.721349847370306829e-02
6.705893613800451014e-02 6.706621353024833088e-02 2.044036565592117216e-01 1.668160196187932209e-01 4.252026710650556041e-01 3.236092902727571996e-01 4.433392906150531720e-01 1.671260677244553183e-01 4.433389212207052843e-01 3.236070690626839941e-01 4.251993082253033296e-01 1.668164450944348287e-01 2.044086591030129241e-01 6.705994591583080977e-02 6.705990419139484793e-02
5.228025120047524732e-02 5.228184534895130575e-02 1.820038946786336487e-01 1.605642810941012022e-01 4.049455044852078855e-01 2.965371916515527895e-01 4.494780553224440034e-01 1.868183782206427335e-01 4.494759303041873100e-01 2.965332699611693545e-01 4.049426304387001019e-01 1.605767430248125627e-01 1.819969626880290070e-01 5.228439733729506322e-02 5.228223635979090123e-02
3.771933817123412913e-02 3.771336700137950526e-02 1.399871242500549395e-01 1.311696575348598737e-01 3.783522126968998367e-01 2.870938206409712201e-01 4.954064379072409263e-01 2.444388065460141313e-01 4.954055634152038645e-01 2.870983059140255755e-01 3.783531722296546995e-01 1.311664839723165610e-01 1.399723179673141304e-01 3.771993501691617290e-02 3.772888324415485384e-02
4.206416966093928789e-02 4.206822804727028409e-02 1.300572612932983096e-01 1.179739840180479837e-01 3.786176983521660211e-01 2.953174336489980956e-01 5.134912134296393260e-01 2.785287960168408850e-01 5.134899277422354524e-01 2.953320668326477882e-01 3.786183362542668851e-01 1.179714767578503576e-01 1.300565530096602918e-01 4.206205485587627413e-02 4.206815708758621097e-02
5.693243576357698288e-02 5.692465421390702218e-02 1.426832467229639523e-01 1.180197415387066462e-01 3.964561601343142283e-01 3.121517667283657538e-01 5.048848912538190792e-01 2.939567090501742364e-01 5.048874621017571673e-01 3.121474685516317793e-01 3.964547401652867564e-01 1.180240332911590695e-01 1.426808165367511871e-01 5.691665733332501587e-02 5.692895624502436469e-02
7.186729992614915297e-02 7.187239418855084772e-02 1.702230535568755032e-01 1.310359019068447761e-01 4.234924243231067420e-01 3.302995123273739786e-01 4.798013631366115361e-01 3.039369235592570551e-01 4.797928445204243664e-01 3.302857811404855681e-01 4.234911865595486491e-01 1.310357925205944962e-01 1.702318207429449615e-01 7.186818188634225280e-02 7.187031273485239291e-02
8.244560744800522034e-02 8.245143115036068782e-02 2.070216825570915242e-01 1.599832021053416153e-01 4.531123965947950749e-01 3.403258229875535390e-01 4.370591197508260639e-01 2.992043857268648077e-01 4.370683376183753244e-01 3.403368972436870976e-01 4.531025754855256826e-01 1.599754277135022607e-01 2.070306251061563851e-01 8.246150511745570233e-02 8.244590565559239970e-02
8.236615361494664667e-02 8.236231168960406190e-02 2.335459199392890262e-01 1.871766878554394498e-01 4.696481538198942207e-01 3.428276307218436347e-01 4.066047044315708181e-01 3.011639696579585523e-01 4.066038716570823386e-01 3.428339961696686977e-01 4.696394581721944350e-01 1.871650638124218724e-01 2.335456988304284720e-01 8.236975633340887226e-02 8.237976126391094445e-02
7.360408124445139144e-02 7.360981518902226517e-02 2.415607811697785268e-01 2.021056121604065670e-01 4.684240727630942236e-01 3.402790250564606822e-01 3.937106396295507738e-01 3.076049518653256043e-01 3.937089193580866620e-01 3.402748320255990500e-01 4.684349009129101793e-01 2.020957014587919098e-01 2.415576255878627010e-01 7.360907657007931260e-02 7.361427564279615643e-02
5.483059463413331169e-02 5.484012142676575330e-02 2.149062759393963740e-01 1.879445178687357831e-01 4.502708160343372179e-01 3.439487366008573410e-01 4.005045908511481456e-01 3.120603508488460354e-01 4.005097247544797123e-01 3.439349521075579785e-01 4.502674273462133891e-01 1.879498226629683355e-01 2.149088684993548659e-01 5.483762294207583654e-02 5.482692213231149525e-02
4.931924523479613853e-02 4.932096800734386832e-02 1.992435984246501701e-01 1.751940155227176277e-01 4.402144791647661926e-01 3.471537772185554482e-01 3.969891063896282546e-01 2.861911923233358968e-01 3.969802377254166847e-01 3.471564067750492755e-01 4.402199162434290436e-01 1.751970599644368520e-01 1.992419403969819536e-01 4.931614379753207489e-02 4.932350621052472572e-02
5.376796789022048051e-02 5.376488061848211375e-02 1.933320301634392502e-01 1.639022570380057608e-01 4.410960162206321034e-01 3.522201182055845203e-01 3.879886470825172351e-01 2.389009545067955487e-01 3.879923493220063802e-01 3.522236721054720077e-01 4.410900126566295043e-01 1.639047586933287115e-01 1.933398461021689219e-01 5.376301779336661868e-02 5.376280523703275138e-02
6.700346194400047528e-02 6.699469406537550409e-02 2.048439691718701994e-01 1.630554307825080596e-01 4.526167613378072607e-01 3.539715830920283079e-01 3.734132291042164820e-01 1.805668289565862117e-01 3.734082053183912508e-01 3.539686808708755184e-01 4.526194995650421049e-01 1.630548013030096999e-01 2.048471432811976300e-01 6.699399785926624107e-02 6.699844848519004303e-02
8.313615703718596484e-02 8.312823830037768813e-02 2.316066224576768806e-01 1.758416973399013483e-01 4.666905080032532349e-01 3.462701455678656171e-01 3.542747395758341633e-01 1.265822824725378326e-01 3.542815683265861937e-01 3.462725060137248345e-01 4.666859854998396395e-01 1.758347740033052164e-01 2.316102078584136859e-01 8.313451178410991016e-02 8.313004408159196945e-02
8.959321153319438347e-02 8.959044524722226122e-02 2.540785355400059231e-01 1.931444190339089984e-01 4.776336078965047749e-01 3.328956098811357567e-01 3.394007034320344340e-01 8.701231733178410588e-02 3.393757402402068912e-01 3.328842983336230965e-01 4.776340314228294526e-01 1.931437549888980199e-01 2.540746680231289467e-01 8.959138372530550676e-02 8.957973920027789694e-02
9.045135354377709103e-02 9.045595318356769443e-02 2.714151204651326088e-01 2.135002650848692451e-01 4.737873128295352343e-01 3.070563800709943947e-01 3.227661343486277756e-01 7.535188812040560791e-02 3.227702624933805886e-01 3.070559380413354633e-01 4.737846599953549065e-01 2.134954872617325639e-01 2.714236097709140649e-01 9.046042740362181256e-02 9.045597487475015575e-02
8.413881320075616843e-02 8.413194928108613801e-02 2.708581473421413088e-01 2.242955436233995403e-01 4.645049815495740364e-01 2.876284723031385937e-01 3.188340061150143345e-01 8.723428618998246842e-02 3.188381776423538927e-01 2.876278359651353034e-01 4.644995401271128088e-01 2.243105791544940386e-01 2.708587781354923618e-01 8.413762579296441002e-02 8.414272525157151517e-02
7.663899227842646544e-02 7.664860764236081092e-02 2.550795533977543994e-01 2.217325248096889134e-01 4.535015678268528028e-01 2.820277370751299584e-01 3.270739656655078376e-01 1.149260108162399319e-01 3.270821662606140934e-01 2.820221043031335695e-01 4.534918736551495910e-01 2.217251603144195227e-01 2.550863761923938822e-01 7.663860114593462614e-02 7.663564130365507765e-02
6.774347944685987777e-02 6.774129265509232223e-02 2.196355771857333439e-01 1.966738132816076567e-01 4.388241525203611659e-01 2.979195183056745355e-01 3.496940556369431130e-01 1.488550267530345805e-01 3.497040158554892697e-01 2.979075472462607843e-01 4.388122319740098698e-01 1.966694522360645792e-01 2.196354315607270125e-01 6.774259168737628567e-02 6.773715455885964687e-02
7.706769128500229327e-02 7.707325405766779491e-02 2.166651483909378673e-01 1.884567495475400478e-01 4.302952537923454557e-01 3.078956910035275385e-01 3.432253736641887043e-01 1.738959765613870556e-01 3.432270090582427713e-01 3.078994806253040339e-01 4.302933760787168160e-01 1.884519460611682184e-01 2.166674156703916054e-01 7.706841747902515305e-02 7.706472577907613752e-02
9.308281587490213616e-02 9.308332679403275023e-02 2.355976587051739068e-01 1.942318227726911872e-01 4.257800357184411411e-01 3.121565535631257715e-01 3.225549331936412578e-01 1.935505843550837102e-01 3.225487277242853335e-01 3.121489891486675661e-01 4.257770291507089744e-01 1.942423434430051166e-01 2.356026763941519442e-01 9.308206273685520893e-02 9.308202338541027299e-02
1.084449592913237503e-01 1.084440802170597573e-01 2.723473994791688613e-01 2.166343603720153332e-01 4.260597264021283581e-01 3.067834416731811675e-01 3.024176248787667776e-01 2.146186743041560985e-01 3.024240431261920881e-01 3.067726430493057377e-01 4.260573442831467883e-01 2.166192687075481071e-01 2.723529202050869458e-01 1.084376333920985536e-01 1.084462280374690057e-01
1.087926567130638178e-01 1.088046884031579342e-01 3.055033412752469202e-01 2.458575431835470226e-01 4.319168866793717809e-01 2.993470603103445260e-01 3.088648192271235549e-01 2.472141214328059666e-01 3.088571995851022156e-01 2.993381741589092315e-01 4.319037367129536786e-01 2.458532209736681295e-01 3.054991155395717639e-01 1.088016246679079368e-01 1.088022017664098118e-01
1.067188873525008463e-01 1.067254853333530207e-01 3.273608016586936342e-01 2.696580119703243517e-01 4.277088983324909277e-01 2.823737826028014375e-01 3.167091109482542133e-01 2.713604746292634928e-01 3.167020234656122701e-01 2.823675461619027383e-01 4.277097428226068199e-01 2.696452002865803443e-01 3.273705938217266187e-01 1.067091831343431330e-01 1.067196681531606961e-01
9.997694685403113457e-02 9.997837919032936949e-02 3.287675811079102672e-01 2.763574431585153479e-01 4.161782679706077515e-01 2.667915765533686034e-01 3.220804235959092710e-01 2.767893910691560100e-01 3.220771158128210576e-01 2.668011087978193752e-01 4.161632560801273306e-01 2.763618035915474946e-01 3.287631697427715327e-01 9.998017619250876287e-02 9.997183017536953598e-02
9.488880134759603013e-02 9.488222995415473981e-02 3.134346538636045287e-01 2.642599256876224656e-01 3.990634248572669796e-01 2.555389224103685741e-01 3.122113187137416368e-01 2.540397133836271304e-01 3.122116640602703441e-01 2.555295954843533890e-01 3.990595158862578762e-01 2.642557428872360781e-01 3.134294569769076055e-01 9.488923490962730689e-02 9.488634574806120714e-02
8.791257026135429475e-02 8.790459101226971717e-02 2.746224143402619111e-01 2.290700999563413665e-01 3.888416696970072306e-01 2.628057318041184809e-01 2.910418966395407203e-01 2.008886449531628315e-01 2.910440430160678438e-01 2.628137296342069051e-01 3.888334445663327865e-01 2.290680072536065981e-01 2.746321225130217147e-01 8.789940210229008066e-02 8.790178862094460976e-02
9.867892330238087206e-02 9.867102034290142765e-02 2.665474076759766775e-01 2.099589661747972569e-01 3.843344701030571575e-01 2.589212593034415089e-01 2.731675768005789040e-01 1.600967960759486219e-01 2.731641742890142943e-01 2.589085474841472667e-01 3.843251652577510113e-01 2.099605202823193739e-01 2.665326832267340129e-01 9.867125961308037541e-02 9.867408467609883882e-02
1.144604198890833424e-01 1.144618899458946237e-01 2.786048205445811887e-01 2.067287243029181654e-01 3.914066969842253108e-01 2.509008322703811245e-01 2.715305716446462236e-01 1.405988114247139209e-01 2.715422625574954729e-01 2.509080483525994998e-01 3.914031741051707813e-01 2.067267258397516017e-01 2.785960913203814338e-01 1.144647192520863443e-01 1.144682314841493076e-01
1.295765438980475137e-01 1.295582326727365285e-01 3.082007907943705716e-01 2.234218555195847666e-01 4.079683403319558366e-01 2.358575287762653128e-01 2.812195755655070850e-01 1.456512306031351178e-01 2.812223947513157185e-01 2.358554061375109923e-01 4.079756713167905779e-01 2.234133452874460524e-01 3.081954800947099837e-01 1.295640282657496423e-01 1.295594618282815413e-01
1.302891616848402823e-01 1.302914557136330975e-01 3.377798479554880995e-01 2.534247387618837055e-01 4.404719234840406283e-01 2.258753347135850631e-01 2.908193024976889474e-01 1.516107665875079391e-01 2.908275043887725286e-01 2.258786720376010360e-01 4.404821031524530639e-01 2.534294967604052151e-01 3.377792233530840793e-01 1.302832941121512267e-01 1.302820234248597830e-01
1.294849536283244062e-01 1.294881336773452962e-01 3.552594571554190672e-01 2.742467462531935629e-01 4.503090320849291173e-01 2.072860061414155686e-01 2.785410080093732033e-01 1.596235409466399968e-01 2.785445045687457433e-01 2.072858855556951041e-01 4.503155673471952447e-01 2.742488978981013625e-01 3.552614549082203643e-01 1.294868812818182890e-01 1.294853728516764391e-01
1.262255575864065782e-01 1.262361962495729406e-01 3.515032153727443154e-01 2.769189829841940398e-01 4.485283428418472829e-01 1.999758934819432232e-01 2.542963212711145671e-01 1.578139345585246600e-01 2.542969096909483140e-01 1.999830423331629414e-01 4.485290232076463157e-01 2.769064243373837719e-01 3.515013833540777677e-01 1.262285273173205935e-01 1.262288362241254513e-01
1.270007612317015089e-01 1.270050713324087366e-01 3.318791323734064935e-01 2.598652931335163618e-01 4.344769972354905474e-01 2.044857750467538593e-01 2.269048507394128000e-01 1.507634705187653745e-01 2.269041040017407695e-01 2.044966493694630461e-01 4.344826748930604166e-01 2.598635515752046876e-01 3.318832610182753107e-01 1.270022024901298896e-01 1.270030139898734034e-01
1.239603713064281187e-01 1.239559870578795242e-01 2.954695359600533200e-01 2.246810770724974038e-01 4.145064782738732134e-01 2.249265840385833437e-01 2.116544834444586409e-01 1.399166419744282686e-01 2.116501554526334927e-01 2.249229927229140502e-01 4.145129463234394906e-01 2.246852504901034608e-01 2.954688002922365442e-01 1.239511197810254095e-01 1.239656721643829229e-01
1.369816540162708263e-01 1.369943837661682928e-01 2.922748076909962855e-01 2.106198868900324705e-01 3.978238294104779471e-01 2.287441074137790409e-01 2.095805817228812984e-01 1.598721219013454209e-01 2.095861683784039919e-01 2.287260408425936253e-01 3.978327589072474524e-01 2.106121339038308227e-01 2.922711559116465407e-01 1.369836660232017223e-01 1.369862934806762578e-01
1.510064248007626508e-01 1.510109438385218161e-01 3.093590015554334993e-01 2.174503476536432944e-01 3.929734590596810628e-01 2.230140481739399383e-01 2.293479003196606247e-01 2.034721368185862245e-01 2.293496805111501780e-01 2.230249031534073390e-01 3.929799694472888572e-01 2.174584022768418778e-01 3.093705685659889904e-01 1.510050510559592385e-01 1.510042739330123007e-01
1.616010767318081243e-01 1.616041127772517294e-01 3.415329099310140393e-01 2.437452720265539385e-01 3.993628783247593073e-01 2.068302008940440806e-01 2.665674311954436271e-01 2.614502526325684917e-01 2.665593624481610302e-01 2.068299592134387188e-01 3.993623973320271636e-01 2.437380062332229480e-01 3.415271531997826626e-01 1.615998862860997254e-01 1.615978800506279733e-01
1.676104523476569796e-01 1.676124996690206426e-01 3.756295849995607838e-01 2.761467944717658218e-01 4.063721877998544008e-01 1.834372447878225287e-01 3.049950459520285317e-01 3.132647159693074945e-01 3.049966887920219083e-01 1.834406521145351410e-01 4.063776812515691450e-01 2.761397036928745496e-01 3.756276699009004072e-01 1.676129834617529069e-01 1.676060255331898730e-01
1.598000819955231466e-01 1.598053249662622632e-01 3.872004662393705998e-01 2.944064858087394043e-01 4.041857831141868473e-01 1.638311018057151403e-01 3.212452341579996040e-01 3.275862633919572886e-01 3.212456721465936083e-01 1.638327642228410430e-01 4.041971969574660317e-01 2.943991042253080725e-01 3.871998390416675484e-01 1.598007247255986973e-01 1.597979311316954920e-01
1.625793662318770205e-01 1.625819691362321850e-01 3.824665178064954318e-01 2.863498473213635931e-01 3.709270434429355889e-01 1.423705792559886163e-01 3.025916054296766688e-01 3.051936980947301814e-01 3.025795119071661432e-01 1.423688027709518189e-01 3.709172144545687666e-01 2.863543259137649732e-01 3.824742099150214014e-01 1.625804213041586732e-01 1.625769357553476513e-01
1.678280634222177881e-01 1.678244182357824243e-01 3.627007662400493215e-01 2.593109589668746717e-01 3.249047906145626774e-01 1.281312129040905745e-01 2.668573021688689373e-01 2.591645173768538646e-01 2.668601695243886240e-01 1.281339669693110084e-01 3.249098862308301694e-01 2.593094342406667696e-01 3.627098967361248594e-01 1.678269714382842337e-01 1.678283179732102393e-01
1.754498387377550483e-01 1.754583107092578809e-01 3.414447590374792840e-01 2.281588047146145271e-01 2.826833875404128893e-01 1.211540287785770054e-01 2.402938732630938712e-01 2.175581702651996352e-01 2.402928358351049121e-01 1.211516445479665083e-01 2.826880160243456230e-01 2.281552341589677679e-01 3.414401347135813114e-01 1.754421405413874036e-01 1.754453241730452584e-01
1.716500275198567516e-01 1.716497218422097237e-01 3.260003151376895114e-01 2.126330752970219673e-01 2.732110240067908702e-01 1.274157073065376733e-01 2.453810365042892738e-01 1.971268757486989154e-01 2.453829053513932879e-01 1.274108554022346795e-01 2.732147166649340764e-01 2.126294350187203919e-01 3.260037990235745697e-01 1.716476801361691562e-01 1.716543475668038665e-01
1.795985487198931696e-01 1.795981997145205677e-01 3.400585275791876416e-01 2.220062257161686259e-01 2.804909612713707978e-01 1.246201648417601948e-01 2.742188300896360453e-01 2.184341906604397865e-01 2.742207091039079447e-01 1.246245900744306634e-01 2.804813431244977950e-01 2.220084949323503642e-01 3.400617022095716591e-01 1.795917014399537326e-01 1.795998491178001921e-01
1.869046212177432054e-01 1.869116025775197087e-01 3.680947205615628381e-01 2.482479954053558036e-01 3.041686497492473995e-01 1.181721232612571448e-01 2.982283819654857893e-01 2.500848631344806394e-01 2.982310984225246542e-01 1.181776282086584584e-01 3.041844449933974737e-01 2.482485445854413220e-01 3.680832688800997898e-01 1.869051816168226243e-01 1.869087198495517632e-01
1.954796764112324281e-01 1.954709512076336364e-01 3.986266296510413421e-01 2.775664900984430861e-01 3.313555392019416068e-01 1.111435884882722158e-01 2.969973854208207698e-01 2.698313990920051531e-01 2.970046962242740562e-01 1.111464339533916879e-01 3.313553921358030063e-01 2.775730815658569162e-01 3.986259711650003146e-01 1.954654698720313388e-01 1.954657117809995293e-01
1.965125113950040858e-01 1.965153718134086125e-01 4.122005053518571493e-01 2.948307546611604879e-01 3.600309281853979471e-01 1.188658012828086030e-01 2.551717887021995868e-01 2.445716144303285988e-01 2.551698889868772580e-01 1.188614262059970450e-01 3.600352004056992516e-01 2.948272004265164448e-01 4.121984274924955227e-01 1.965240043742691456e-01 1.965135713935225459e-01
2.068466568088147550e-01 2.068523020692614178e-01 4.039832204766974355e-01 2.801823456301774096e-01 3.536077843345566962e-01 1.285457051904713710e-01 2.158898407964893185e-01 2.227384050443036445e-01 2.158945803184358359e-01 1.285387526170120309e-01 3.536041606463405929e-01 2.801829278065404716e-01 4.039922546997788411e-01 2.068598687887387433e-01 2.068533875455447202e-01
2.158154356634897630e-01 2.158316230170844174e-01 3.791580383849485480e-01 2.469957519608796392e-01 3.355157692443140882e-01 1.458145200546784870e-01 1.903407838290438470e-01 2.035615493701293799e-01 1.903368230020260898e-01 1.458010477280061168e-01 3.355174630716027950e-01 2.469912757194764330e-01 3.791572651745498401e-01 2.158255744288823386e-01 2.158315066250472980e-01
2.225696284182587248e-01 2.225769909879160013e-01 3.499363068763988727e-01 2.115153781950528389e-01 3.172544665345896076e-01 1.642656014676189824e-01 1.860167583758123855e-01 1.997451450280738339e-01 1.860144059789132776e-01 1.642580194339063882e-01 3.172679158128199894e-01 2.115208124633057851e-01 3.499356980783700499e-01 2.225765524774961923e-01 2.225779424052795052e-01
2.259648921717454240e-01 2.259554282039770157e-01 3.296592099197320214e-01 1.894363718652382067e-01 3.077562789606738125e-01 1.759897498660538684e-01 1.976254879124946240e-01 2.131055404173478052e-01 1.976276856543780491e-01 1.760022177790697140e-01 3.077530620750542623e-01 1.894366715036718829e-01 3.296478144997611603e-01 2.259547497943443228e-01 2.259503745317592571e-01
2.135572512096190478e-01 2.135512614487724559e-01 3.275793112734955992e-01 1.952949040401946723e-01 3.184941913777201150e-01 1.739896150346827985e-01 2.171306823472021752e-01 2.423160519310497696e-01 2.171273944973045045e-01 1.739856937388058467e-01 3.184839656799763885e-01 1.952894945112701452e-01 3.275771487564062556e-01 2.135576736308499313e-01 2.135590657388576341e-01
2.169332825789757058e-01 2.169331652113494213e-01 3.437842742648712924e-01 2.105465152655784378e-01 3.214935185587007305e-01 1.615176672181464768e-01 2.358699255620982926e-01 2.751531718003425997e-01 2.358666923895210710e-01 1.615203423893049051e-01 3.214993461136773645e-01 2.105578221203682210e-01 3.437764374962065661e-01 2.169263396950136813e-01 2.169229297070940365e-01
2.257827072428004733e-01 2.257927797656932856e-01 3.671931693378263639e-01 2.262943851881447643e-01 3.193994103078342528e-01 1.458614777808893148e-01 2.538667349009120500e-01 3.004516659363890563e-01 2.538594603517921877e-01 1.458576024049892950e-01 3.193937137026468531e-01 2.262806674114746786e-01 3.671972187301107970e-01 2.257893699268884169e-01 2.257903953025949262e-01
2.408400004431086039e-01 2.408627634153794883e-01 3.909295368529820403e-01 2.330545139734992999e-01 3.071961545815707906e-01 1.329406825198390374e-01 2.685701519823207040e-01 3.109363445127047987e-01 2.685650385456656575e-01 1.329520727303867833e-01 3.072029537052428094e-01 2.330598578374693530e-01 3.909243436972738572e-01 2.408619508973248169e-01 2.408552010892169859e-01
2.491678767571068320e-01 2.491691097455399073e-01 4.041001597082088392e-01 2.309883706805863635e-01 2.826415292473236640e-01 1.202738732443631720e-01 2.682121337824385221e-01 2.991614617357495898e-01 2.682095502626664629e-01 1.202789499132750350e-01 2.826319238398490308e-01 2.309775584933302928e-01 4.041028856845935158e-01 2.491719750919023646e-01 2.491607298047264774e-01
2.588883004077959238e-01 2.588790823131787433e-01 3.985923445623882344e-01 2.120883924198112558e-01 2.481562641092756594e-01 1.123687014101228399e-01 2.633292431286120561e-01 2.808870096479405554e-01 2.633289258271619415e-01 1.123721062228548728e-01 2.481609533075748719e-01 2.120821674218139052e-01 3.985833768404747901e-01 2.588854509900377909e-01 2.588862285559154763e-01
2.585196364261299617e-01 2.585183918706056572e-01 3.801834589556730704e-01 1.913567870027763629e-01 2.176162158897747556e-01 1.058371704754713649e-01 2.598802515326504858e-01 2.650629951647819338e-01 2.598894441684983514e-01 1.058278296808126684e-01 2.176211877782443516e-01 1.913519421360382888e-01 3.801738060375510209e-01 2.585228238068714157e-01 2.585270842979089378e-01
2.515360189078830189e-01 2.515450756609255989e-01 3.596176910382271608e-01 1.775987751738881126e-01 1.972463315061513955e-01 9.989263810509269037e-02 2.634980661889124720e-01 2.623968851809708180e-01 2.635018981760678392e-01 9.989450060819765609e-02 1.972514210988707828e-01 1.775996007342789951e-01 3.595943021004613938e-01 2.515553078516669649e-01 2.515484680875895718e-01
2.363527889773557322e-01 2.363535634886851367e-01 3.538042571507351575e-01 1.860524530756520467e-01 1.973208658252612047e-01 8.642237563872384731e-02 2.699427115563433066e-01 2.730542260962510737e-01 2.699553279953449403e-01 8.643082864005602328e-02 1.973214951858079935e-01 1.860511439299122882e-01 3.538107382864665862e-01 2.363462228020945521e-01 2.363430939107368234e-01
2.427169264984067598e-01 2.427114310481020554e-01 3.696388869209467076e-01 1.968421358427228096e-01 2.065567406469432932e-01 7.816391736529165746e-02 2.686158596073170424e-01 2.834485113664673150e-01 2.686205480262654488e-01 7.815872114490990397e-02 2.065621662674395065e-01 1.968440088106562791e-01 3.696390288292284998e-01 2.427199499166162733e-01 2.427118423169849493e-01
2.579639862804746775e-01 2.579679287036119595e-01 3.933088456248000631e-01 2.092474895869854690e-01 2.225028956844448680e-01 7.555195791796537330e-02 2.580126399070526988e-01 2.863646539971445026e-01 2.580111062245906139e-01 7.554724828555853255e-02 2.225034539106149345e-01 2.092444201770810031e-01 3.932927238395239611e-01 2.579705574670904111e-01 2.579597936288082205e-01
2.767787431393703423e-01 2.767701703344963016e-01 4.111098022374193861e-01 2.155536810282009386e-01 2.408238105091708436e-01 8.501754863654537031e-02 2.476760809877508462e-01 2.820186390253550668e-01 2.476803488306879575e-01 8.501627691796814767e-02 2.408359358790851390e-01 2.155499642316726083e-01 4.111003919321143396e-01 2.767817406061879870e-01 2.767803249280288425e-01
2.927676164559618321e-01 2.927664279184173379e-01 4.136780171432554720e-01 2.101688342555932398e-01 2.582177788070298408e-01 1.068618244171168907e-01 2.467875491208946226e-01 2.739817084347923037e-01 2.467894660255325334e-01 1.068664293131199039e-01 2.582355283069245333e-01 2.101727578403457253e-01 4.136817319043243901e-01 2.927689324723265485e-01 2.927690280264305667e-01
2.876493832668305384e-01 2.876457709292092879e-01 3.925337295350903588e-01 1.962892826788344980e-01 2.821753871289768290e-01 1.357902473774194596e-01 2.530528345016206382e-01 2.661372188524774862e-01 2.530473456917664565e-01 1.357900847730143523e-01 2.821700801832553451e-01 1.962902256787997790e-01 3.925319848737153783e-01 2.876426882942945684e-01 2.876514346753796803e-01
2.878247255207863065e-01 2.878251407356101632e-01 3.697268927288513973e-01 1.763025176556139995e-01 2.834358418845336347e-01 1.556114987628962054e-01 2.582404327987092296e-01 2.583215884457120692e-01 2.582335063360823302e-01 1.556085894052387508e-01 2.834311428713089942e-01 1.763091918949573622e-01 3.697279873784339310e-01 2.878284530616037062e-01 2.878255027231159113e-01
2.836274907445128224e-01 2.836278700376166917e-01 3.499825970012077070e-01 1.615706146359519035e-01 2.715551579611993893e-01 1.632982441070511825e-01 2.476972040459288760e-01 2.453146345753369761e-01 2.476982434694871560e-01 1.633167556134226261e-01 2.715528816784240629e-01 1.615697867075144845e-01 3.499814304562982592e-01 2.836218832658301547e-01 2.836253788483997229e-01
2.778440847891031074e-01 2.778453773413742667e-01 3.360177157084759392e-01 1.528688018107730029e-01 2.501561164702999496e-01 1.588525676479153881e-01 2.241247364052369462e-01 2.293445192759837603e-01 2.241389009508871211e-01 1.588567334269539999e-01 2.501551384942360956e-01 1.528664559084139674e-01 3.360264038279016652e-01 2.778404247960073459e-01 2.778526597709608525e-01
2.714584456116971856e-01 2.714564618495649562e-01 3.413067778270285624e-01 1.587743497244225588e-01 2.375447901598687905e-01 1.412236476824869080e-01 2.040827671005461807e-01 2.288607990848012252e-01 2.040735737042836395e-01 1.412183312202089924e-01 2.375461396004797665e-01 1.587660029423246799e-01 3.413210817473536496e-01 2.714567746880632848e-01 2.714546635609690339e-01
2.814863974712836781e-01 2.814846204029349819e-01 3.569816302066582958e-01 1.625031240510664277e-01 2.369229860923652842e-01 1.370750783273196327e-01 2.183802873468244643e-01 2.348955820447186649e-01 2.183802110964990773e-01 1.370693140204885530e-01 2.369331182870740848e-01 1.624950925160345006e-01 3.569690034550692670e-01 2.814886733212548786e-01 2.814893300606435833e-01
2.980871762877685960e-01 2.980789410255732519e-01 3.784866686900377752e-01 1.671362871069738132e-01 2.458952736641597525e-01 1.399984992227399361e-01 2.491042564107193713e-01 2.469486583991338247e-01 2.491009831033605404e-01 1.400026675673274323e-01 2.459010810032705718e-01 1.671396947670004129e-01 3.784824828394089402e-01 2.980849196601288997e-01 2.980892179594691882e-01
3.143622571588218229e-01 3.143686207693970891e-01 3.944108833002742398e-01 1.669024212833890020e-01 2.561449072478728106e-01 1.460674727808971007e-01 2.773266164493282671e-01 2.518955763239001389e-01 2.773218717371346287e-01 1.460589396175280275e-01 2.561394265958128469e-01 1.669197652270786314e-01 3.943894876420744877e-01 3.143632580796732467e-01 3.143712617994095515e-01
3.230285795341176769e-01 3.230328683841343640e-01 3.964106336485349602e-01 1.586584405817148546e-01 2.601536972608315956e-01 1.497349550758225178e-01 2.912177444759747602e-01 2.457808909912032602e-01 2.912074575303174040e-01 1.497212008473117195e-01 2.601582817581501450e-01 1.586590497272568068e-01 3.964049908681530066e-01 3.230313353362537221e-01 3.230343099693976372e-01
3.050660705678912565e-01 3.050598770104684387e-01 3.700069341235817655e-01 1.431735201492868592e-01 2.430742322191503102e-01 1.325223477618885370e-01 2.876997336928546756e-01 2.511825633253028101e-01 2.877022568182772688e-01 1.325315374290096937e-01 2.430650510584232982e-01 1.431791881247959641e-01 3.699966908560188283e-01 3.050643882924434780e-01 3.050628499634148172e-01
2.953258520820561950e-01 2.953136244007821265e-01 3.463865713232543442e-01 1.289484349972684352e-01 2.251273330217409829e-01 1.220383681761607608e-01 2.733914576013062314e-01 2.467010477450179984e-01 2.733872428263039445e-01 1.220286993031066691e-01 2.251434455928999490e-01 1.289598471356918075e-01 3.463881136961877161e-01 2.953204380870645962e-01 2.953132619789748392e-01
2.864459381175991082e-01 2.864430013261801133e-01 3.281879248238422364e-01 1.208709760641833442e-01 2.064975637872970005e-01 1.098860152128329770e-01 2.590297695424738089e-01 2.471538377001866738e-01 2.590367164821503754e-01 1.099037879569240705e-01 2.064907467965753085e-01 1.208774032770009721e-01 3.281993821043396320e-01 2.864364835995949488e-01 2.864490066846866467e-01
2.836557097169547514e-01 2.836628735044970373e-01 3.225984102409653054e-01 1.191425856865321320e-01 1.950112724888729554e-01 1.028617570909162726e-01 2.534773229585234877e-01 2.544307783322380390e-01 2.534736778697234127e-01 1.028533139943307306e-01 1.950049833495652307e-01 1.191443616786836968e-01 3.226063597804186278e-01 2.836556633444031750e-01 2.836535004975253016e-01
2.926539701224924461e-01 2.926497667002292413e-01 3.497481436304419322e-01 1.313583141776897278e-01 2.056958895013467625e-01 1.000279940039937032e-01 2.527492496359500240e-01 2.708073359939440206e-01 2.527453926843180598e-01 1.000311035228793055e-01 2.056866140437234591e-01 1.313578990870826191e-01 3.497469639191844171e-01 2.926551379068199621e-01 2.926453103011154022e-01
3.065875582388194465e-01 3.065959688181663645e-01 3.720937416753817839e-01 1.419496763105688730e-01 2.311669971133200607e-01 1.254153145337337238e-01 2.650657625268161288e-01 2.736628971071852767e-01 2.650726165016101810e-01 1.254191029258842627e-01 2.311610759771783874e-01 1.419453413361131400e-01 3.720919326868231680e-01 3.066050986021818803e-01 3.066075373267055371e-01
