-4.300040055582599052e-06 4.544192863886742373e-06 1.112574786577003039e-06 3.753256854754916105e-07 2.784201524608231892e-06 6.480376541828647419e-06 2.918225809889207767e-07
4.999178808180669842e-01 4.998782144248584136e-01 4.999571414359734178e-01 4.997687481462811943e-01 4.998932693923117676e-01 4.998578329538480580e-01 4.998914067435382691e-01
4.999160678367517985e-01 4.998781644874688013e-01 4.999586564606435801e-01 4.997694669463725314e-01 4.999003621936047859e-01 4.998564743715733227e-01 4.999085062683828462e-01
4.999152075973482545e-01 4.998780507885085544e-01 4.999598271527322391e-01 4.997707949459915255e-01 4.998896888244273029e-01 4.998606679011544096e-01 4.998925783745262752e-01
4.999201267509079671e-01 4.998794038845165155e-01 4.999589270671261909e-01 4.997694716623766187e-01 4.998982581277637283e-01 4.998551508295460688e-01 4.998980261735951891e-01
4.999158459279918754e-01 4.998838156879297223e-01 4.999455940041685476e-01 4.997701994571347450e-01 4.999064413957116648e-01 4.998558199435178540e-01 4.998980702663052278e-01
4.999173256269472954e-01 4.998749995245768685e-01 4.999515840619787599e-01 4.997741843845154852e-01 4.999040529847300629e-01 4.998605953259088186e-01 4.999000656733481596e-01
4.999155360885129684e-01 4.998817350671042048e-01 4.999603148287593557e-01 4.997644323578350201e-01 4.999023011849431652e-01 4.998566276874932268e-01 4.999138816519637651e-01
4.999191551904197395e-01 4.998785508677859868e-01 4.999493263544499966e-01 4.997665922961120333e-01 4.999042812334431041e-01 4.998540799497773190e-01 4.999036394666840910e-01
4.999113718643140025e-01 4.998788422235407314e-01 4.999549280351868741e-01 4.997662285348254962e-01 4.998994213167999301e-01 4.998557125702718373e-01 4.998963749055017058e-01
4.999243975064911472e-01 4.998810283529185883e-01 4.999556888424949164e-01 4.997695847624900600e-01 4.999005622257158832e-01 4.998641501744279791e-01 4.999068029173006078e-01
4.999169066327600608e-01 4.998903556648063295e-01 4.999485300695507561e-01 4.997664444720733568e-01 4.999179301543332232e-01 4.998587213279996333e-01 4.999011425969386857e-01
4.999114023705607535e-01 4.998831030302789413e-01 4.999495642735723444e-01 4.997764443767598874e-01 4.998969299253753218e-01 4.998618931997976245e-01 4.999038713033021053e-01
4.999356600539863749e-01 4.998870039066308779e-01 4.999621848635735222e-01 4.997734125556436147e-01 4.999006370967361002e-01 4.998559522506297870e-01 4.999057479671217274e-01
4.999134594781786123e-01 4.998823372043241231e-01 4.999552455779551763e-01 4.997642999431161082e-01 4.998921021298512457e-01 4.998591020878627722e-01 4.999049892192912181e-01
4.999214956763505802e-01 4.998708504031507682e-01 4.999536302162929102e-01 4.997781389848590661e-01 4.998990470200586067e-01 4.998708579615627756e-01 4.999156118722498654e-01
4.999190557825008430e-01 4.998797495150748560e-01 4.999590237591165498e-01 4.997617781950394189e-01 4.998985069048457741e-01 4.998573418267467372e-01 4.999014354317945497e-01
4.999192210607188436e-01 4.998805736524544185e-01 4.999555693864007888e-01 4.997711671647336318e-01 4.999027218156028018e-01 4.998615808615010647e-01 4.999043891432978226e-01
4.999167109828761002e-01 4.998781052776760658e-01 4.999477605265473801e-01 4.997753286798461980e-01 4.999009753826625935e-01 4.998555472027959579e-01 4.999041616881815253e-01
4.999226174043254201e-01 4.998789308955262078e-01 4.999581334662877019e-01 4.997679285168590835e-01 4.998939465331134202e-01 4.998575187308645362e-01 4.998990489883917698e-01
4.999180123520078345e-01 4.998848136060652370e-01 4.999571999972757808e-01 4.997720824117610205e-01 4.999025554840877961e-01 4.998558216112463648e-01 4.999041278349472539e-01
4.999226199978036300e-01 4.998884238659927481e-01 4.999597529331067935e-01 4.997654754079896566e-01 4.998911396970825427e-01 4.998584765370809868e-01 4.999001983125880844e-01
4.999120383300259540e-01 4.998813792560386493e-01 4.999625654615116321e-01 4.997641880463111197e-01 4.999001983160146767e-01 4.998530121484525135e-01 4.999042243654003848e-01
4.999261963447038659e-01 4.998847669851650966e-01 4.999444911087654875e-01 4.997701927284499135e-01 4.998968838334662546e-01 4.998682534000871147e-01 4.999052813550738383e-01
4.999219480046062647e-01 4.998854616588894739e-01 4.999500167459261513e-01 4.997674877528029969e-01 4.998998042730513069e-01 4.998516854568358925e-01 4.999076567610256649e-01
4.999116022541058024e-01 4.998882334772065672e-01 4.999517748297545583e-01 4.997826168209123510e-01 4.999008221881285352e-01 4.998650656494595945e-01 4.998993643247778285e-01
4.999209301998516763e-01 4.998805786155711695e-01 4.999450593035221213e-01 4.997687066898482411e-01 4.998960492490407415e-01 4.998652367163020638e-01 4.999029754901662681e-01
4.999135008620407272e-01 4.998807971936818917e-01 4.999544032181013065e-01 4.997684470485088126e-01 4.998927397138220319e-01 4.998503633622818354e-01 4.998969750298846715e-01
4.999179993479772044e-01 4.998797562855963328e-01 4.999443475437643225e-01 4.997704496351930703e-01 4.998984119140321702e-01 4.998594156762026230e-01 4.999003102798919573e-01
4.999102913910539736e-01 4.998772722262058710e-01 4.999568907103027482e-01 4.997710461977954988e-01 4.998948839073591444e-01 4.998490305001667688e-01 4.999021196128360933e-01
4.999191447027840907e-01 4.998848942069304413e-01 4.999551382057460525e-01 4.997559346521374124e-01 4.998991033607918522e-01 4.998549088164759291e-01 4.999053361212060786e-01
4.999213529238958897e-01 4.998822473802929656e-01 4.999553852169145163e-01 4.997731582384784543e-01 4.998886982513688904e-01 4.998529064681958012e-01 4.999008434308214177e-01
4.999092503403041454e-01 4.998912453623203800e-01 4.999602034892626778e-01 4.997573990295733348e-01 4.998955641306567221e-01 4.998555893302157882e-01 4.999047171841501935e-01
4.999139879015420673e-01 4.998748366509591090e-01 4.999479422226189018e-01 4.997703897917316618e-01 4.998952384760786405e-01 4.998556787957116332e-01 4.999023690371322548e-01
