3.174177399478672612e-06 -1.721883138960933479e-06 9.999944935033939775e-01 1.000001232932503870e+00 1.000006264227336406e+00 1.448572831852512621e-06 8.347255203711156923e-08
3.761136733833841950e-02 3.761576386325227173e-02 9.275922663003691726e-01 9.623862485008425338e-01 9.275987606632871696e-01 3.761314465908444094e-02 3.760826065210465252e-02
2.228320915266907010e-02 2.227095283582769536e-02 9.564466607610117022e-01 9.777247350123210445e-01 9.564355069215351168e-01 2.227707892738867157e-02 2.227661538878250580e-02
1.059850388536509591e-02 1.060356202649315183e-02 9.790219615372015571e-01 9.894061383154113543e-01 9.790139626679412732e-01 1.061012405308364714e-02 1.060037034985383819e-02
6.307055984701392948e-02 6.306641401081408693e-02 8.818219064647834227e-01 9.369331712411692603e-01 8.818110627417523606e-01 6.307077273105560211e-02 6.306883952244790592e-02
7.172921155199962762e-03 7.177682572457655397e-03 9.857665310337456743e-01 9.928315204927362636e-01 9.857625239242719939e-01 7.168151719105453346e-03 7.170345470172978519e-03
3.529426469231167207e-02 3.528895886374538993e-02 9.318999760498474227e-01 9.647120585888733224e-01 9.319095006668931536e-01 3.528987127084581843e-02 3.529400358653583814e-02
5.064767012928117484e-02 5.064574258663134820e-02 9.038343785418491150e-01 9.493543681156708658e-01 9.038366539221347473e-01 5.064778002404607404e-02 5.064789446716799759e-02
1.410842622438512883e-04 1.483348100524417568e-04 9.997016752573266718e-01 9.998468314732524842e-01 9.997025061072306595e-01 1.455999694576215475e-04 1.529703127207127089e-04
6.457164374144791497e-02 6.455984924079710696e-02 8.791993392974026822e-01 9.354378829875971135e-01 8.792092467954499835e-01 6.455564376136174731e-02 6.455512549822084445e-02
3.095576814704920077e-02 3.095878041043514939e-02 9.399980526701681161e-01 9.690422417529367394e-01 9.400093530831722388e-01 3.096105315756209064e-02 3.094975155600554473e-02
1.385342796602206938e-02 1.386568914807900788e-02 9.726797433637860424e-01 9.861428799740248330e-01 9.726847661333288819e-01 1.385177079443433712e-02 1.385517813806336207e-02
7.930755477489437322e-02 7.929996156434410137e-02 8.539504112333516916e-01 9.206851164080662731e-01 8.539537719593028875e-01 7.930185374086690109e-02 7.931816323790019663e-02
1.341901271437656584e-02 1.342446060712609857e-02 9.735115725798184627e-01 9.865690360516849999e-01 9.735098407070057469e-01 1.342103562019869578e-02 1.342737254609260855e-02
4.489306842640433670e-02 4.488363626399677342e-02 9.142535483075598934e-01 9.550990482519331470e-01 9.142485689461083975e-01 4.488840584314940374e-02 4.488783423889380897e-02
7.070819302493069891e-02 7.070730879179687456e-02 8.685803587706621975e-01 9.292960688480684794e-01 8.685831353834140289e-01 7.070869312511213201e-02 7.070795593797613021e-02
5.785519794460070031e-05 5.823927632658820741e-05 9.998931440182672326e-01 9.999484717344675477e-01 9.998807197610595221e-01 5.913368827481502166e-05 6.377047065558860695e-05
7.784557464593888643e-02 7.785005021468338615e-02 8.564262066220829084e-01 9.221556377481058275e-01 8.564199294909208282e-01 7.784105394356882757e-02 7.785315211193932772e-02
5.844332535487978264e-02 5.844674156677553967e-02 8.899304464278664506e-01 9.415469806687217780e-01 8.899277636695170912e-01 5.845772866530613010e-02 5.845332485540938317e-02
1.118513885966326837e-02 1.118358918280171199e-02 9.778825378482184361e-01 9.888221104787726645e-01 9.778774775428362709e-01 1.118399413636306239e-02 1.119441652204161697e-02
1.084221985453057147e-01 1.084301125276682654e-01 8.066625639014566307e-01 8.915696876414702654e-01 8.066590240548165980e-01 1.084284346365365082e-01 1.084333995193185740e-01
2.315952662588854905e-02 2.317372151522889556e-02 9.547424217803104352e-01 9.768413761366154802e-01 9.547391294102200998e-01 2.316590334974483190e-02 2.316883152879389840e-02
4.309930539482748069e-02 4.309897158827685759e-02 9.175247265808994523e-01 9.569019980657894608e-01 9.175117947206983260e-01 4.308761480360662199e-02 4.310438623324791552e-02
1.049483269240005789e-01 1.049396528572165144e-01 8.121434939046159318e-01 8.950566188087352160e-01 8.121431590433083603e-01 1.049406919950415240e-01 1.049407814672800865e-01
1.612792839535692746e-03 1.614613135790199383e-03 9.967769404290185431e-01 9.983820988606008084e-01 9.967881958210025317e-01 1.617411353555531228e-03 1.616071582289158037e-03
8.066921314700187251e-02 8.067574653155884512e-02 8.516627804562478810e-01 9.193280425889085450e-01 8.516644624627383031e-01 8.066887861550448013e-02 8.066923233712969266e-02
7.575461176343339931e-02 7.575733773644882652e-02 8.599677990626670709e-01 9.242425139058596528e-01 8.599577604071683146e-01 7.576638194881013533e-02 7.575361076287395745e-02
2.113057481938185322e-03 2.115972374443386705e-03 9.957843354573745476e-01 9.978897969495177378e-01 9.957872876676097107e-01 2.117108946251555768e-03 2.115970371364017666e-03
1.120245743169940300e-01 1.120336597668782352e-01 8.010410040803033205e-01 8.879724918816954693e-01 8.010483178457930009e-01 1.120281991014272505e-01 1.120343426396673281e-01
5.573582050741271443e-02 5.573202822766581965e-02 8.947523500294168874e-01 9.442663094732074436e-01 8.947499199817274818e-01 5.572032237609014782e-02 5.572781492023648475e-02
2.784671975300967439e-02 2.784734499829039089e-02 9.458505921027098307e-01 9.721575848858854396e-01 9.458515767793258533e-01 2.784362923036576287e-02 2.784711242899806649e-02
1.345535940400073849e-01 1.345595026958651408e-01 7.670969081129667133e-01 8.654478162747371028e-01 7.670992544524319889e-01 1.345612589308806117e-01 1.345566421674150304e-01
1.536181004152381568e-02 1.535976778836645185e-02 9.697391376631390170e-01 9.846331706489106494e-01 9.697407160325708375e-01 1.536300356488395913e-02 1.536102638042302626e-02
6.083213355428779279e-02 6.083437670772529060e-02 8.857354023823087452e-01 9.391612027471984980e-01 8.857255327331736705e-01 6.083367149217694392e-02 6.083899036626483348e-02
