0.000000000000000000e+00 0.000000000000000000e+00 0.000000000000000000e+00 0.000000000000000000e+00 0.000000000000000000e+00 0.000000000000000000e+00 0.000000000000000000e+00 0.000000000000000000e+00 0.000000000000000000e+00 0.000000000000000000e+00 1.000000000000000000e+00 1.000000000000000000e+00 1.000000000000000000e+00 0.000000000000000000e+00 0.000000000000000000e+00 0.000000000000000000e+00 0.000000000000000000e+00 0.000000000000000000e+00 0.000000000000000000e+00 0.000000000000000000e+00 0.000000000000000000e+00 0.000000000000000000e+00 0.000000000000000000e+00
4.934238402631963005e-02 4.934238402631963005e-02 4.934238402631963005e-02 4.934238402631963005e-02 4.934238402631951903e-02 4.934238402631951903e-02 4.934238402631940801e-02 4.934238402631940801e-02 4.934238402631940801e-02 4.934238402631940801e-02 9.506576159736805920e-01 9.506576159736805920e-01 4.934238402631951903e-02 4.934238402631951903e-02 4.934238402631940801e-02 4.934238402631940801e-02 4.934238402631940801e-02 4.934238402631940801e-02 4.934238402631935250e-02 4.934238402631935250e-02 4.934238402631940801e-02 4.934238402631940801e-02 -1.121325254871408106e-14
4.934238402631729858e-02 4.934238402631729858e-02 9.381542632984446461e-02 4.934238402631729858e-02 9.381542632984446461e-02 4.934238402631718756e-02 9.381542632984457564e-02 4.934238402631729858e-02 9.381542632984446461e-02 4.934238402631729858e-02 9.381542632984457564e-02 4.934238402631729858e-02 9.061845736701555909e-01 4.934238402631746512e-02 9.381542632984440910e-02 4.934238402631740961e-02 9.381542632984452013e-02 4.934238402631740961e-02 9.381542632984457564e-02 4.934238402631757614e-02 9.381542632984452013e-02 4.934238402631752063e-02 4.934238402631752063e-02
1.038820058507782251e-01 1.038820058507782251e-01 1.790644364547418488e-01 1.029295381930023789e-01 1.790644364547464007e-01 1.029295381930019349e-01 1.790644364547464562e-01 1.029295381930022124e-01 1.790644364547475664e-01 1.029295381930027675e-01 8.209355635452662003e-01 8.970704618070080016e-01 8.383338637049644326e-01 8.553123803327833397e-02 1.790644364546253864e-01 1.029295381930023789e-01 1.790644364547454570e-01 1.029295381930019904e-01 1.790644364547475664e-01 1.029295381930030451e-01 1.783589820127257641e-01 1.022180052991335519e-01 9.381542632984712915e-02
9.909228653579749135e-02 9.909228653579749135e-02 1.967462636330035708e-01 1.044239888509266856e-01 1.968158452846934803e-01 1.044239870575710549e-01 1.968158444116628880e-01 1.044239869421358935e-01 2.714658459532360291e-01 1.944898825818919819e-01 8.292093634627691889e-01 9.235364786418139849e-01 1.926956772642625659e-01 1.462872196948435954e-01 1.980868872692990723e-01 1.044239869122441378e-01 1.968158448404919714e-01 1.044239873751590109e-01 1.968013629749991722e-01 1.044090426184275389e-01 1.842572577635488429e-01 8.913482755470109042e-02 1.234715653975634875e-01
1.553657383752786725e-01 1.553657383752786725e-01 2.126472383085450946e-01 1.645085467775009302e-01 2.182274261396713322e-01 1.644915365936655549e-01 2.249783207341791158e-01 1.711793163463823930e-01 3.111606915059927925e-01 2.551793082891846698e-01 2.556169262048034185e-01 1.352330828286164577e-01 7.265584410266809900e-01 2.397414552966575796e-01 2.543740789248621903e-01 1.641808791979010307e-01 2.182269930182573758e-01 1.644911271345839143e-01 2.170279254664537194e-01 1.633190299132494250e-01 2.026355242912551424e-01 1.475755400449032528e-01 1.147576174487584533e-01
1.208307763026595372e-01 1.208307763026595372e-01 1.569687683336183914e-01 1.452523756400812549e-01 1.707237180135993682e-01 1.457863875453462854e-01 1.781396779137361386e-01 1.533262067310126597e-01 2.351255667657602966e-01 2.215234636359105225e-01 6.286999026933632884e-01 7.984693084079443892e-01 6.637865243907791202e-01 2.365204924135270725e-01 2.299376359196228514e-01 1.466276762775041154e-01 1.703430822666677780e-01 1.453965698967883413e-01 1.684489928636687117e-01 1.433911827006524309e-01 1.383392290809354330e-01 1.070266476417878754e-01 9.511312493332685358e-02
1.201819848414769076e-01 1.201819848414769076e-01 1.655004776859658744e-01 1.462825772698689297e-01 1.956103218338619554e-01 1.473219244512641302e-01 2.124242639983777714e-01 1.643677807054723661e-01 3.506396796620848688e-01 3.583918093763358570e-01 5.941898976089866613e-01 8.410730349776908144e-01 3.092852092478365345e-01 1.837751305436601257e-01 3.788770658940168179e-01 1.489016684471717866e-01 1.972169930993414866e-01 1.462051968621033704e-01 1.905205733048441208e-01 1.415702034480438298e-01 1.612012912677189824e-01 9.319126238639291460e-02 1.454771269621918384e-01
1.195506799602990000e-01 1.195506799602990000e-01 1.385297932267609555e-01 1.713002313824401601e-01 1.744852835234232957e-01 1.764172015835606122e-01 2.242840378763442666e-01 2.254623015150599707e-01 4.489723589165975914e-01 4.739893655481379198e-01 3.484061233541362879e-01 2.778411882362240015e-01 5.595629265136217168e-01 4.222461607505120229e-01 3.191384438910613852e-01 1.787835099032523689e-01 1.813039657632413704e-01 1.728178215854320188e-01 1.577473507179276702e-01 1.586489339801193665e-01 1.244872802021418368e-01 1.143714917832878153e-01 1.161511898779102880e-01
1.260588879290318598e-01 1.260588879290318598e-01 1.322744224670718283e-01 1.688389533063152093e-01 1.826460587227146104e-01 1.842753169667101787e-01 2.368248041364682255e-01 2.332874267543010860e-01 2.588248087012096077e-01 2.506400799306475746e-01 4.441170330289747059e-01 6.700772539335498879e-01 5.053760176919949165e-01 4.120628360289679826e-01 2.418299612321157532e-01 1.997230274122148153e-01 1.916309310237482300e-01 1.729728008792426608e-01 1.608201646185296041e-01 1.583167991017374043e-01 1.284280361087992706e-01 9.212097585996847915e-02 9.770198840202731771e-02
9.990280380635291335e-02 9.990280380635291335e-02 1.196086779869955929e-01 1.701581568881104789e-01 1.636862767965739929e-01 1.883914581784642550e-01 2.289888395840609103e-01 2.380571587108283316e-01 4.101022583620019812e-01 4.882584098743261158e-01 4.492064628870874876e-01 7.296358772516045033e-01 3.507348146068987038e-01 2.094497679932443845e-01 4.301116104527571427e-01 2.252808982296410911e-01 1.890173112281731682e-01 1.764469466576634726e-01 1.334407869829793980e-01 1.513503075428554445e-01 1.191459377072617842e-01 1.094390171380228427e-01 9.631027164176086952e-02
1.285735772286428769e-01 1.285735772286428769e-01 1.274656226364855871e-01 1.689138459247928603e-01 1.728443042801728891e-01 2.096530204602218839e-01 2.674896953925958165e-01 3.038641667561323700e-01 4.438012700149096545e-01 5.873449373689884068e-01 3.260627130710304078e-01 3.331764622176167645e-01 4.042330216834729706e-01 5.220468722391743421e-01 4.152210745577314954e-01 2.406421847096379962e-01 2.081594986745045062e-01 1.874172263498136703e-01 1.392753247578061848e-01 1.500378576848596657e-01 1.397298393515444825e-01 1.191762254066475180e-01 9.203467687344368819e-02
1.345306158024039966e-01 1.345306158024039966e-01 1.439586526479273987e-01 1.696571740396375927e-01 1.918713097394620370e-01 2.319419936546253669e-01 3.379988543789111954e-01 3.656376783771657646e-01 3.166193199133768288e-01 2.981909930988909663e-01 3.290762679244300104e-01 5.667678080161178134e-01 3.794086950478138265e-01 5.482815647632438560e-01 2.826476945831108423e-01 2.360689193542486186e-01 2.642186191531904482e-01 1.839623743980342563e-01 1.447852389802924966e-01 1.480111398410529633e-01 1.531717190257290695e-01 1.107134320398766025e-01 1.406338005183296880e-01
1.396906879900213783e-01 1.396906879900213783e-01 1.573506387679495799e-01 1.830585241572963984e-01 1.944166299991085811e-01 2.517277880613900676e-01 2.618025547972064881e-01 2.795054988304009891e-01 3.835726263147709036e-01 5.397391900924495278e-01 3.521638977743060672e-01 6.384779219522688232e-01 3.213062480376193131e-01 2.859856766416741802e-01 4.230126277212066244e-01 3.483987487880583211e-01 2.440143511930852327e-01 2.022741904881912856e-01 1.476151787959507633e-01 1.589512423588453349e-01 1.262686238696010821e-01 1.379017679292990350e-01 1.530664372170960075e-01
1.425926568530789806e-01 1.425926568530789806e-01 1.259904860835655005e-01 1.811319447598422894e-01 1.817984069881301012e-01 2.573572274606154009e-01 3.104093294551868998e-01 3.979396552288822497e-01 3.927950384096927094e-01 6.102407023629998761e-01 3.014874960948056293e-01 3.332728385608900723e-01 3.058058428732263745e-01 5.469770879651455475e-01 4.179551574336187181e-01 3.415376121519633212e-01 1.957727449265755926e-01 2.081004546232054220e-01 1.365879826261563457e-01 1.561793751284474285e-01 1.148272122303817810e-01 1.313524251433001999e-01 1.282186476500024597e-01
1.519705635351026318e-01 1.519705635351026318e-01 1.396598416533099130e-01 1.887759093420771084e-01 2.088665701703591449e-01 2.916153093633214177e-01 3.473832262998565179e-01 4.710555152127544054e-01 2.968137127111903917e-01 3.403698733144295829e-01 2.867843565214884816e-01 5.338080168018601857e-01 3.329742894168202794e-01 5.941682263558311083e-01 2.952472867822599767e-01 2.580887717534548487e-01 3.080078759568306013e-01 2.277804769477829172e-01 1.622271640411570570e-01 1.758241175693460723e-01 1.150065302570175141e-01 1.250153196188121818e-01 1.258906504019234873e-01
1.541810698733859786e-01 1.541810698733859786e-01 1.647806073303309526e-01 2.277289266125958611e-01 2.420399434181478848e-01 3.351089217516415308e-01 2.638879613522057133e-01 3.143293681592100874e-01 3.124957534894899358e-01 5.261191822621211767e-01 3.112434735788895401e-01 5.950069062643507101e-01 2.834883173996481931e-01 3.393526498920312884e-01 3.515647724097930582e-01 4.300532648004588565e-01 2.933721304263215979e-01 2.360997965481046457e-01 1.731778393062152754e-01 1.822259078150689771e-01 1.285019565684354381e-01 1.380994968249872334e-01 1.180112404756040734e-01
1.612259991732982178e-01 1.612259991732982178e-01 1.869474180066672542e-01 2.432522520234693397e-01 2.351929781461884472e-01 2.917290107408792577e-01 3.167299144691864132e-01 4.555959203435694382e-01 3.325239517773452835e-01 6.000905718927830312e-01 2.744623351659555843e-01 3.429552668623911948e-01 2.618678674859182265e-01 5.416363380467705824e-01 3.543052214762006935e-01 4.436079113844505484e-01 2.310424959677498946e-01 2.450229189485129133e-01 2.108209178514059978e-01 1.930571480719165400e-01 1.700125824263945540e-01 1.253583780896582178e-01 1.502899215577582215e-01
1.642113286106495762e-01 1.642113286106495762e-01 1.908115256105572533e-01 2.549392757582271130e-01 2.584298082461322643e-01 3.547726540633749925e-01 3.351720565082906278e-01 5.236606610516520988e-01 2.721147025110084439e-01 3.611887534213415463e-01 2.621831211323107924e-01 5.274511469904035188e-01 3.048276976481703038e-01 5.802435646314800799e-01 2.590366431419424686e-01 2.869348386174245258e-01 3.225002764904115748e-01 3.140230167606827827e-01 1.896392772006728622e-01 2.059434688418712578e-01 1.618806566320414309e-01 1.472265973957276874e-01 1.591380995015519995e-01
1.790477251019172433e-01 1.790477251019172433e-01 2.118594547225183256e-01 2.798857418192062241e-01 2.870956544720321690e-01 4.151148254009735528e-01 2.626654705220693442e-01 3.425451997748354960e-01 2.716409128315798172e-01 5.131063545650801361e-01 2.996469082486860058e-01 5.748458361910153691e-01 2.504555345880337125e-01 3.521085376269799116e-01 2.852137236348963878e-01 4.686001262940024947e-01 3.399843596561016312e-01 3.140862400852100778e-01 1.773436644982621102e-01 2.081287129994796592e-01 1.553347718598521165e-01 1.392840874237369908e-01 1.402007162419134922e-01
1.930374514314586176e-01 1.930374514314586176e-01 2.316349653578758661e-01 3.159724092561770892e-01 2.320787202603773469e-01 3.141762439433551379e-01 2.863911841010915449e-01 4.755801952655492326e-01 2.799958315538613740e-01 5.702550446772310933e-01 2.586869109821939294e-01 3.569497281757105234e-01 2.552716266010399138e-01 5.255554308454585266e-01 2.975375390909997808e-01 5.019207222642425581e-01 2.416868718730151300e-01 2.713243627723485041e-01 2.511399879254148648e-01 2.277203245868114068e-01 1.631666356301367249e-01 1.378842076420195295e-01 1.388405666737109190e-01
2.000521594279169868e-01 2.000521594279169868e-01 2.308245204461806810e-01 2.931512831382961926e-01 2.614585631122962606e-01 4.100948471622550273e-01 2.912180262052623814e-01 5.397301817462867302e-01 2.346006241706324880e-01 3.782481789742903611e-01 2.534805253752485665e-01 5.280507827472382676e-01 2.851345298256190430e-01 5.566416584592914774e-01 2.366034225331412610e-01 3.234791666389568165e-01 3.025559384462540580e-01 3.849075429501187529e-01 2.496999572721697591e-01 2.212395821252250427e-01 1.671967895583170161e-01 1.542446894644033950e-01 1.347054718604914214e-01
2.187042917658060248e-01 2.187042917658060248e-01 2.311546355628034677e-01 3.149010985476764501e-01 2.917879301074253195e-01 4.668225982633643634e-01 2.472753978125438734e-01 3.667587441716395613e-01 2.317802180447663951e-01 5.003369241555407632e-01 2.879847692663203285e-01 5.657823260176869651e-01 2.381697510486385783e-01 3.599428874136086920e-01 2.366086206257928537e-01 4.887497100195136168e-01 3.100425941317869194e-01 3.886336756285960758e-01 2.110293622920209056e-01 2.427473368297191625e-01 2.065304276907622416e-01 1.531245580600325007e-01 1.643643500245249855e-01
2.171641054186460029e-01 2.171641054186460029e-01 2.792225160371434312e-01 3.720651664888466326e-01 2.522679658197083397e-01 3.448312641990829430e-01 2.653175358204745704e-01 4.841242976608050030e-01 2.607999259298647843e-01 5.541965910588894095e-01 2.386897970477400710e-01 3.657603839331999840e-01 2.457214005678211022e-01 5.069911004436231661e-01 2.645623426827451996e-01 5.162675097104356681e-01 2.312719938283035459e-01 2.864547535058775685e-01 2.824003362416968033e-01 2.902204962934653576e-01 1.885488893729728721e-01 1.591859652021878624e-01 1.856814078107712485e-01
2.592268794481292771e-01 2.592268794481292771e-01 2.276220710911329714e-01 3.038679966586681491e-01 2.730831628032866498e-01 4.388253251019066381e-01 2.621623357735712867e-01 5.304641420494736748e-01 2.231290517171048426e-01 3.761254160912945177e-01 2.528046763587312729e-01 5.228002214096169054e-01 2.732832534457139695e-01 5.348269493789298279e-01 2.128312223363704181e-01 3.503430561337854132e-01 2.725587235169316669e-01 4.125073679243685953e-01 2.887536311382620791e-01 2.714330204337347396e-01 1.895880711856133827e-01 1.774368130887742367e-01 1.740766172862105998e-01
