0.000000000000000000e+00 0.000000000000000000e+00 0.000000000000000000e+00 0.000000000000000000e+00 0.000000000000000000e+00 0.000000000000000000e+00 0.000000000000000000e+00 0.000000000000000000e+00 0.000000000000000000e+00 0.000000000000000000e+00 1.000000000000000000e+00 1.000000000000000000e+00 1.000000000000000000e+00 0.000000000000000000e+00 0.000000000000000000e+00 0.000000000000000000e+00 0.000000000000000000e+00 0.000000000000000000e+00 0.000000000000000000e+00 0.000000000000000000e+00 0.000000000000000000e+00 0.000000000000000000e+00 0.000000000000000000e+00
3.031364357630750295e-02 3.031364357630750295e-02 5.878945317887529498e-02 3.031364357630761397e-02 5.878945317887529498e-02 3.031364357630750295e-02 5.878945317887529498e-02 3.031364357630783601e-02 5.878945317887529498e-02 3.031364357630783601e-02 9.412105468211247050e-01 9.696863564236921640e-01 9.412105468211245940e-01 3.031364357630800255e-02 5.878945317887557254e-02 3.031364357630816908e-02 5.878945317887568356e-02 3.031364357630816908e-02 5.878945317887562805e-02 3.031364357630828010e-02 5.878945317887573907e-02 3.031364357630828010e-02 3.031364357630828010e-02
9.016346070562414328e-02 9.016346070562414328e-02 1.585382200807893827e-01 9.097027589587930452e-02 1.593362780158198433e-01 9.097027589587941554e-02 1.593362780158198988e-01 9.097027589587930452e-02 1.840668533936072881e-01 1.159722250059767590e-01 8.156617728740824802e-01 9.090297241041205289e-01 8.156617728740827022e-01 1.159722250059768700e-01 1.840668533936076212e-01 9.097027589587947105e-02 1.593362780158203984e-01 9.097027589587958207e-02 1.593362780158203429e-01 9.097027589587947105e-02 1.585382200807892161e-01 9.016346070562425430e-02 9.016346070562425430e-02
1.245234474241548872e-01 1.245234474241548872e-01 1.818549300192319196e-01 1.329254580285575416e-01 1.899369862875520676e-01 1.329471399284436472e-01 1.907064678505292488e-01 1.336190313930020190e-01 2.892352469596017883e-01 2.354060210296644029e-01 7.079199308290180515e-01 8.658465046508361240e-01 7.079199308292387638e-01 2.354060210273328790e-01 2.892352469552628147e-01 1.336190313909483285e-01 1.907064678568019533e-01 1.329471399334155035e-01 1.899369862964087607e-01 1.329254580350981985e-01 1.818549300292063298e-01 1.245234474305131900e-01 1.245234474305131900e-01
1.167596924021698790e-01 1.167596924021698790e-01 1.292897242817138692e-01 1.455592210514552454e-01 1.550551963248179566e-01 1.460616457827588199e-01 1.628975827010766819e-01 1.524904767758297197e-01 3.510597986357224531e-01 3.556165146066226912e-01 6.361349902043793580e-01 8.429299927933370240e-01 6.361349901838957432e-01 3.556165146026883939e-01 3.510597986163770390e-01 1.524904767640510306e-01 1.628975827151187272e-01 1.460616457830941628e-01 1.550551963269154454e-01 1.455592210614890525e-01 1.292897243021850495e-01 1.167596924214731602e-01 1.167596924214731602e-01
9.550882619690415076e-02 9.550882619690415076e-02 8.814599773479725453e-02 1.478252899624081795e-01 1.283698949169948533e-01 1.515099533099968920e-01 1.617142003207695522e-01 1.782081524240203829e-01 4.020077148119239885e-01 4.573859587876514254e-01 5.609873027881044916e-01 8.065548385376901663e-01 5.609873028354833702e-01 4.573859586936653288e-01 4.020077147399449546e-01 1.782081524052044341e-01 1.617142003055266897e-01 1.515099533212676541e-01 1.283698949303171410e-01 1.478252899837806389e-01 8.814599772797038213e-02 9.550882622188350268e-02 9.550882622188350268e-02
9.011893118277258807e-02 9.011893118277258807e-02 9.280662027069230824e-02 1.481412862561338750e-01 1.268862165194188374e-01 1.626078012990018751e-01 2.109637210726340584e-01 2.317314892286265748e-01 4.530812673968167004e-01 5.443224321426338719e-01 4.662524451635075007e-01 7.409643634976543769e-01 4.662524452071510339e-01 5.443224320111085257e-01 4.530812673178584715e-01 2.317314891666698573e-01 2.109637210416510089e-01 1.626078012865315170e-01 1.268862165007996756e-01 1.481412862497946681e-01 9.280662024468605553e-02 9.011893121509129134e-02 9.011893121509129134e-02
1.011547149569694826e-01 1.011547149569694826e-01 1.020067203912528586e-01 1.417647462730181607e-01 1.217101399650332150e-01 1.784958117283257928e-01 2.666515460092705458e-01 3.072958609829187226e-01 4.747434634391465846e-01 6.201465422346799095e-01 3.809434121296277898e-01 6.656969985783939281e-01 3.809434121075165880e-01 6.201465421517551313e-01 4.747434634197628678e-01 3.072958609109184280e-01 2.666515459859959414e-01 1.784958117045924442e-01 1.217101399422422237e-01 1.417647462730929342e-01 1.020067203700504854e-01 1.011547149810331225e-01 1.011547149810331225e-01
1.137641600688226728e-01 1.137641600688226728e-01 9.139855208299085820e-02 1.351732636006164334e-01 1.203311284554840488e-01 2.022058409456782280e-01 3.055884353900144568e-01 3.897514294387845468e-01 4.469328549987744981e-01 6.709798077647168846e-01 3.301370004468149322e-01 6.075566835395568299e-01 3.301370004042626372e-01 6.709798076521816812e-01 4.469328549799852501e-01 3.897514293404317209e-01 3.055884353528932618e-01 2.022058409061509021e-01 1.203311284308388185e-01 1.351732636082552119e-01 9.139855204405067379e-02 1.137641600797902885e-01 1.137641600797902885e-01
1.202836828698410354e-01 1.202836828698410354e-01 8.859145668626822179e-02 1.451419130863622620e-01 1.524454924619158547e-01 2.425443076647984531e-01 3.398202630765578824e-01 4.697917040668704303e-01 3.866776266789182515e-01 6.808838398312055951e-01 3.060438773821682057e-01 5.796368338795142572e-01 3.060438773143040470e-01 6.808838397046020896e-01 3.866776266724335498e-01 4.697917039349106538e-01 3.398202630145709113e-01 2.425443076076096993e-01 1.524454924254288191e-01 1.451419130804141866e-01 8.859145663454143227e-02 1.202836828646008382e-01 1.202836828646008382e-01
1.225820668471735431e-01 1.225820668471735431e-01 1.159176282077248321e-01 1.759084108946353808e-01 2.074998114439449703e-01 3.024852227211433098e-01 3.658176554247706269e-01 5.417835640711592404e-01 3.219216064707557390e-01 6.546600940586522199e-01 2.911572435940489867e-01 5.829259158147515052e-01 2.911572435358741329e-01 6.546600939609019676e-01 3.219216064708682046e-01 5.417835639704110529e-01 3.658176553865761793e-01 3.024852226659670018e-01 2.074998114132468596e-01 1.759084108781718836e-01 1.159176281672651410e-01 1.225820668584335915e-01 1.225820668584335915e-01
1.241147808301773514e-01 1.241147808301773514e-01 1.583473620872002940e-01 2.171577855038876459e-01 2.531919614605755986e-01 3.757933771937039258e-01 3.621683418657775100e-01 5.969194215958554262e-01 2.664403798335431839e-01 6.148139430640202630e-01 2.803553482944626252e-01 6.076476595642700262e-01 2.803553482706692690e-01 6.148139429873249462e-01 2.664403798552019698e-01 5.969194214766788686e-01 3.621683418281946287e-01 3.757933771407653278e-01 2.531919614735277935e-01 2.171577854380239425e-01 1.583473620331702914e-01 1.241147808469701963e-01 1.241147808469701963e-01
1.285149382274037300e-01 1.285149382274037300e-01 1.972130856875899951e-01 2.619925583387227030e-01 2.880179548124875977e-01 4.506872822624244379e-01 3.274527887219154110e-01 6.250991737528039938e-01 2.265189521174624798e-01 5.827022974699598290e-01 2.730583728916206043e-01 6.332696560439682321e-01 2.730583728306646973e-01 5.827022973188946686e-01 2.265189523150314965e-01 6.250991736203719285e-01 3.274527887377400859e-01 4.506872821899314818e-01 2.880179548271328827e-01 2.619925583088202337e-01 1.972130855768624014e-01 1.285149382944381635e-01 1.285149382944381635e-01
1.412432703177601834e-01 1.412432703177601834e-01 2.346286103188573446e-01 3.118274103589699919e-01 3.238319876591954083e-01 5.143440265531007416e-01 2.806920423470927739e-01 6.239524536759266660e-01 2.096191605664375901e-01 5.690147676591876813e-01 2.631940111109733471e-01 6.412728835650216563e-01 2.631940106216133501e-01 5.690147674128408495e-01 2.096191612195041354e-01 6.239524535722393850e-01 2.806920423745420390e-01 5.143440263922214317e-01 3.238319876412056875e-01 3.118274102951302251e-01 2.346286103239155207e-01 1.412432703543406998e-01 1.412432703543406998e-01
1.663879562780575250e-01 1.663879562780575250e-01 2.749755300556529503e-01 3.673194081513617704e-01 3.447070523368334083e-01 5.588150704405520086e-01 2.361342373738979372e-01 6.033129050216952116e-01 2.151678815201610862e-01 5.745895329047727706e-01 2.459531563172425161e-01 6.294938895724557781e-01 2.459531551780843595e-01 5.745895327116450346e-01 2.151678825734659739e-01 6.033129047516671006e-01 2.361342372095772135e-01 5.588150702383393176e-01 3.447070522470608855e-01 3.673194079250459154e-01 2.749755301864639234e-01 1.663879563100034709e-01 1.663879563100034709e-01
2.029013122308123140e-01 2.029013122308123140e-01 3.096388270128639375e-01 4.254129595129559349e-01 3.283557280998853911e-01 5.831939548548292773e-01 2.027260892759100708e-01 5.790084547215766930e-01 2.283731539378283104e-01 5.913936025914132699e-01 2.254230502118211854e-01 6.090326585094465450e-01 2.254230488144803313e-01 5.913936026501425136e-01 2.283731556188422496e-01 5.790084543310944909e-01 2.027260883653310697e-01 5.831939544919353402e-01 3.283557282103435337e-01 4.254129592700828244e-01 3.096388271603051079e-01 2.029013121732219371e-01 2.029013121732219371e-01
2.466537444525210288e-01 2.466537444525210288e-01 3.284307899567063815e-01 4.819240772952967378e-01 2.860399222614444792e-01 5.902266858023081930e-01 1.910125246888350059e-01 5.628203485615403956e-01 2.326391744861034394e-01 6.059134370869896369e-01 2.096395357880346810e-01 5.910944186558685365e-01 2.096395344936396454e-01 6.059134373269065010e-01 2.326391763047889194e-01 5.628203483102792726e-01 1.910125231782995869e-01 5.902266855550385438e-01 2.860399226943660111e-01 4.819240771411366087e-01 3.284307901522042772e-01 2.466537444509639965e-01 2.466537444509639965e-01
2.950717210300770610e-01 2.950717210300770610e-01 3.303618082926104149e-01 5.313572259450103363e-01 2.459933040493452738e-01 5.843261718101837587e-01 1.996257293530244170e-01 5.583317733086586854e-01 2.246961306914453393e-01 6.088767094009133185e-01 2.014455860657947128e-01 5.811262363517638585e-01 2.014455845365834552e-01 6.088767092538269754e-01 2.246961316517957497e-01 5.583317733643274883e-01 1.996257278318629425e-01 5.843261715533873968e-01 2.459933047760449742e-01 5.313572258258856262e-01 3.303618084856684844e-01 2.950717210635126486e-01 2.950717210635126486e-01
3.476475590784552372e-01 3.476475590784552372e-01 3.189637445153556961e-01 5.674949905805706241e-01 2.166235536992249799e-01 5.720391913844667942e-01 2.110391224423395773e-01 5.632372057476342508e-01 2.135451868976094292e-01 6.017571996025145031e-01 1.968420023225648796e-01 5.797877931039405741e-01 1.968420006045880633e-01 6.017571976446434157e-01 2.135451870187773937e-01 5.632372063898249959e-01 2.110391220553178848e-01 5.720391907858636271e-01 2.166235543256145313e-01 5.674949906083015527e-01 3.189637446395933162e-01 3.476475591163921131e-01 3.476475591163921131e-01
4.020767663604279951e-01 4.020767663604279951e-01 2.964646763939563501e-01 5.865402644720353331e-01 1.932930424836074579e-01 5.606478452326401074e-01 2.147103583085425149e-01 5.727302201824480132e-01 2.067515407151962470e-01 5.918274538883965263e-01 1.910675647148954437e-01 5.831198273489428541e-01 1.910675642787946771e-01 5.918274487005243945e-01 2.067515413445877859e-01 5.727302212810188031e-01 2.147103595002699539e-01 5.606478442127501571e-01 1.932930424472268927e-01 5.865402648782533923e-01 2.964646766134400035e-01 4.020767664108205186e-01 4.020767664108205186e-01
