5.208613579776866231e-06 -2.406896250417567273e-06 -6.476166636293356760e-08 8.460560045442377941e-06 9.996089720451457605e-01 9.997927717387151691e-01 9.996928426195836881e-01 2.610252120283096389e-06 -5.693945636764397022e-06 -8.509325896799424527e-06 -2.010652961237369141e-06
4.998042676601378020e-01 4.997427517156402543e-01 4.999514838682267426e-01 4.997646002595073078e-01 4.998936211177951727e-01 4.998586067927398569e-01 4.999055498435390210e-01 4.997241402035973445e-01 4.999253760586213624e-01 4.998142440617778792e-01 5.000869931315337080e-01
4.998025838564359447e-01 4.997533006218494722e-01 4.999574430545999371e-01 4.997679146417208229e-01 4.998951621917643307e-01 4.998651369852641912e-01 4.999053361493441816e-01 4.997287003370284308e-01 4.999178537842726144e-01 4.998064738498618764e-01 4.998262866689076600e-01
4.998074452113074884e-01 4.997556730896001165e-01 4.999428630780147209e-01 4.997627319073355556e-01 4.999085046796858389e-01 4.998599945411371093e-01 4.999092631536425357e-01 4.997291899205796861e-01 4.999264435439713661e-01 4.998013196046660611e-01 5.001022922657809566e-01
4.998097832741068558e-01 4.997522282623616530e-01 4.999561961614789052e-01 4.997707463271376382e-01 4.998864652360001659e-01 4.998607346514331029e-01 4.999016675298879053e-01 4.997286164817085763e-01 4.999160569250065134e-01 4.998098706990275475e-01 4.998227917108044593e-01
4.998153057003755229e-01 4.997518346935442834e-01 4.999604829490224001e-01 4.997658745866539465e-01 4.998966528465315085e-01 4.998546669640336892e-01 4.999035392059064109e-01 4.997202203375515905e-01 4.999185632457972539e-01 4.998096306834264313e-01 4.998288171999114571e-01
4.998114141091101192e-01 4.997775174515173280e-01 4.999527762396722697e-01 4.997765572432964487e-01 4.998969025249589415e-01 4.998575278774896602e-01 4.999070580324645463e-01 4.997189496730678471e-01 4.999251601180911275e-01 4.998082401857230628e-01 5.001112279609130074e-01
4.998080411044752425e-01 4.997499350697571230e-01 4.999591166998919034e-01 4.997677443225878036e-01 4.999107681097899047e-01 4.998676032171427974e-01 4.999110585011132812e-01 4.997195416299019533e-01 4.999198316153541377e-01 4.998079148182954512e-01 4.998223503861533579e-01
4.998092460252692715e-01 4.997575737493206716e-01 4.999542422663548757e-01 4.997723326874347061e-01 4.998926514644435604e-01 4.998689913429638088e-01 4.999039824092932349e-01 4.997305032803252556e-01 4.999171508337995617e-01 4.998177927612171279e-01 5.001083286346263979e-01
4.998156207006944629e-01 4.997616025440797527e-01 4.999473325815402824e-01 4.997702073390121735e-01 4.999012959708094006e-01 4.998550857536856462e-01 4.999027173393928436e-01 4.997302944256091783e-01 4.999247089975125680e-01 4.998094146732564025e-01 5.001067807985610791e-01
4.998180907175302501e-01 4.997505241771265094e-01 4.999568516479317437e-01 4.997695237026876236e-01 4.998947214143479312e-01 4.998638660647787280e-01 4.999042476660227607e-01 4.997273462000052513e-01 4.999260698518249724e-01 4.998009264358681536e-01 4.998263118473582067e-01
4.998138623682668036e-01 4.997425207421656856e-01 4.999473836223417011e-01 4.997681795691212847e-01 4.998942312572323687e-01 4.998545503233202680e-01 4.999018031674020701e-01 4.997236069261554725e-01 4.999200379156323315e-01 4.998153016711127106e-01 5.000997291593196614e-01
4.998069761635656194e-01 4.997609238280867339e-01 4.999585391833941128e-01 4.997677391985222983e-01 4.999028611130817978e-01 4.998488642951434691e-01 4.999097621508109546e-01 4.997243138226591386e-01 4.999182993908549144e-01 4.998101018336116308e-01 5.001067809827015598e-01
4.998167227581316041e-01 4.997631005762365186e-01 4.999496232654868644e-01 4.997742975146701738e-01 4.998996379424731629e-01 4.998567699271067033e-01 4.998920931576709692e-01 4.997322788957941353e-01 4.999080168211721964e-01 4.998125943995359588e-01 4.998410164899049213e-01
4.998138424173219629e-01 4.997650790621670502e-01 4.999578195453716067e-01 4.997691013293937279e-01 4.998929267014984856e-01 4.998484381339429738e-01 4.999076981753347582e-01 4.997286175344655690e-01 4.999162402409921269e-01 4.998136777392515051e-01 5.001021422244191772e-01
4.998172007112839932e-01 4.997624373805314990e-01 4.999504166175559594e-01 4.997631424183027748e-01 4.998948839390436882e-01 4.998589716849600184e-01 4.999025122693135370e-01 4.997317229292385088e-01 4.999162492152735560e-01 4.998161356901548724e-01 4.998315015169707554e-01
4.998193354529940069e-01 4.997565323468892706e-01 4.999524339812030926e-01 4.997631911431618668e-01 4.999006921776700252e-01 4.998699023039568368e-01 4.999070789264771220e-01 4.997186292523423945e-01 4.999211641781345361e-01 4.998067447867077795e-01 5.001040708992295913e-01
4.998270525932169694e-01 4.997641818040407524e-01 4.999589341757618710e-01 4.997665028964708989e-01 4.998993695506376289e-01 4.998535539542770523e-01 4.999143352414942565e-01 4.997257533375111804e-01 4.999207859575972024e-01 4.998089571561253885e-01 4.998305480793738265e-01
4.998304180924380002e-01 4.997528355428692004e-01 4.999547070543994831e-01 4.997675402273739076e-01 4.999023568488704661e-01 4.998560329411529390e-01 4.999034041166748876e-01 4.997334782318225144e-01 4.999273519952251998e-01 4.998038456159129561e-01 5.001028891725882719e-01
4.998169484618508740e-01 4.997588695766551625e-01 4.999534961552928314e-01 4.997655169154383015e-01 4.998937308615879482e-01 4.998601277728316195e-01 4.998948899187356520e-01 4.997260081669436249e-01 4.999223620513853494e-01 4.998190493654885436e-01 5.001055526863807943e-01
4.998272874523920772e-01 4.997543807779615821e-01 4.999604174558748282e-01 4.997651971719276331e-01 4.998957092117458645e-01 4.998618350686766520e-01 4.999051712526028646e-01 4.997229836893494759e-01 4.999155491526857120e-01 4.997947983322738041e-01 4.998330687328844113e-01
4.998328746667284883e-01 4.997556269286063113e-01 4.999626959640247614e-01 4.997686674896842374e-01 4.999072277468483705e-01 4.998620966430211698e-01 4.999100311562736931e-01 4.997253851532541535e-01 4.999163935896347444e-01 4.998073042109265063e-01 5.000994186944559550e-01
4.998272139700952743e-01 4.997453615432622676e-01 4.999438871725457312e-01 4.997687327252562928e-01 4.998923086417197958e-01 4.998589405761115212e-01 4.999043621885697064e-01 4.997243185120539555e-01 4.999142216360987212e-01 4.998040691355410403e-01 5.001043086722712916e-01
4.998307596196135405e-01 4.997470530672592504e-01 4.999601896357391273e-01 4.997656742761164561e-01 4.999076589528179126e-01 4.998510637403895673e-01 4.999038658992300266e-01 4.997287212335720930e-01 4.999104111778267523e-01 4.998158968354366460e-01 5.001023426251318682e-01
4.998168032445054476e-01 4.997567137698731288e-01 4.999570514659190668e-01 4.997731919470436712e-01 4.998940444971105568e-01 4.998613986421531763e-01 4.999017467338744969e-01 4.997270499419094736e-01 4.999170213273009811e-01 4.998139639145821600e-01 4.998269256875206290e-01
4.998295975408111880e-01 4.997615862307895340e-01 4.999575302614481243e-01 4.997612036690725623e-01 4.999010297523929780e-01 4.998533434209786463e-01 4.999060744782826138e-01 4.997302147869173705e-01 4.999154520856113892e-01 4.998202690454011110e-01 4.998323186489342929e-01
4.998290583805531928e-01 4.997572864839865958e-01 4.999520667058686141e-01 4.997647927644224830e-01 4.998814658256876542e-01 4.998618795808111859e-01 4.998960915580674125e-01 4.997236074942685846e-01 4.999232114417329065e-01 4.998093764800500272e-01 4.998328968801926675e-01
4.998270729298928683e-01 4.997536213321594478e-01 4.999504467740276681e-01 4.997670157409246916e-01 4.999056518196811627e-01 4.998682598189302384e-01 4.999055298454574969e-01 4.997307587051601496e-01 4.999219560823269792e-01 4.998029123496391390e-01 4.998316653237748763e-01
4.998380804550288659e-01 4.997556168252471620e-01 4.999550264536932187e-01 4.997729660496896265e-01 4.998978179647744491e-01 4.998529899460259496e-01 4.999079145639746535e-01 4.997352097932908355e-01 4.999254122897032193e-01 4.998085977461789731e-01 5.000947333776120107e-01
4.998328731694681171e-01 4.997524793627594608e-01 4.999600158775089898e-01 4.997698867777263243e-01 4.998836750119051708e-01 4.998586738042551936e-01 4.999053657358691338e-01 4.997257891700775945e-01 4.999091489149723455e-01 4.998034098226870059e-01 5.001057423400515622e-01
4.998354724374041158e-01 4.997622034750183739e-01 4.999565296421210614e-01 4.997721101270827804e-01 4.998973503409122610e-01 4.998627710013351377e-01 4.999052101953469496e-01 4.997287283113758249e-01 4.999107790148477615e-01 4.998071816693297476e-01 4.998291241292763254e-01
4.998297375005826271e-01 4.997651007423588587e-01 4.999616537723536869e-01 4.997765121290197454e-01 4.999003441922546531e-01 4.998563637044827201e-01 4.999070781992560608e-01 4.997223732102153981e-01 4.999169811808464869e-01 4.998031524688012484e-01 5.001105505240061033e-01
4.998232165880707734e-01 4.997538714138321514e-01 4.999585127708363608e-01 4.997679057657323787e-01 4.999059773039712384e-01 4.998584696866135157e-01 4.999106875084150525e-01 4.997355265985186645e-01 4.999146482520456236e-01 4.998078753499096694e-01 5.001079019582560514e-01
4.998366960310938745e-01 4.997508061942711466e-01 4.999626897878047260e-01 4.997685849261178093e-01 4.999013021485019803e-01 4.998629624557004991e-01 4.999001993602006921e-01 4.997266938310985784e-01 4.999195586835553651e-01 4.998015663977814493e-01 4.998274020903843984e-01
