-6.465332930027933855e-06 1.565847854989588228e-06 5.866787867181422200e-07 8.668609997986020943e-06 -1.865685733792865619e-06 -6.647754995814381118e-06 9.999955999088105951e-01 9.999955618872709007e-01 1.000002422652403578e+00 -7.722777796037583187e-06 1.154396746527730500e-06 -3.975139545087102988e-06 1.982578029857684498e-06 3.919945384844858438e-06 3.418160665846770030e-06
2.120163479761127956e-03 2.119496981451030049e-03 4.222367621412093097e-03 2.121708039265757240e-03 4.229055799657321923e-03 2.122652025656701635e-03 9.957712895777126594e-01 9.978897112611709863e-01 9.957676934718573403e-01 2.115090854131029818e-03 4.230977902777321997e-03 2.112604590266575766e-03 4.220930359097152529e-03 2.120458560036564410e-03 2.118937392876163450e-03
5.405680113183763957e-03 5.404678202789225949e-03 1.072512696486038752e-02 5.414663062450919551e-03 1.345836601858585446e-02 8.165833588065329884e-03 9.865101694009252853e-01 9.945763625836792077e-01 9.865158479182385420e-01 8.163068359276381969e-03 1.347007709772407580e-02 5.414798323585268136e-03 1.072826094075818304e-02 5.412488606691412407e-03 5.412780213622403469e-03
6.169898884886282353e-03 6.172510488635374326e-03 1.209660788896871342e-02 6.223704008079811167e-03 2.328560612973412658e-02 1.748666980217289391e-02 9.765854127737818580e-01 9.937877209064829298e-01 9.765810370525151995e-01 1.748679071508885130e-02 2.328564146299760829e-02 6.222570864655885270e-03 1.210125854111854249e-02 6.160108527863472627e-03 6.170109671166379428e-03
1.991372839738159151e-03 1.996692798528265644e-03 3.871117210394792174e-03 2.236322612803431920e-03 2.972187075788307320e-02 2.826315780715926707e-02 9.699552605622138168e-01 9.977381881968303556e-01 9.699550642045087212e-01 2.825156483498009186e-02 2.972789087886185122e-02 2.233706136964441757e-03 3.875900067172144414e-03 1.981566164899972726e-03 1.987732593285385096e-03
2.673909906057425623e-04 2.574274791216635272e-04 5.911656384969821154e-04 7.566257787394725653e-04 3.956641636080376889e-02 3.978966600964572997e-02 9.601917380275910574e-01 9.990444810409069287e-01 9.601923132693385154e-01 3.977747334460424167e-02 3.957479823436171884e-02 7.688239207878089232e-04 5.905283658499405064e-04 2.560491993488511753e-04 2.551882311999098540e-04
4.116938711030693199e-03 4.111454364353339663e-03 8.142673300588265661e-03 4.776079825284385016e-03 5.424824576316805702e-02 5.042726861637825131e-02 9.461707023214848133e-01 9.944506669089201445e-01 9.461779613772387520e-01 5.041625940210736623e-02 5.423063975619069055e-02 4.780051602986612469e-03 8.141047904462572760e-03 4.127406552322188116e-03 4.122019501565321598e-03
7.602720500089144018e-03 7.610744165850891196e-03 1.490439993984482570e-02 8.136861311922594098e-03 6.433668903712375098e-02 5.723763518147956253e-02 9.360415458557349577e-01 9.899965141228176391e-01 9.360341403536251992e-01 5.724248079780558385e-02 6.434123428618349072e-02 8.138646116383041473e-03 1.490397001549048639e-02 7.613851758661971392e-03 7.606840966974670604e-03
7.776451297569986210e-03 7.786427638152015884e-03 1.491140239398158762e-02 8.154311617309950577e-03 6.812272359632576268e-02 6.134003037078999965e-02 9.315763053038659258e-01 9.883610371700416453e-01 9.315691388599851575e-01 6.133761859663916516e-02 6.812977574256784408e-02 8.161092845623274528e-03 1.491413009479636287e-02 7.783629012123927104e-03 7.788088902635104116e-03
2.262237595641036769e-03 2.257720576977817473e-03 4.381280080598903837e-03 2.846623479093091102e-03 6.128880169428740921e-02 6.018677021209561939e-02 9.376834708996222290e-01 9.924659354458646998e-01 9.376810461771252214e-01 6.019730318994559459e-02 6.128763822614441414e-02 2.850491535299537471e-03 4.374815027259337796e-03 2.266734917979740249e-03 2.261838861640053100e-03
5.186003472015809912e-04 5.096553690948080195e-04 1.227480961828508743e-03 1.479259140890698543e-03 5.599607846542287160e-02 5.639440905737241883e-02 9.435729091711848593e-01 9.923165324872251780e-01 9.435755841637434305e-01 5.638595255271605655e-02 5.600869564506288922e-02 1.481077038673450641e-03 1.231665450394381356e-03 5.240728591430210415e-04 5.141009624755055185e-04
5.113790578068322379e-03 5.116213446702044809e-03 1.043136359625146392e-02 6.132122184005162069e-03 5.405872179111298470e-02 4.945517306738134167e-02 9.467632884456738118e-01 9.856481522313140786e-01 9.467614746516481716e-01 4.945239462791695129e-02 5.405504834032198724e-02 6.141985519644732605e-03 1.042466711717715544e-02 5.121415455956568330e-03 5.111885469005317262e-03
8.924500608153029813e-03 8.923092625704009961e-03 1.769557262883830751e-02 9.279148928435176913e-03 4.694640496609520097e-02 3.853746120918261076e-02 9.533300483922717561e-01 9.808965665795839062e-01 9.533445058632361579e-01 3.855077151012986647e-02 4.693892820773870600e-02 9.280226920609757624e-03 1.768801129080704859e-02 8.925080482471814403e-03 8.922792642208354774e-03
8.209804677634768844e-03 8.201346245706342408e-03 1.576465742627514155e-02 7.868274908258976463e-03 3.512684685936839912e-02 2.774233870617870412e-02 9.637488402145868438e-01 9.798626705924946556e-01 9.637407612840345195e-01 2.773448774504611025e-02 3.512846001928704442e-02 7.862688569210518619e-03 1.576372792659569422e-02 8.211252476937658251e-03 8.213322338245621079e-03
2.434921589273886244e-03 2.434481322167281192e-03 4.374847193147290980e-03 2.102537796164427597e-03 1.993422251924537036e-02 1.816721787727904047e-02 9.786511028182475203e-01 9.841207178861450799e-01 9.786498563261676331e-01 1.817090128164683405e-02 1.991803740870168316e-02 2.104942633656736728e-03 4.362616266514962593e-03 2.429337968868738873e-03 2.433476175490112414e-03
3.787282206120234918e-04 3.806483341354249816e-04 1.060220689157675977e-03 7.497280706183495624e-04 1.114847913158417692e-02 1.072246710883317800e-02 9.892612761868283533e-01 9.869834899623105562e-01 9.892561165879792950e-01 1.071937718371768211e-02 1.114215277737218290e-02 7.496060221514611044e-04 1.063150004057322739e-03 3.696030617069134827e-04 3.797110889649513155e-04
6.025508720571393084e-03 6.026196474815170845e-03 1.273845220512409560e-02 6.755327278819556192e-03 1.394623287337581896e-02 7.535019245061058690e-03 9.874874590737803270e-01 9.808440075792496105e-01 9.874902119457866778e-01 7.532554034775928997e-03 1.394169735137462673e-02 6.757388539421482765e-03 1.275516622713740444e-02 6.026581535842456816e-03 6.024363610229288568e-03
1.232987313307642996e-02 1.234097543307605127e-02 2.474909297060728930e-02 1.251504255733754123e-02 2.011716035159827332e-02 8.027972910814140661e-03 9.799347403030136405e-01 9.738309177371413661e-01 9.799318146359609072e-01 8.019283989482595132e-03 2.011864478771641096e-02 1.251610066957281608e-02 2.474238331368555643e-02 1.233925602020280454e-02 1.234194245849046245e-02
8.000651680355574946e-03 7.997329788931417660e-03 1.524546448932539988e-02 7.502211636545463858e-03 1.855570516486304555e-02 1.153784073794084097e-02 9.797292985070816806e-01 9.794044547974716242e-01 9.797247280631942168e-01 1.154030306323511335e-02 1.856018302500567208e-02 7.511902488545441070e-03 1.524204999046135933e-02 8.002982819566850647e-03 8.007599100175177842e-03
1.958065877794679110e-03 1.957929464521168672e-03 3.134087217275094428e-03 1.685578895116501830e-03 2.143268394771796759e-02 2.031463213114842459e-02 9.771952403988677371e-01 9.846449588550277854e-01 9.771902713778297667e-01 2.031149736985210508e-02 2.142620300607950279e-02 1.688874010177532359e-03 3.133935608732707490e-03 1.952415603605872629e-03 1.948748124964427841e-03
1.227866084464845908e-03 1.217036358830581033e-03 2.256331324387905735e-03 1.933983213562529002e-03 3.391993037897411689e-02 3.255780694018300947e-02 9.672150557215841715e-01 9.837332538345248123e-01 9.672105818080898310e-01 3.255315161619115605e-02 3.392764378476659237e-02 1.937282448518207190e-03 2.262240504096901805e-03 1.227104273436807613e-03 1.220699981579476123e-03
7.208978985544234330e-03 7.210405910395567552e-03 1.442909017853066800e-02 8.159834839414736862e-03 5.187192529093154203e-02 4.436854002542583997e-02 9.501466627277788124e-01 9.771601598454897619e-01 9.501421370633682528e-01 4.436487292893082079e-02 5.186436163493357565e-02 8.164827059864876446e-03 1.442622498804080333e-02 7.211737818600572059e-03 7.215605299630833969e-03
1.262494876782660480e-02 1.262372204995110270e-02 2.420540428451473103e-02 1.287791358864720515e-02 6.854195904485810287e-02 5.677960908346130209e-02 9.319395543902529999e-01 9.679708662596047120e-01 9.319417838291994549e-01 5.678210008678313825e-02 6.853660164426744750e-02 1.287564773174593169e-02 2.421924857356677618e-02 1.262662288639948560e-02 1.261835850376435975e-02
1.001841967859662397e-02 1.001623268715268189e-02 1.805254030318409475e-02 9.672847806407924853e-03 7.480453614878895818e-02 6.703812906961675866e-02 9.229469453033070092e-01 9.655766908153923245e-01 9.229582189020348881e-01 6.703954045754423330e-02 7.478919101460262953e-02 9.679658144397196295e-03 1.804693325493267331e-02 1.001105275976393871e-02 1.000819601562841221e-02
2.081625199829184591e-03 2.082204144017996139e-03 3.291006219042713621e-03 2.649586759729649632e-03 7.286216294594760612e-02 7.263428625011519868e-02 9.251068107775390903e-01 9.706130321037227393e-01 9.251244620223052495e-01 7.263893541652211017e-02 7.286551179302414027e-02 2.650812906255461954e-03 3.293305453717199072e-03 2.075083708975855590e-03 2.082574795219338526e-03
1.807148452460549670e-03 1.795436723295351644e-03 3.895859949729962857e-03 3.650966176769188110e-03 7.838287572228819222e-02 7.723082703949707417e-02 9.225657779182183660e-01 9.643652083902354288e-01 9.225657066343710966e-01 7.723145601697417595e-02 7.838957302906496283e-02 3.645230167132473831e-03 3.895811674490545773e-03 1.794343891604099905e-03 1.800836713238274100e-03
9.347421682302459178e-03 9.360443920160776976e-03 1.919033629579403044e-02 1.124152229975949879e-02 8.688188993737416821e-02 7.774344180028569529e-02 9.161076726189536501e-01 9.496260150365386510e-01 9.161053184450216325e-01 7.774500932740513459e-02 8.688459910674856124e-02 1.124871821414918927e-02 1.919345073721678840e-02 9.352271845642523562e-03 9.357176288650959073e-03
1.287021362735790708e-02 1.286660113326465460e-02 2.511952019190683005e-02 1.319110778701998443e-02 8.170337307081398937e-02 7.011651332504209577e-02 9.182192963962271248e-01 9.435088385309079451e-01 9.182203286453317626e-01 7.011411737848355363e-02 8.169959183361519273e-02 1.318685568834604416e-02 2.511095501060267576e-02 1.286064193354929941e-02 1.287104051422321982e-02
9.367529841549315783e-03 9.372083912642992232e-03 1.728819451854185507e-02 8.674872220671869805e-03 6.919349112012462832e-02 6.202932967069779702e-02 9.270865666892293966e-01 9.402969547256203597e-01 9.270815156165003179e-01 6.202806813043998391e-02 6.919915846387586500e-02 8.687897070328576277e-03 1.728237896497147874e-02 9.375153339884256809e-03 9.382124304852412777e-03
1.796816178566640332e-03 1.786584618991116091e-03 3.196730337561348723e-03 1.951893571534968341e-03 5.421707732475244956e-02 5.387104878347342973e-02 9.426376396670226310e-01 9.415733939579389311e-01 9.426244968112222899e-01 5.386360613497126471e-02 5.421141479688024178e-02 1.963703601931487963e-03 3.192367768458548305e-03 1.788491564983063498e-03 1.793180307005703966e-03
1.767963758321167145e-03 1.772558806078627924e-03 5.199897010332299452e-03 3.644861135367938321e-03 4.939351664783353524e-02 4.740564070474789782e-02 9.523219802585985994e-01 9.363544631164778531e-01 9.523240743101285544e-01 4.740619298710291307e-02 4.939799935780575524e-02 3.654966387238389736e-03 5.207943397063596880e-03 1.774963118277572693e-03 1.775792670697384779e-03
9.942035599418641567e-03 9.944226919478660331e-03 2.146029032325541541e-02 1.156775201335846770e-02 4.786645428507069200e-02 3.767493159871299069e-02 9.548862921195675479e-01 9.312062083040237859e-01 9.548888381512314893e-01 3.766228720566566768e-02 4.788298759319803422e-02 1.155478292885925296e-02 2.145473358504706995e-02 9.934144737470174125e-03 9.941929776218993986e-03
1.554870274380343309e-02 1.554287631714251772e-02 3.091756792594052561e-02 1.542430800148675285e-02 4.670568818671194666e-02 3.251283266312016140e-02 9.516624104994888533e-01 9.224281680488771729e-01 9.516635648463271924e-01 3.251650579023773746e-02 4.671368781381940449e-02 1.541346525892900443e-02 3.091653546081185588e-02 1.554108961511019293e-02 1.554167140302398220e-02
1.028442814077723533e-02 1.028694773045196742e-02 1.919921784544120769e-02 9.025512469266139259e-03 3.900166150516992669e-02 3.112186029861024883e-02 9.550434704993037149e-01 9.247134039305906494e-01 9.550444004638178885e-01 3.112783050118256289e-02 3.901017817438512392e-02 9.033852954271448521e-03 1.920548644627773083e-02 1.029806762499818618e-02 1.029029182064677972e-02
1.048699653962592571e-03 1.051179400221036175e-03 1.850369279632835262e-03 1.176258925470574646e-03 3.262473142321825614e-02 3.240587503724839946e-02 9.648946042557202674e-01 9.392872527308919750e-01 9.648934909892328271e-01 3.241623874940979810e-02 3.263439354827013528e-02 1.174982485474151961e-03 1.840498020194758499e-03 1.047727745128845811e-03 1.046890973896485999e-03
2.860907463538620021e-03 2.866297372602411020e-03 6.785129399173472908e-03 4.812482515064886446e-03 4.601992755719147565e-02 4.213739404098409969e-02 9.568598499003674318e-01 9.354517942555069521e-01 9.568537625519586420e-01 4.213166831739356688e-02 4.602589817140534389e-02 4.801288255490143708e-03 6.792072381245184420e-03 2.862033237401917507e-03 2.865219962030873813e-03
1.286475255029190246e-02 1.287009570478248044e-02 2.619259073521557069e-02 1.467693551355464532e-02 6.811631051773170409e-02 5.457167148152725078e-02 9.355909508061208690e-01 9.215714486041831632e-01 9.355823814964122631e-01 5.457366030578519878e-02 6.812588954102000161e-02 1.466501372175438300e-02 2.620301819444653679e-02 1.286106106735751542e-02 1.286374299160747414e-02
1.838215153520328382e-02 1.838619517821155069e-02 3.500429705103841327e-02 1.816390934437916993e-02 8.409504236214537798e-02 6.766501466243268759e-02 9.141629962271998755e-01 9.100200687844753888e-01 9.141593017929567910e-01 6.767267011316868697e-02 8.410361086050766044e-02 1.816720362794338461e-02 3.500322454990550947e-02 1.840415068607664795e-02 1.839236908678809623e-02
9.438536856908874562e-03 9.453909352956590961e-03 1.629233960507298073e-02 8.622548099329885307e-03 8.289407091196066002e-02 7.654759760270896107e-02 9.117808183468003591e-01 9.202687994682483552e-01 9.117809467974306026e-01 7.654645830191786349e-02 8.289065614349988564e-02 8.622152870203236841e-03 1.628014648750436555e-02 9.450204370831882805e-03 9.444975396772636866e-03
2.159782549524313922e-03 2.165304967884751353e-03 2.896187165086161475e-03 3.300045780443683352e-03 9.130452586910997592e-02 9.070735552112774158e-02 9.061431338273351344e-01 9.184537829919359186e-01 9.061355313501515685e-01 9.070325722758870723e-02 9.130178137919792158e-02 3.290275321853941559e-03 2.880468492220622512e-03 2.161235741369615937e-03 2.159112280473662882e-03
4.366175467481081540e-03 4.366133288655205114e-03 9.303715792856881439e-03 7.758050226537471783e-03 1.093910370651719477e-01 1.043574159673661406e-01 8.943785859350201761e-01 9.044800125118164225e-01 8.943863211010267822e-01 1.043671509597638436e-01 1.093839394594116610e-01 7.768846100261461718e-03 9.314833363335439653e-03 4.367673399650828792e-03 4.368155317758914968e-03
1.299241533892292466e-02 1.298063644424557461e-02 2.672156635587491502e-02 1.546290733628014058e-02 1.208390170646695405e-01 1.079426771953222453e-01 8.829644712924211714e-01 8.930186360817762292e-01 8.829603450600194137e-01 1.079311323024298441e-01 1.208443563591696801e-01 1.547190209057952570e-02 2.671871047323448600e-02 1.298539554460331757e-02 1.298761459238878535e-02
1.770307272264415310e-02 1.769740728378738082e-02 3.385970314740083253e-02 1.782816607082404747e-02 1.253211376535543486e-01 1.104110327232157851e-01 8.723771361854362194e-01 8.754372997183683669e-01 8.723838049162577768e-01 1.104094011179053147e-01 1.253121999300479961e-01 1.782631573463605568e-02 3.384873508366326167e-02 1.769284035353269058e-02 1.769909391303381430e-02
1.118405360632096501e-02 1.120083779539093882e-02 1.999889005057681191e-02 1.076094371118829773e-02 1.160423283736887745e-01 1.088670800246618331e-01 8.756632882829111786e-01 8.677787225902890977e-01 8.756523139221915608e-01 1.088715077694529243e-01 1.160566054733100927e-01 1.075620241015368128e-02 1.999278578634888781e-02 1.119271311579689288e-02 1.119353059361227753e-02
1.951133300212459787e-03 1.951630717030583551e-03 4.374072479737034502e-03 4.101925627000124752e-03 1.072520647839129704e-01 1.072192124154544568e-01 8.870446846883102143e-01 8.622175723972651529e-01 8.870358351072029635e-01 1.072171752427649172e-01 1.072537713338795884e-01 4.103339178984921620e-03 4.373591137805887819e-03 1.961536730681945340e-03 1.951115616458443114e-03
4.038859563765428984e-03 4.032390295307830552e-03 1.173288003640066135e-02 8.235725615731992466e-03 1.033223193567924247e-01 9.871571731975908870e-02 8.991690465310497871e-01 8.613098848746622016e-01 8.991790451608051571e-01 9.870810572200416910e-02 1.033300210530754826e-01 8.232810270460633184e-03 1.174676838019078629e-02 4.040204057574714458e-03 4.026838414557309953e-03
1.546736777726964718e-02 1.546332419616430753e-02 3.377829915851687792e-02 1.852372837084143020e-02 1.085985603874933814e-01 9.329062082236549980e-02 8.944326364153505349e-01 8.401085376322332543e-01 8.944396030475332271e-01 9.328903837317764625e-02 1.086060415386815303e-01 1.852000169284812037e-02 3.377852866136016319e-02 1.546972742081620389e-02 1.546859651436760519e-02
2.049958830979581315e-02 2.050086425849345639e-02 4.072917453763963413e-02 2.050123500011835631e-02 1.029692829117679898e-01 8.535404744261271270e-02 8.911048373678913670e-01 8.256558362562120834e-01 8.911058838975933760e-01 8.534923607458017036e-02 1.029655655183653318e-01 2.050542120598347617e-02 4.074245196740033936e-02 2.049850064015440454e-02 2.050097606642481418e-02
1.143470610233965346e-02 1.143906460166710382e-02 2.211381454966837579e-02 1.079824701891063388e-02 8.802242007159721826e-02 7.992983790000823818e-02 8.992778275114070574e-01 8.258205858481838524e-01 8.992784630791677003e-01 7.993658892543592520e-02 8.802049012053386745e-02 1.079173389215815071e-02 2.211089099983448714e-02 1.142588542636774340e-02 1.142645952772025630e-02
7.108649841919278956e-04 7.101701990518405339e-04 3.398945757265126044e-03 3.012939340262754673e-03 7.498920131273345557e-02 7.426179824323247969e-02 9.205629741362346685e-01 8.473188888947160713e-01 9.205654976741560747e-01 7.425748450164981751e-02 7.498143724818656652e-02 3.008301655833878208e-03 3.391903722974931590e-03 7.083593444531244288e-04 7.075544821271151363e-04
5.822288785039042569e-03 5.819811806060448678e-03 1.528752154805379515e-02 1.059838683580732743e-02 8.923692601672073010e-02 8.091421266668541445e-02 9.152071580762366487e-01 8.383960964880790012e-01 9.151960330089944362e-01 8.090760366550492355e-02 8.925057600424024518e-02 1.059549630856720936e-02 1.527865243568926612e-02 5.817573952122290226e-03 5.815622486439964156e-03
1.890929289046866524e-02 1.890394316707327826e-02 3.967581269363062990e-02 2.242253080061096249e-02 1.091398883329074421e-01 8.921964808255106183e-02 8.938272059941843040e-01 8.200030771364589244e-01 8.938310683815059443e-01 8.921252471825125152e-02 1.091474446468145842e-01 2.242025501674904664e-02 3.967630806569061308e-02 1.890868337635603913e-02 1.890516913532674925e-02
2.299022963732050284e-02 2.300337366686178164e-02 4.470110861947518277e-02 2.340555132631666480e-02 1.184894733360142838e-01 9.830494577790149791e-02 8.735186978764176713e-01 8.086225701291236412e-01 8.735127251247354341e-01 9.830913944017777295e-02 1.184908486605323885e-01 2.340818172813863285e-02 4.469853343782104194e-02 2.299659426627881365e-02 2.299380207941098542e-02
9.912718939236508930e-03 9.914790826810071511e-03 1.778890625123302760e-02 1.016696062223154673e-02 1.091119430691958048e-01 1.021652319213389726e-01 8.800029116618379721e-01 8.319324799873651921e-01 8.799935717248905664e-01 1.021626972562529323e-01 1.091140038280596913e-01 1.016025733088404825e-02 1.779263841045081174e-02 9.907901419037357105e-03 9.917365630585539549e-03
2.626730265148979893e-03 2.613926484521744698e-03 4.988076788129403027e-03 6.365439827993257804e-03 1.224402303614391951e-01 1.195280571967425320e-01 8.736475910762275809e-01 8.293403102669902882e-01 8.736370656654428579e-01 1.195315122062789448e-01 1.224506594767409973e-01 6.359533932991379146e-03 4.984430731729050379e-03 2.611524375172147305e-03 2.612976134671596284e-03
8.219840058122207527e-03 8.224157734693371413e-03 1.833541282206441192e-02 1.460493262389772617e-02 1.499348798735412602e-01 1.390314548007374196e-01 8.549510461900741154e-01 8.094636207452390320e-01 8.549469205710669151e-01 1.390470936544339065e-01 1.499481785486830310e-01 1.460951139623806183e-02 1.833052968926945914e-02 8.233508766821162617e-03 8.227439774548983564e-03
2.152444206179077169e-02 2.152720220907755611e-02 4.457712290631321572e-02 2.638337103376048320e-02 1.771968347883917660e-01 1.552789449224415974e-01 8.265490086722309115e-01 7.788601914731303477e-01 8.265449585543993560e-01 1.552785082785315685e-01 1.771953861797527785e-01 2.638849377906055116e-02 4.457303990879363242e-02 2.152335942132399538e-02 2.152762756394888122e-02
2.154151334666820627e-02 2.153313244383281422e-02 4.159151667918598028e-02 2.272839417123617700e-02 1.721298527517888255e-01 1.542893428921396359e-01 8.200839571194349364e-01 7.806483890603190812e-01 8.200912128996563633e-01 1.542914664979397332e-01 1.721230786403943336e-01 2.272880050453346401e-02 4.159863040770761522e-02 2.152898379707107734e-02 2.153762873172321290e-02
1.229493975590606469e-02 1.228936246292650081e-02 2.280422589559760738e-02 1.438278712831125850e-02 1.685448259514102376e-01 1.602146635420451104e-01 8.171876943323690412e-01 7.694844285863352562e-01 8.171925753599695863e-01 1.602255187704665906e-01 1.685513160367999586e-01 1.438037436120637169e-02 2.279889532648904371e-02 1.228864713150934485e-02 1.228383358067758335e-02
2.912145379424024849e-03 2.902876471525261959e-03 8.753107350667754805e-03 9.509248106422951707e-03 1.700095313383345741e-01 1.675138577824720199e-01 8.209629857305096312e-01 7.557040891700403940e-01 8.209593944678859057e-01 1.675143751088629673e-01 1.700092937443010710e-01 9.503874033820192135e-03 8.752884976165276054e-03 2.906389065861325616e-03 2.903776587778961193e-03
8.222730984088599815e-03 8.213555513672365915e-03 2.424394000015756001e-02 1.772600741182311923e-02 1.851833704205963493e-01 1.747475386698482125e-01 8.162392938257410080e-01 7.280807619563544053e-01 8.162448616360087339e-01 1.747525391712842491e-01 1.851855916790630663e-01 1.772189948885477540e-02 2.424003807501989849e-02 8.206845439684418153e-03 8.215697917880793177e-03
2.127142256037289902e-02 2.128911415694040299e-02 4.730129011178157983e-02 2.683012460040529179e-02 1.838337400198387650e-01 1.623891272370760475e-01 8.164081307730597370e-01 7.205816261467360428e-01 8.163978309962208746e-01 1.623955196004123747e-01 1.838173293382349138e-01 2.683216710434138674e-02 4.729331329580238608e-02 2.127456163349589202e-02 2.127695074349822413e-02
2.469872525935706831e-02 2.470179151221968405e-02 5.031021074572816776e-02 2.696934620519508830e-02 1.768717548989266475e-01 1.553553354805982667e-01 8.098695912471589597e-01 6.997901666753836292e-01 8.098705573312232620e-01 1.553555709288722553e-01 1.768774040899356859e-01 2.696008697387375364e-02 5.031745004776499997e-02 2.470385599270508159e-02 2.470477937742621144e-02
1.213144454937625794e-02 1.213861296851115323e-02 2.674436882562736262e-02 1.563858672240320269e-02 1.597560293756891125e-01 1.497439343208034068e-01 8.185238566585619768e-01 6.947267220383279707e-01 8.185158965209522464e-01 1.497309430843626887e-01 1.597498283672632580e-01 1.563698014947262349e-02 2.675431408891204565e-02 1.213738041998313477e-02 1.214178850269342913e-02
1.073520118108906019e-03 1.064975149374203234e-03 9.335003033046462839e-03 8.761074132645985113e-03 1.436099528126967284e-01 1.399524945062092240e-01 8.472112381683090110e-01 7.180668336985606137e-01 8.472044252671491193e-01 1.399556683614302521e-01 1.436063189025594267e-01 8.761136907649624828e-03 9.338125548507825169e-03 1.068376548797267400e-03 1.069519010427788519e-03
9.956425714885919209e-03 9.960493069548048695e-03 2.808248635674304161e-02 1.975598215081775244e-02 1.593520034562485033e-01 1.446442343256186813e-01 8.430388701302571342e-01 7.014214251684892654e-01 8.430306516451324672e-01 1.446348361078519384e-01 1.593439080837251720e-01 1.975582053824520568e-02 2.807944987626842526e-02 9.968094328056065212e-03 9.963259114255273996e-03
2.509876911137470801e-02 2.508699940092556924e-02 5.505536371897684633e-02 3.217220989938751607e-02 1.751662245777579896e-01 1.477183174059056303e-01 8.230828658963489364e-01 6.786527337187797659e-01 8.230753298273689733e-01 1.477302716286924000e-01 1.751664074105979130e-01 3.217095989718249394e-02 5.506368691602286924e-02 2.508665084256106459e-02 2.508872258631117402e-02
2.639903203008620025e-02 2.639251111151680318e-02 5.526722366911501760e-02 3.044382162319864138e-02 1.756565815882596970e-01 1.500106698705151453e-01 8.064978690062338806e-01 6.682292739202992937e-01 8.064841636430557514e-01 1.500102902295126217e-01 1.756513034107044513e-01 3.043820768533556098e-02 5.528496021077505818e-02 2.640919036354194560e-02 2.639564565808166785e-02
9.863452007263129317e-03 9.858127482668177510e-03 2.199540689140749850e-02 1.493366736452655941e-02 1.562133800695457153e-01 1.462064742937498885e-01 8.243349056357940352e-01 7.040678776084277057e-01 8.243380022360324855e-01 1.462231549295894828e-01 1.562211090484664222e-01 1.492916890528994678e-02 2.197836370173739118e-02 9.855039538423648882e-03 9.854880042730773670e-03
3.863355837691540007e-03 3.873164660966155193e-03 1.210193758164335165e-02 1.362308232200126756e-02 1.716046245321130037e-01 1.628785419471047713e-01 8.202736029628352465e-01 7.021804130759535800e-01 8.202789162382595478e-01 1.628785427920488305e-01 1.716106841815035478e-01 1.361677488345225395e-02 1.210652323458377699e-02 3.865735417845905797e-03 3.863854221628104657e-03
1.316889327439496604e-02 1.317606195846582340e-02 3.205201479165964429e-02 2.481412448509329183e-02 2.028652698518508823e-01 1.829205966234021541e-01 7.982077108780007979e-01 6.800997559525684411e-01 7.982063894937329041e-01 1.829183157460262388e-01 2.028614203543699368e-01 2.481550382436603641e-02 3.205638229873575273e-02 1.317394151770467925e-02 1.316455410004402360e-02
2.747955061586498937e-02 2.748348079913315312e-02 6.005924573354065599e-02 3.654717372954879862e-02 2.305897687532171281e-01 1.995533046867532523e-01 7.647419810741131752e-01 6.490086247019474230e-01 7.647294779537184839e-01 1.995566088259118076e-01 2.305923827692472616e-01 3.654220067267271999e-02 6.006611555507868072e-02 2.748328562615703907e-02 2.748020298362779945e-02
3.042772614068717241e-02 3.042632209690326883e-02 6.294175356849007752e-02 3.731891450150548462e-02 2.411810344039048148e-01 2.111995399515358418e-01 7.401262796372436448e-01 6.282728752872933642e-01 7.401221943058851060e-01 2.111928822689529417e-01 2.411821817311327609e-01 3.732347247110168187e-02 6.294286703735008093e-02 3.043225140896238523e-02 3.042708651965797539e-02
1.315556242557641697e-02 1.316582017920919778e-02 2.863433783890978468e-02 2.173012535034107851e-02 2.237188417274989516e-01 2.103276593402393924e-01 7.543575362249868022e-01 6.522965412949188746e-01 7.543664411472019715e-01 2.103237374733443188e-01 2.237239704257065198e-01 2.173147266669878119e-02 2.864076329221182382e-02 1.315717929835569233e-02 1.315984285540477972e-02
4.885245801485971207e-03 4.895208127389416575e-03 1.795981163831267269e-02 1.897339105075840360e-02 2.352307801355532080e-01 2.246718385804317708e-01 7.501280938643992702e-01 6.321853427692158967e-01 7.501293700306415069e-01 2.246597417826203258e-01 2.352358449325573919e-01 1.897755290686276020e-02 1.795868158184599217e-02 4.892684793674439980e-03 4.901949411846517890e-03
1.322901165884815544e-02 1.323342478224137642e-02 3.990689633764349376e-02 2.951558508312823736e-02 2.599151491504596567e-01 2.391846653439450021e-01 7.349862364377323098e-01 5.951095319468171496e-01 7.349944336343140483e-01 2.391882233695707405e-01 2.599086465462460138e-01 2.950413944983659720e-02 3.990507407500470949e-02 1.323037772406865376e-02 1.323670867020404485e-02
3.114421395069860710e-02 3.113905166659403090e-02 7.389994482574135937e-02 4.488282172259594471e-02 2.810540957009872720e-01 2.454556947828665514e-01 7.109616183771692022e-01 5.530762530784932851e-01 7.109720769922149852e-01 2.454631078926801657e-01 2.810543328371641891e-01 4.488043938397762167e-02 7.389611971543869062e-02 3.114516544223777661e-02 3.114637641085987729e-02
2.784494320085018071e-02 2.785309324800855357e-02 6.285417108819302268e-02 3.748907435346060524e-02 2.554044736956197492e-01 2.269744423284599799e-01 7.195844018607236992e-01 5.635375043838950493e-01 7.195831606456902785e-01 2.269647246819402886e-01 2.554163270049770729e-01 3.748558757328063207e-02 6.285254604406109724e-02 2.785362816349346016e-02 2.785298436956262780e-02
1.279077546185114489e-02 1.279364722471965088e-02 3.685981359937717805e-02 2.608839886554809029e-02 2.401037755475317614e-01 2.235204872720136793e-01 7.247262171265536068e-01 5.511673652343535013e-01 7.247290003610896703e-01 2.235206751027228322e-01 2.400852911396503808e-01 2.608424445570961536e-02 3.686009097620168706e-02 1.279205733239840992e-02 1.279654527603352188e-02
3.234489967575027158e-03 3.228160500089727325e-03 2.499882190041641250e-02 2.257397037789582450e-02 2.410241801340299861e-01 2.280914509700964765e-01 7.337088310514613410e-01 5.369781264331989767e-01 7.337099192311609119e-01 2.280878489427936029e-01 2.410299660381942655e-01 2.256838580978709485e-02 2.498974453084246150e-02 3.236057198596153928e-03 3.223733512071225160e-03
1.631706994503911989e-02 1.631926138406003535e-02 5.118457077428989477e-02 3.745187445081299416e-02 2.640654399545638298e-01 2.356407773379850523e-01 7.263797384463051010e-01 5.083197431342093564e-01 7.263774795320999678e-01 2.356441700414862450e-01 2.640635301996695494e-01 3.745126204654297686e-02 5.118253323091132012e-02 1.631752184017409846e-02 1.631498256467822650e-02
3.083469039415959179e-02 3.082959968196785638e-02 7.416925508665539457e-02 4.555502794577820369e-02 2.572396236920357904e-01 2.190082697217203833e-01 7.278759491864367215e-01 5.158331919199059534e-01 7.278704813437832932e-01 2.189975739256928011e-01 2.572431918545091123e-01 4.555763349409469587e-02 7.416506667568339983e-02 3.083633566231602785e-02 3.083321593911098057e-02
2.907903627180924433e-02 2.907896813661681179e-02 6.996498825255365039e-02 4.238027485922890580e-02 2.501924615479339531e-01 2.147861895881298944e-01 7.155312789607011226e-01 5.050685745432055285e-01 7.155341309797661475e-01 2.147871503801198623e-01 2.501997891862178802e-01 4.237052087698028879e-02 6.996014795493799010e-02 2.907956771826952780e-02 2.907432344722388207e-02
1.359773026497562709e-02 1.359604154741306248e-02 4.167998842191661391e-02 3.124197367736292197e-02 2.418045408171501376e-01 2.176614483483069740e-01 7.187909102914491477e-01 5.108857008606576544e-01 7.187971357096553104e-01 2.176573682139187338e-01 2.417979694970121551e-01 3.124393949278758686e-02 4.167363351928260462e-02 1.359795741596048213e-02 1.359818150246794310e-02
8.658852126637972546e-03 8.653282183315180731e-03 3.084374060723432676e-02 3.193752192636956089e-02 2.566909698453685440e-01 2.316978872872842987e-01 7.198395368232601843e-01 5.092675923681012629e-01 7.198343592425578974e-01 2.316981919206207441e-01 2.566783286287409593e-01 3.193121913064544959e-02 3.084655525712998170e-02 8.656741978173732033e-03 8.658532830826071169e-03
1.914409737686134649e-02 1.913331568017823114e-02 5.220519371001175468e-02 4.028260950040551958e-02 2.680921144176067750e-01 2.341244710600094980e-01 7.213249681983265882e-01 5.234000372159237635e-01 7.213183185083900106e-01 2.341135823966083440e-01 2.680891470690869305e-01 4.027674709886003290e-02 5.220466887665253797e-02 1.913791542273912683e-02 1.913744266922839943e-02
3.336239127810430860e-02 3.336423060833976217e-02 8.028851176100071374e-02 5.178088330455765664e-02 2.909319752670002091e-01 2.459997773816760547e-01 6.884646060651175015e-01 4.975143776991876043e-01 6.884613940600263771e-01 2.459920707328667189e-01 2.909298558649551225e-01 5.179569772855618925e-02 8.028271730907443615e-02 3.336258345956466531e-02 3.337033234248926172e-02
3.314008718985461677e-02 3.313353914718003557e-02 7.873555427605960499e-02 5.159117328873463748e-02 2.972035164951095654e-01 2.542729723115594309e-01 6.664245234443159083e-01 4.863353845579408419e-01 6.664194525379816270e-01 2.542659953277535689e-01 2.972064611846535476e-01 5.158321579189190098e-02 7.873675795546108969e-02 3.312670700002007251e-02 3.313212859995479098e-02
2.137821014088470140e-02 2.137799606043128131e-02 5.300913461938910887e-02 4.494697763175214966e-02 2.997280177240247978e-01 2.653386729945442779e-01 6.598000479241661331e-01 4.827337717775279646e-01 6.597937585327531274e-01 2.653450526225084039e-01 2.997334305937000565e-01 4.494872081762574245e-02 5.299881846193421620e-02 2.136314604578803955e-02 2.137467201165121899e-02
8.735347584323649439e-03 8.740305121311853220e-03 3.457555706398324213e-02 3.466246652503141013e-02 2.968307798650468010e-01 2.719394016126226443e-01 6.750073420133627655e-01 4.999958970514868928e-01 6.750105728870516852e-01 2.719509403303710382e-01 2.968263001714481764e-01 3.466107916682092949e-02 3.458162486459553930e-02 8.747520411160947251e-03 8.746307482390025534e-03
1.977973426566981274e-02 1.978056287397877977e-02 6.152075858936750796e-02 4.666276570821448200e-02 3.265076872706532130e-01 2.903887170366779569e-01 6.519545027329001208e-01 4.601856752583656784e-01 6.519588734783561268e-01 2.903880987531451963e-01 3.265037395714744939e-01 4.666663559210126877e-02 6.151511744143300930e-02 1.978903744391324881e-02 1.977492864425867136e-02
3.721909783005156180e-02 3.722002847452010599e-02 9.584514401070604039e-02 6.247280469200350295e-02 3.504158778259544582e-01 3.000088653175474462e-01 6.233590838359096553e-01 4.194199106539887034e-01 6.233432699228907969e-01 3.000204213282375854e-01 3.504226016855839787e-01 6.247482498728584854e-02 9.585504323772287005e-02 3.721545342266191492e-02 3.722471711823438500e-02
4.023762951224602036e-02 4.023089574996435713e-02 9.941506231575064634e-02 6.703766580959324983e-02 3.518596663906349287e-01 2.988223230414417397e-01 6.048152967959355975e-01 3.929059680306268287e-01 6.048197942090161039e-01 2.988164950672126396e-01 3.518617800272993423e-01 6.705125920953147745e-02 9.940384592093737259e-02 4.023959624153311543e-02 4.023573039129990647e-02
1.480891164293968165e-02 1.482159462862070454e-02 5.415314955508615524e-02 4.371419571347417987e-02 3.162949514507819027e-01 2.862837489603975438e-01 6.308841932873739955e-01 4.152945027591604665e-01 6.308899720628710073e-01 2.862871839467174273e-01 3.162915450064620604e-01 4.371633832362098460e-02 5.415330582831889839e-02 1.481010675940025445e-02 1.480944534197331519e-02
7.232118238602480709e-03 7.241879755607860680e-03 4.706982938292486596e-02 4.187159709947080310e-02 3.214369822282966971e-01 2.936146183675031329e-01 6.323787282397826948e-01 3.908745758741233312e-01 6.323782547700327328e-01 2.936141856386759175e-01 3.214391932086935744e-01 4.187832514463729616e-02 4.707434576558278128e-02 7.240984329931088315e-03 7.243539606865523339e-03
2.282453745143447899e-02 2.282563970359663408e-02 7.797799363452206922e-02 5.817918425077189815e-02 3.471930833212467649e-01 3.023418884774293769e-01 6.203449703977168550e-01 3.549207074456535160e-01 6.203534005440096699e-01 3.023385549377406445e-01 3.471993547355284870e-01 5.818441794484252583e-02 7.798611273422356716e-02 2.283802485011271477e-02 2.282896250392763005e-02
4.389230266006055592e-02 4.389995043839933775e-02 1.150961983049632043e-01 7.735151908787613051e-02 3.664648037830013916e-01 3.007986221246909952e-01 5.967474609149626685e-01 3.199740757370553856e-01 5.967490878445836922e-01 3.008058147833367890e-01 3.664613974292012522e-01 7.734666823111913114e-02 1.150963023695626419e-01 4.389466434318423094e-02 4.388870360500773948e-02
4.227042014541648740e-02 4.226576131892784138e-02 1.154411026310731003e-01 7.769431466742415804e-02 3.570546313056118803e-01 2.903588159439175476e-01 5.806554884863476262e-01 3.038639382122674260e-01 5.806575451409531352e-01 2.903469706268407835e-01 3.570539982584190475e-01 7.769270905171249408e-02 1.154420891726634091e-01 4.228202384450363560e-02 4.227982805605950967e-02
1.512521807596295398e-02 1.513404845962545986e-02 6.357690208672511778e-02 5.162087530515957479e-02 3.171758648205595388e-01 2.758567885806693099e-01 6.180751533506324558e-01 3.495753538689362339e-01 6.180813708908714510e-01 2.758619443990751874e-01 3.171781268267979681e-01 5.162798369670551502e-02 6.356996896764105509e-02 1.512067159991387078e-02 1.511667139352734779e-02
1.299153725199592158e-02 1.299273831562169912e-02 5.704311064393602360e-02 5.405827192743400955e-02 3.304523598916306870e-01 2.863527675963669639e-01 6.199285014288606899e-01 3.445729632114492569e-01 6.199365703676713579e-01 2.863483266301026786e-01 3.304511880789278711e-01 5.405645624063198929e-02 5.704797847833076307e-02 1.299996933167418822e-02 1.299436819330157533e-02
3.133236419494855873e-02 3.132948314344752294e-02 8.749019993716955490e-02 7.159811871191418264e-02 3.617165189702347683e-01 2.989479753061642930e-01 6.008486733363954668e-01 3.207460328232787372e-01 6.008423112915893816e-01 2.989542870749299919e-01 3.617036528610905188e-01 7.158861764894602908e-02 8.747476085531452616e-02 3.132981120002920061e-02 3.133601440761807355e-02
4.755020983819790992e-02 4.755492570665004193e-02 1.231873244995581596e-01 8.644509105876763133e-02 3.817908062989179285e-01 3.032141436507643784e-01 5.691656704670789990e-01 2.961256217287073778e-01 5.691549790540768594e-01 3.032071533033023347e-01 3.817822462402515327e-01 8.645617640485614430e-02 1.231854081751744268e-01 4.755310139376722756e-02 4.756311681934022317e-02
3.590472877370082250e-02 3.589001293187038533e-02 1.022623621427047880e-01 7.315691330600848641e-02 3.551683501780057428e-01 2.914007123380545350e-01 5.829218496515468084e-01 3.388842122341393370e-01 5.829334791772686764e-01 2.913830587465638944e-01 3.551635969384149827e-01 7.316237438223294198e-02 1.022674630771481241e-01 3.589766571243097060e-02 3.589207395934940203e-02
2.453713730131740212e-02 2.454072339819746151e-02 7.678830610582026983e-02 6.803007213477346715e-02 3.554769250519814738e-01 2.987171760234636486e-01 5.797292513468265129e-01 3.450775749216826727e-01 5.797219620803740758e-01 2.987226530353218612e-01 3.554851174249218371e-01 6.803075304545852520e-02 7.679681380790620571e-02 2.453365463865575524e-02 2.453086952842548074e-02
2.171855973341380031e-02 2.171281453541246131e-02 6.893072231886598900e-02 6.851186466413550225e-02 3.706273365801280861e-01 3.142840777868961544e-01 5.699716748495659013e-01 3.309450957227818013e-01 5.699807004875869776e-01 3.142809822188959989e-01 3.706238180358935042e-01 6.851139038918829804e-02 6.892021135215903316e-02 2.171431180498906155e-02 2.170924770338683585e-02
3.298397772059341593e-02 3.298359761786073818e-02 9.813317773955471113e-02 7.935087293595388669e-02 3.973655254138374060e-01 3.311443149047476053e-01 5.441239859454956029e-01 2.942041293349831332e-01 5.441041088077005483e-01 3.311532169102077705e-01 3.973777721930962237e-01 7.935103623855521704e-02 9.813027980812988327e-02 3.298341177692787340e-02 3.297959818242618413e-02
4.364928619756824890e-02 4.365891282434519738e-02 1.237413707400548679e-01 8.625428645559274354e-02 4.045819204598884999e-01 3.321347691189086015e-01 5.405097819597555198e-01 2.997365708523170857e-01 5.404988569138733379e-01 3.321295342465563905e-01 4.045842550357782175e-01 8.625814647108831501e-02 1.237350415993422881e-01 4.364838576137586301e-02 4.364634219030710804e-02
4.481104377149813800e-02 4.481366351711590923e-02 1.261051558153672425e-01 9.275448613333631132e-02 4.077817705225595946e-01 3.316974926560987691e-01 5.241852043230698088e-01 2.836628644187866310e-01 5.241794419139649275e-01 3.317070396354960815e-01 4.077792077330010811e-01 9.276150511306935353e-02 1.261024968041445371e-01 4.481437729608922504e-02 4.480456134698085346e-02
3.002450710802467837e-02 3.002174859701145504e-02 1.010297268966451334e-01 8.527383280913464203e-02 3.965724642325678673e-01 3.305736142060498595e-01 5.181761663800702467e-01 2.684929116345899924e-01 5.181758130562553744e-01 3.305726979955768696e-01 3.965800269974478209e-01 8.527322827769323599e-02 1.010392276464165962e-01 3.001976806692513433e-02 3.002306695411083304e-02
1.982548588688565205e-02 1.984460477862692862e-02 9.021244991956983705e-02 7.880619898467178253e-02 3.949991413914604177e-01 3.373869991755510944e-01 5.117069336144535185e-01 2.393956762437783325e-01 5.116911614142247711e-01 3.373810635000417668e-01 3.949929419040228984e-01 7.881127750396532683e-02 9.022313158116768150e-02 1.984016663429533089e-02 1.983115087392250953e-02
3.538124818500276714e-02 3.538329483900098937e-02 1.224383045324512476e-01 9.457398953578133316e-02 4.215624930710379914e-01 3.487444475633994512e-01 4.964369699077605946e-01 2.022662866947313454e-01 4.964405724765189598e-01 3.487516328893357498e-01 4.215720360094313279e-01 9.457839512664500958e-02 1.224448128066027430e-01 3.538455023912984165e-02 3.538601245655359495e-02
5.096319774351754095e-02 5.096918565969366099e-02 1.490517177089859535e-01 1.055126985306164000e-01 4.318848040477457073e-01 3.424728977186881074e-01 4.994065738615417471e-01 2.005763663735925517e-01 4.994056921086426071e-01 3.424693459248450700e-01 4.318913784448552562e-01 1.055194209395303728e-01 1.490437290754544897e-01 5.096387578597511014e-02 5.096627579269691344e-02
4.856411979991970274e-02 4.856334438282156052e-02 1.504535422710627235e-01 1.091126277858767146e-01 4.223047304231438703e-01 3.290496885274221128e-01 4.851415314376680832e-01 1.862162857544769068e-01 4.851541801173522295e-01 3.290580325410383256e-01 4.223086637737038518e-01 1.091032231853134027e-01 1.504534982189802417e-01 4.855764559398850766e-02 4.855763677041607940e-02
2.952916407698708001e-02 2.952526797695853578e-02 1.217434787450339395e-01 9.729911891763770582e-02 3.999710737007286521e-01 3.198365511036923570e-01 4.845566386199003373e-01 1.835739274535495569e-01 4.845507906397242825e-01 3.198299184198660772e-01 3.999656282808070618e-01 9.730704213125646040e-02 1.217444013907891809e-01 2.953125448599797087e-02 2.952271810373324756e-02
2.786724517240812826e-02 2.787033012174955360e-02 1.093646378018262588e-01 9.754499994685678077e-02 4.061672983764023637e-01 3.262830982577514805e-01 4.863702113889941114e-01 1.782433386192494584e-01 4.863715475534068911e-01 3.262736418919321979e-01 4.061773721958629180e-01 9.753816935912856811e-02 1.093705178390911303e-01 2.786946462229461519e-02 2.787156467468887566e-02
4.065014533434430088e-02 4.064322892719907099e-02 1.258894737764018612e-01 1.013937272638863463e-01 4.225635555418379985e-01 3.327897070392163981e-01 4.996090713842650799e-01 1.811595484925712096e-01 4.996083328026528769e-01 3.327839338316096462e-01 4.225674172557452035e-01 1.013944811365983800e-01 1.258877781756976844e-01 4.064999695724552664e-02 4.064101189739838249e-02
5.666704953357171171e-02 5.667251674591539112e-02 1.613953723744521729e-01 1.182587535859661032e-01 4.385320009230597726e-01 3.293049117932380088e-01 4.752037044305846281e-01 1.637932387690528291e-01 4.752134316460244201e-01 3.293036996383581494e-01 4.385260126160354655e-01 1.182589290538069715e-01 1.614013427326299599e-01 5.667209696988623202e-02 5.667300541762598787e-02
5.299173584541111426e-02 5.299367611127620004e-02 1.643547929899190074e-01 1.214703658580447154e-01 4.316272473158292988e-01 3.195907737291557860e-01 4.624586212494642967e-01 1.699491631831252514e-01 4.624672306056722970e-01 3.195963348724409903e-01 4.316261903621446128e-01 1.214625973982064178e-01 1.643502603543660623e-01 5.299018219527756868e-02 5.298552765214109561e-02
4.662901869649654918e-02 4.661531676757396658e-02 1.394646624993821638e-01 1.206478615045747937e-01 4.262304613000784115e-01 3.187432969658559045e-01 4.653536441752279540e-01 1.902355756668169251e-01 4.653576195270046068e-01 3.187411133775040484e-01 4.262265247968805570e-01 1.206480934313767794e-01 1.394703744159589420e-01 4.662120518114082346e-02 4.662083377907344506e-02
3.232979690563386743e-02 3.233187171334306331e-02 1.063584443499034915e-01 9.983015645475462607e-02 4.169005834340419603e-01 3.293443296316807545e-01 4.846061712424999390e-01 2.103262984291467963e-01 4.845902689461812352e-01 3.293457128765784336e-01 4.169021873239829867e-01 9.982803746067536732e-02 1.063551854780395156e-01 3.232617816998578641e-02 3.234266063845597783e-02
4.626782112221805576e-02 4.627395194251332500e-02 1.364878898299290988e-01 1.115354373597380322e-01 4.383874259572955179e-01 3.396484768146765254e-01 4.604499416519153843e-01 1.841728865618439959e-01 4.604336489966759927e-01 3.396602806910523631e-01 4.383916514293728639e-01 1.115357393219988391e-01 1.364897568710572995e-01 4.627730601987778414e-02 4.627387815740557908e-02
6.138209398910338122e-02 6.137825971513888312e-02 1.777973284832820577e-01 1.303422928101691247e-01 4.575222557587863559e-01 3.421079390404602183e-01 4.374667640221077125e-01 1.673819350345738255e-01 4.374613316657474105e-01 3.421146283181283332e-01 4.575195953924560688e-01 1.303326673569201177e-01 1.777890471896893532e-01 6.137603309000433383e-02 6.138462343898365425e-02
7.120441145464484478e-02 7.120985947957197970e-02 1.936020677037469384e-01 1.487415278020862708e-01 4.677030146006705413e-01 3.389410918020431263e-01 4.298418849950413900e-01 1.744291941490457853e-01 4.298388872323167798e-01 3.389306493058935610e-01 4.677065855515957771e-01 1.487371437754172465e-01 1.936079013719612107e-01 7.120173509741933859e-02 7.120660228819952753e-02
7.182446177515144914e-02 7.181468265410195784e-02 1.758293586969809086e-01 1.531195902424881128e-01 4.623833822222886969e-01 3.359674743632578564e-01 4.290703666605884536e-01 1.813659511492319854e-01 4.290645599220435091e-01 3.359597101136769792e-01 4.623774002126137539e-01 1.531315899953794024e-01 1.758287435561829981e-01 7.181992604691234128e-02 7.182602619496752938e-02
3.443324968869060365e-02 3.443324746346787535e-02 1.308615396797712105e-01 1.127504026383817082e-01 4.311758586843295049e-01 3.417180559272234852e-01 4.311944779650483395e-01 1.619024804863811728e-01 4.311921887702646061e-01 3.417103069782985725e-01 4.311701182154065171e-01 1.127412847345988789e-01 1.308573497594772705e-01 3.444150870997408909e-02 3.444049104622493029e-02
4.797842417286823924e-02 4.796822672278278077e-02 1.623932539557153554e-01 1.254482515358057992e-01 4.506933506088655061e-01 3.505822176197593287e-01 4.143620418568784158e-01 1.280940492071656611e-01 4.143614171020014725e-01 3.505747779530652419e-01 4.506967268551604899e-01 1.254486757910064920e-01 1.623855063952409084e-01 4.796557150939689818e-02 4.797150442230929679e-02
7.558841293513457460e-02 7.558529303608030325e-02 2.130798827009091623e-01 1.578252168134108291e-01 4.855297741607365047e-01 3.529923367658368560e-01 4.011917453885184282e-01 1.137617211071563217e-01 4.011807043871846723e-01 3.529765190409964726e-01 4.855303358401479308e-01 1.578229202195212122e-01 2.130870581859431456e-01 7.559076453040786125e-02 7.558638455219157670e-02
9.052781606368770495e-02 9.053812586386650318e-02 2.361733720447627971e-01 1.797543619335055798e-01 4.940593123055012081e-01 3.412505935229370180e-01 3.934642491576891832e-01 1.172297967511084504e-01 3.934676779916578271e-01 3.412445830601242291e-01 4.940536355958033421e-01 1.797575122321542485e-01 2.361743857923717660e-01 9.053711730234903499e-02 9.053350873649301800e-02
4.197913803067165883e-02 4.197545200768715290e-02 1.683278941039114684e-01 1.352339579431849903e-01 4.382173808973316986e-01 3.261113146361018233e-01 4.013757945880680467e-01 1.067111309738703051e-01 4.013648263264173455e-01 3.261039595015695070e-01 4.382115587107766608e-01 1.352380229990082783e-01 1.683312529095287724e-01 4.197884336880225442e-02 4.197818709223855027e-02
3.951752391051621682e-02 3.952394835391104255e-02 1.566838439344464540e-01 1.309277825227620484e-01 4.352211058160595503e-01 3.283312314449954306e-01 3.968778972168552910e-01 9.443019967042304286e-02 3.968776790389987874e-01 3.283253955373709454e-01 4.352183664009880437e-01 1.309234673751669686e-01 1.566821395916576098e-01 3.953356740185992590e-02 3.952185035349181641e-02
6.679496872706197630e-02 6.680541588921568019e-02 1.856837797583318350e-01 1.532007374863673665e-01 4.706449646154215460e-01 3.388025384487680647e-01 3.889629249334902727e-01 8.392664933261212434e-02 3.889709202378581199e-01 3.387973366242556517e-01 4.706419984164839643e-01 1.532004733670785934e-01 1.856773763346604711e-01 6.680040685526206223e-02 6.680097326852096895e-02
9.840785786358713372e-02 9.840717143022037483e-02 2.322348648923684977e-01 1.828552189221169244e-01 5.011957636289837703e-01 3.353700772173840994e-01 3.777285859954104263e-01 8.275731801202496074e-02 3.777167918381335587e-01 3.353691744962098986e-01 5.011995705422421787e-01 1.828580272160895137e-01 2.322510686657868195e-01 9.841384377700029829e-02 9.841187156120401180e-02
1.073401285298821728e-01 1.073474583424665618e-01 2.556041100725373605e-01 1.914872090948563366e-01 4.844299013302760804e-01 3.103466176526061826e-01 3.761737789701798951e-01 1.100109969327354165e-01 3.761754236426828601e-01 3.103319697433337132e-01 4.844328337856943500e-01 1.914896414320769180e-01 2.556147279377254944e-01 1.073366999143272049e-01 1.073425184286505019e-01
5.631192060212891759e-02 5.630796680633609608e-02 1.877852313887595215e-01 1.554685095371684533e-01 4.515382909360162733e-01 3.100697843760408245e-01 3.836762770167436720e-01 1.057211220691520737e-01 3.836782526812463345e-01 3.100668725766178024e-01 4.515438904559454514e-01 1.554837085229397453e-01 1.877724809554786045e-01 5.630964077693334513e-02 5.631477289028202771e-02
6.968900294492108571e-02 6.967926998226037227e-02 1.721480848698811461e-01 1.592712214839269169e-01 4.621284720295807391e-01 3.201134307355674724e-01 3.846527377871534203e-01 1.158747698181201158e-01 3.846487609203276259e-01 3.201034572324088501e-01 4.621277140105679027e-01 1.592784121589178037e-01 1.721541255774940993e-01 6.969659136314132475e-02 6.968670727436848678e-02
9.631717560858243932e-02 9.631344844754485823e-02 1.921825449913138750e-01 1.720269408718226867e-01 4.803822494961063061e-01 3.267824537431036624e-01 3.762427235786752755e-01 1.097966521107293647e-01 3.762346848507843178e-01 3.267860318143314680e-01 4.803888022570384497e-01 1.720235532509486465e-01 1.921758469499313393e-01 9.631722000362613612e-02 9.632331992797094067e-02
1.178471826382744281e-01 1.178534762449364171e-01 2.384773091376100607e-01 1.868797856793814050e-01 4.789090336651687929e-01 3.112891833372455341e-01 3.713058000329045871e-01 1.242987410335249510e-01 3.713033988685853215e-01 3.113007239769955969e-01 4.789057859013320928e-01 1.868801393671382649e-01 2.384779567200587258e-01 1.178530354920087064e-01 1.178450680344543811e-01
8.163585493167657692e-02 8.162609704952950018e-02 2.363980267845207650e-01 1.814484514816223637e-01 4.814497138786182351e-01 3.168246383674552802e-01 3.673158338132508360e-01 1.207249249362753463e-01 3.673254548334239367e-01 3.168225393960588665e-01 4.814420231060341782e-01 1.814589959330140667e-01 2.363877066321379838e-01 8.163354723807092483e-02 8.162946157703554473e-02
8.945686675218689210e-02 8.945588138512516885e-02 2.199966178757483681e-01 1.871331126238331977e-01 4.784010855977751109e-01 3.156377493815701873e-01 3.721643730335670308e-01 1.426315172639534556e-01 3.721665993579004739e-01 3.156453010743012211e-01 4.783979031535209869e-01 1.871310327242139970e-01 2.199919141390206390e-01 8.945713203115468470e-02 8.946354901246689195e-02
