5.096820446470751165e-06 -4.827898422155030289e-06 9.999982868298138428e-01 1.000003773799485352e+00 1.000002806964505941e+00 -4.516687073130576380e-06 2.525806933384444619e-06
3.761719055690943003e-02 3.761415663985800961e-02 9.275981794594241325e-01 9.623870275941293073e-01 9.276049420583616367e-01 3.761343001309547240e-02 3.761274992899032998e-02
2.227556995527024686e-02 2.228525400628683650e-02 9.564293511804919934e-01 9.777233177110323803e-01 9.564332841971534549e-01 2.226771055555104573e-02 2.228014130769329082e-02
1.060924116431083419e-02 1.060121926341794918e-02 9.790241111697839393e-01 9.894005401221332985e-01 9.790167336345223514e-01 1.060756758992331683e-02 1.060336386231958139e-02
6.306996114386653751e-02 6.306348474364359413e-02 8.818225812519772111e-01 9.369260802194149251e-01 8.818210314596846011e-01 6.307532660590386975e-02 6.307208054446034051e-02
7.169504386150382658e-03 7.173909053777016709e-03 9.857645423613836666e-01 9.928293286505625037e-01 9.857674579452795349e-01 7.178282377234945777e-03 7.162290976730267822e-03
3.529818943026230560e-02 3.530108341277854445e-02 9.319055599436454340e-01 9.647075917397910372e-01 9.318997155722238412e-01 3.529384978028182740e-02 3.530174634324739769e-02
5.064685658255341227e-02 5.064945607995857690e-02 9.038372583774156865e-01 9.493571377204899076e-01 9.038228572605080391e-01 5.064304955682158438e-02 5.065623488279824560e-02
1.526704233715259207e-04 1.518565442245600750e-04 9.997002109366933675e-01 9.998490896347071999e-01 9.997008351464542475e-01 1.549866812565747765e-04 1.492881997190997900e-04
6.457004408099792370e-02 6.456161828255885249e-02 8.792129039281229019e-01 9.354410503355825579e-01 8.792051277332029180e-01 6.457382436378050761e-02 6.456615462415377094e-02
3.095828969530056707e-02 3.095380869914132749e-02 9.399936745308830055e-01 9.690312758849941588e-01 9.400025139060037560e-01 3.095881701926084251e-02 3.095430326728454418e-02
1.385451478434662764e-02 1.384244536142198445e-02 9.726813851474485073e-01 9.861387342468092010e-01 9.726788143810851661e-01 1.385393611689583748e-02 1.384552220221735297e-02
7.931217348118663191e-02 7.931042271000748878e-02 8.539583699678718887e-01 9.206776577570303655e-01 8.539505677376242332e-01 7.931762491294541695e-02 7.931942358282173533e-02
1.342836734910829444e-02 1.342191837589895576e-02 9.735164925657135981e-01 9.865665117226192216e-01 9.735105395715595300e-01 1.342326337013283188e-02 1.342839053229394342e-02
4.489351077933867451e-02 4.489098432715554754e-02 9.142484791247648124e-01 9.551092395870321994e-01 9.142556671253285749e-01 4.488609723115477568e-02 4.488706192917468751e-02
7.070613658580388039e-02 7.070594898494358960e-02 8.685825204925832210e-01 9.292895505066463002e-01 8.685761096083592925e-01 7.071377713797472042e-02 7.071573912872963774e-02
6.664612126150437632e-05 6.423640581376677261e-05 9.998781766093935985e-01 9.999353554868211091e-01 9.998798292793456000e-01 5.432167394331388621e-05 5.275030269741298738e-05
7.784564929011805745e-02 7.784208089942074027e-02 8.564180237864811307e-01 9.221516005052405873e-01 8.564282152227348233e-01 7.784543250030645511e-02 7.785032133694796963e-02
5.845230463160827616e-02 5.845843843014464358e-02 8.899307461095813387e-01 9.415485132019948411e-01 8.899231297406150487e-01 5.845047560334676318e-02 5.844740889939681328e-02
1.119297873969388180e-02 1.119304744530680296e-02 9.778725223359370222e-01 9.888143620397191746e-01 9.778830090983016143e-01 1.118598475479043453e-02 1.117710166170399200e-02
1.084257183595837004e-01 1.084285355428805664e-01 8.066680327498167991e-01 8.915730612780901065e-01 8.066610401790552665e-01 1.084270767786411072e-01 1.084289439769950403e-01
2.316934669180237272e-02 2.315883533795876081e-02 9.547454222157830683e-01 9.768314800121207231e-01 9.547525054917422871e-01 2.317071373449658411e-02 2.315577316427364085e-02
4.309519773801495646e-02 4.310177553630872849e-02 9.175143680204131957e-01 9.569024208945406951e-01 9.175207035533855526e-01 4.310609236342893835e-02 4.309259502454210189e-02
1.049406946281414843e-01 1.049406180640575226e-01 8.121481654148617890e-01 8.950609266633156036e-01 8.121421440003000480e-01 1.049412511676920401e-01 1.049380297224675740e-01
1.606683034131362042e-03 1.612833115920975224e-03 9.967843619026870439e-01 9.983899076606912448e-01 9.967874973432460095e-01 1.604411282224826873e-03 1.615649075993152994e-03
8.066820303376548429e-02 8.066557710309230078e-02 8.516643322675264693e-01 9.193261425336196613e-01 8.516752349209499862e-01 8.067149529286882226e-02 8.066774372798690695e-02
7.575691203040268995e-02 7.576594239590916935e-02 8.599580475150172543e-01 9.242413115543215429e-01 8.599671005327098605e-01 7.575630717813935933e-02 7.574891926672167042e-02
2.106670081326866839e-03 2.111494444709427487e-03 9.957853943347082515e-01 9.978895505736498084e-01 9.957907583111819116e-01 2.117228455414010835e-03 2.105803129362204817e-03
1.120357884779082380e-01 1.120331925445242627e-01 8.010446050479260727e-01 8.879580689305803798e-01 8.010406285683069338e-01 1.120152802956803639e-01 1.120285070109297565e-01
5.572779511692943499e-02 5.573091862370621596e-02 8.947463231303296460e-01 9.442685233145613477e-01 8.947470735796734242e-01 5.573419514558958232e-02 5.572767941806572312e-02
2.784675618624982141e-02 2.784997680493939143e-02 9.458422209931882652e-01 9.721544800053567581e-01 9.458492811346219664e-01 2.784434626171844451e-02 2.785025224196496785e-02
1.345579137825736460e-01 1.345599666375142944e-01 7.670939606549460610e-01 8.654439951918480034e-01 7.670990695406512128e-01 1.345557134598893700e-01 1.345559185005781311e-01
1.535659093202351722e-02 1.535893863110276980e-02 9.697473135913308173e-01 9.846289856271066565e-01 9.697465591523470874e-01 1.535835671220575627e-02 1.536671580762816181e-02
6.082828556981428880e-02 6.082987118539240345e-02 8.857306864634015842e-01 9.391622088814585156e-01 8.857341356127854670e-01 6.083538229043239376e-02 6.083657436915096417e-02
