0.000000000000000000e+00 0.000000000000000000e+00 0.000000000000000000e+00 0.000000000000000000e+00 0.000000000000000000e+00 0.000000000000000000e+00 0.000000000000000000e+00 0.000000000000000000e+00 0.000000000000000000e+00 0.000000000000000000e+00 1.000000000000000000e+00 1.000000000000000000e+00 1.000000000000000000e+00 0.000000000000000000e+00 0.000000000000000000e+00 0.000000000000000000e+00 0.000000000000000000e+00 0.000000000000000000e+00 0.000000000000000000e+00 0.000000000000000000e+00 0.000000000000000000e+00 0.000000000000000000e+00 0.000000000000000000e+00
6.944141543508602910e-02 6.944141543508602910e-02 1.292386105149231912e-01 6.944141543508602910e-02 1.292386105149232467e-01 6.944141543508602910e-02 1.292386105149232467e-01 6.944141543508602910e-02 1.292386105149231912e-01 6.944141543508608461e-02 8.707613894850761982e-01 9.305585845649135823e-01 8.707613894850763092e-01 6.944141543508608461e-02 1.292386105149234687e-01 6.944141543508614012e-02 1.292386105149233577e-01 6.944141543508625114e-02 1.292386105149234132e-01 6.944141543508630665e-02 1.292386105149234687e-01 6.944141543508641767e-02 6.944141543508641767e-02
1.625874699446547833e-01 1.625874699446547833e-01 2.381190831977515465e-01 1.687850540040730096e-01 2.441681261775970890e-01 1.687850540040733982e-01 2.441681261775976441e-01 1.687850540040738423e-01 3.191800586693466224e-01 2.456389891845590090e-01 6.789779386419163565e-01 8.312149459959264908e-01 6.789779386419168006e-01 2.456389891845588980e-01 3.191800586693480657e-01 1.687850540040732872e-01 2.441681261775974776e-01 1.687850540040735092e-01 2.441681261775973666e-01 1.687850540040731206e-01 2.381190831977518241e-01 1.625874699446551719e-01 1.625874699446551719e-01
1.654220989616911330e-01 1.654220989616911330e-01 1.602685381497733763e-01 2.079111869122288181e-01 1.974539691678838804e-01 2.084446743218789644e-01 2.061884147316321303e-01 2.150602511726530386e-01 3.950485113826728290e-01 4.230428762391456043e-01 5.889148130729094932e-01 7.804829738749117229e-01 5.889148130825028193e-01 4.230428762276177701e-01 3.950485113846455287e-01 2.150602511679549633e-01 2.061884147327131545e-01 2.084446743248349332e-01 1.974539691973911104e-01 2.079111869371566002e-01 1.602685381926269859e-01 1.654220989881358683e-01 1.654220989881358683e-01
1.427593892538907561e-01 1.427593892538907561e-01 1.324318297194638783e-01 2.239932778839766603e-01 1.813850075630004666e-01 2.325892206112024629e-01 2.409023931530721030e-01 2.752326786083264532e-01 4.446429619236772490e-01 5.352655502660793596e-01 4.952113256498467120e-01 7.069354921582120532e-01 4.952113256908440286e-01 5.352655502451877378e-01 4.446429619365708241e-01 2.752326785902581285e-01 2.409023931353328485e-01 2.325892206108136073e-01 1.813850075922184280e-01 2.239932779175694000e-01 1.324318297286983803e-01 1.427593892930218988e-01 1.427593892930218988e-01
1.502094119464276734e-01 1.502094119464276734e-01 1.581443839583540623e-01 2.200012623939011092e-01 1.732938869765777157e-01 2.599336677502628312e-01 3.189314703762005099e-01 3.714329345741284039e-01 4.697315778351897064e-01 6.068619472123324421e-01 3.917799796786647359e-01 6.139687986700261835e-01 3.917799797229763459e-01 6.068619473395494568e-01 4.697315778444700052e-01 3.714329344630555307e-01 3.189314702874833651e-01 2.599336676793539969e-01 1.732938868351505679e-01 2.200012623969574976e-01 1.581443838328731033e-01 1.502094119973158559e-01 1.502094119973158559e-01
1.618199879034825095e-01 1.618199879034825095e-01 1.384907071474474338e-01 2.070242541005559156e-01 1.723880129380629400e-01 2.960596606058408797e-01 3.500739978080045223e-01 4.659168701899032983e-01 4.155864525708329871e-01 6.355042174482437023e-01 3.501910086834058577e-01 5.604781920590213851e-01 3.501910084435716497e-01 6.355042175900467161e-01 4.155864544317062204e-01 4.659168699421410986e-01 3.500739984036244090e-01 2.960596608458267998e-01 1.723880130949677070e-01 2.070242543071331709e-01 1.384907071346918594e-01 1.618199879776411887e-01 1.618199879776411887e-01
1.651143191447658753e-01 1.651143191447658753e-01 1.530364938878149839e-01 2.291947003440125696e-01 2.433958663592115657e-01 3.593481119472292651e-01 3.685883190764508988e-01 5.404715297471950342e-01 3.373534110139890796e-01 6.071967677102592109e-01 3.351505203111019848e-01 5.563364055254347296e-01 3.351505184738580168e-01 6.071967700557576730e-01 3.373534199394953026e-01 5.404715326694327082e-01 3.685883269060503675e-01 3.593481123447729297e-01 2.433958666301881402e-01 2.291947008596507684e-01 1.530364939973324345e-01 1.651143194651888968e-01 1.651143194651888968e-01
1.667968172827625217e-01 1.667968172827625217e-01 2.109563008354490843e-01 2.834897973434671870e-01 2.964673274457236829e-01 4.459735140121318664e-01 3.431487669210432356e-01 5.867782089476458740e-01 2.802460208107327988e-01 5.612172584029135880e-01 3.181662556501130834e-01 5.816121042681331454e-01 3.181662481926245123e-01 5.612172623966417140e-01 2.802460299264167287e-01 5.867782080648279441e-01 3.431487802273127663e-01 4.459735131670695130e-01 2.964673243899886845e-01 2.834897978077520198e-01 2.109563009524925703e-01 1.667968178021244641e-01 1.667968178021244641e-01
1.781628201986217852e-01 1.781628201986217852e-01 2.667296771569576119e-01 3.565284708641558442e-01 3.268262712030994277e-01 5.294000964354356187e-01 2.837604380725964881e-01 5.919275801372205770e-01 2.506438875472052352e-01 5.385485378030013814e-01 3.026167678006708162e-01 5.949945549147184209e-01 3.026167571481090945e-01 5.385485503940918850e-01 2.506438811548523660e-01 5.919275585819863128e-01 2.837604371544998338e-01 5.294000927020312552e-01 3.268262599557677506e-01 3.565284714967889568e-01 2.667296781367198832e-01 1.781628208147472692e-01 1.781628208147472692e-01
2.192367932401064201e-01 2.192367932401064201e-01 3.251780767438637865e-01 4.429970118982980987e-01 3.509821505936317476e-01 5.793458018868966608e-01 2.362327468563087951e-01 5.652785991072792893e-01 2.563434001433959053e-01 5.481984347699673243e-01 2.723044225702982990e-01 5.751604986473228820e-01 2.723044256133611007e-01 5.481984776815734817e-01 2.563433950530976668e-01 5.652785753578388750e-01 2.362327379361978674e-01 5.793457981309240168e-01 3.509821436758313595e-01 4.429970133552151301e-01 3.251780789192458831e-01 2.192367937708579739e-01 2.192367937708579739e-01
2.920426562364797363e-01 2.920426562364797363e-01 3.622229416150569148e-01 5.245185118183743889e-01 3.098151258348267323e-01 5.881284117427297842e-01 2.202677258333590182e-01 5.412312837639646768e-01 2.689189321082750550e-01 5.723342144869638659e-01 2.361920362455801059e-01 5.461453564544506145e-01 2.361920490211089074e-01 5.723342746832698058e-01 2.689189368656321744e-01 5.412312826461351811e-01 2.202677288106552611e-01 5.881284001891169400e-01 3.098151381600139365e-01 5.245185126130411657e-01 3.622229400542219535e-01 2.920426566631778575e-01 2.920426566631778575e-01
3.752747173618320442e-01 3.752747173618320442e-01 3.522569718463987032e-01 5.817788306707153412e-01 2.565047291465644697e-01 5.679891012765008185e-01 2.566306222754860533e-01 5.421799013599797323e-01 2.510356204922589707e-01 5.782602463701266293e-01 2.179307022877900457e-01 5.352836565148483272e-01 2.179306987394478701e-01 5.782602715538596172e-01 2.510356089707733718e-01 5.421798996076483412e-01 2.566306262100987445e-01 5.679890764413986215e-01 2.565047493646466226e-01 5.817788277588121781e-01 3.522569618540561942e-01 3.752747189108561199e-01 3.752747189108561199e-01
4.492082075418261100e-01 4.492082075418261100e-01 3.085284399300824432e-01 5.988625361679342785e-01 2.461804079220027419e-01 5.431656471184723722e-01 2.887191413543198082e-01 5.610536786515093466e-01 2.225563742222356756e-01 5.601150067803184474e-01 2.130354490380338417e-01 5.505793667078384690e-01 2.130354352474669866e-01 5.601150036957901479e-01 2.225563606821881479e-01 5.610536627569502333e-01 2.887191387515900542e-01 5.431656344520569002e-01 2.461804207951017176e-01 5.988625284343582766e-01 3.085284300902132459e-01 4.492082103267862614e-01 4.492082103267862614e-01
5.009272323644177183e-01 5.009272323644177183e-01 2.581298347400085569e-01 5.747919503685802178e-01 2.579508266321147159e-01 5.375434748886143144e-01 2.721548844725191207e-01 5.737684973192862525e-01 2.228270307277588347e-01 5.429319526289281272e-01 2.077065646615560146e-01 5.725718699287286606e-01 2.077065557215747038e-01 5.429319595706462165e-01 2.228270303484870540e-01 5.737684857161097218e-01 2.721548730544984807e-01 5.375434917142024593e-01 2.579508339008503293e-01 5.747919422684615309e-01 2.581298372847988798e-01 5.009272326603894099e-01 5.009272326603894099e-01
