9.647823178360326324e-06 -6.137927456517644487e-06 3.486307458056003838e-06 1.108290633822228699e-06 -9.604462590240281372e-06 5.208769795150836046e-06 1.000000190458833593e+00 1.000003902768077158e+00 9.999976699797703539e-01 8.393460434186206243e-06 7.270743004050839176e-06 -6.921535226300790100e-06 3.212503227545404627e-06 -6.595801192332828577e-06 3.014153214409009962e-06
7.702085656295654115e-03 7.704080402119894977e-03 1.527662663273088306e-02 7.701487207738666463e-03 1.607726186023844539e-02 8.499521172399160385e-03 9.839229239936004845e-01 9.922885843281199492e-01 9.839234345674032767e-01 8.498518006125443947e-03 1.606818145169958134e-02 7.706893580672669053e-03 1.527855282946694038e-02 7.707989553355443224e-03 7.711359115181393165e-03
2.001947524808866952e-02 2.002801371062873370e-02 3.874698754410771384e-02 2.015277301803714005e-02 5.091076302055452807e-02 3.253344435455296502e-02 9.487736857425377313e-01 9.798499406038178039e-01 9.487776644986405383e-01 3.254216021257755331e-02 5.090739547263450904e-02 2.014871111472210652e-02 3.873401518901048446e-02 2.002012315979223578e-02 2.003409615531526189e-02
2.056271141689536286e-02 2.057346160141504399e-02 3.829444079579230609e-02 2.159473865564270900e-02 8.318364288319424205e-02 6.782500163204585597e-02 9.147003264473638762e-01 9.783592892698138588e-01 9.146965964805120475e-01 6.782664720757736188e-02 8.318658321288352475e-02 2.158679261988660780e-02 3.828455380347822734e-02 2.055396099292661205e-02 2.055949546678520479e-02
7.853181528181762960e-03 7.860958818946106597e-03 1.483278715005925674e-02 1.157319467961587245e-02 1.076428133480748506e-01 1.074644831036395409e-01 8.874052564276599941e-01 9.878130729386520592e-01 8.874037328252213364e-01 1.074660738269655469e-01 1.076386131916704514e-01 1.156503075728171348e-02 1.483268658202763213e-02 7.864465838865242198e-03 7.869568889463607331e-03
2.401835296347631932e-03 2.401436579158533480e-03 7.750875189139583288e-03 9.562274249593549769e-03 1.413460430883573538e-01 1.460527419073149313e-01 8.542236886653131744e-01 9.870998542711009183e-01 8.542251763126316177e-01 1.460572131215419067e-01 1.413416752683430144e-01 9.564429346182290459e-03 7.762509651823568113e-03 2.389801704543781380e-03 2.411324870407183241e-03
1.176132883265496032e-02 1.176218477195922762e-02 2.684976204505551411e-02 2.049337811542234489e-02 1.838661511714783092e-01 1.782331948575072156e-01 8.160538760851093754e-01 9.689958261223448055e-01 8.160597394779414149e-01 1.782215422987639686e-01 1.838629730030287290e-01 2.047850543706242199e-02 2.684977574731173267e-02 1.176870147083730611e-02 1.176471611507901027e-02
2.386203843093553933e-02 2.386654279314937011e-02 4.772535055468485332e-02 3.146894724305371316e-02 2.142568817450410390e-01 1.988084173868757132e-01 7.861620958263064729e-01 9.452481743653633472e-01 7.861496449915337248e-01 1.988113212766285387e-01 2.142608885503092808e-01 3.146984726328222459e-02 4.772554639859138970e-02 2.386626231309879609e-02 2.386270717279320719e-02
2.105047665622206132e-02 2.105400694828896135e-02 4.138624083519865104e-02 2.754932090826073265e-02 2.107085558454615537e-01 2.026006428201297394e-01 7.806798688525902197e-01 9.337835984565054925e-01 7.806727248602950420e-01 2.026013562837044590e-01 2.107004952767995709e-01 2.753534059320339455e-02 4.139398115756998120e-02 2.105570202071654906e-02 2.105201403856882258e-02
8.144399242663691307e-03 8.134359155786086149e-03 1.857517394131724675e-02 1.613892755213525154e-02 1.858871168888246439e-01 1.926260273944576107e-01 7.985848347973329986e-01 9.311412502133644686e-01 7.985757459510559597e-01 1.926190108332847539e-01 1.858970719329003374e-01 1.613083842473078677e-02 1.857834980084221987e-02 8.137628977906485872e-03 8.143305489032359734e-03
3.600726395537434676e-03 3.589801511560353209e-03 1.249527396927674339e-02 1.406735858079211088e-02 1.653802209818284186e-01 1.741611932544949726e-01 8.250276937885689943e-01 9.205520739561843246e-01 8.250214216226751107e-01 1.741492010147742686e-01 1.653713865894269608e-01 1.406607145521987512e-02 1.248780207915806129e-02 3.595787944212502918e-03 3.599674959273935215e-03
1.411378901199550340e-02 1.411963547147665476e-02 3.389862576495350499e-02 2.365701732158520532e-02 1.522901809692808750e-01 1.465467046323703504e-01 8.479957051920725686e-01 8.985026422382234035e-01 8.480020385726703136e-01 1.465413587701831499e-01 1.522973033595732550e-01 2.365626909203882855e-02 3.390060454544685520e-02 1.411727939912371665e-02 1.412752702851943765e-02
2.411912189441112186e-02 2.412004197848538478e-02 5.087425641061787962e-02 2.850410522132934554e-02 1.294057469265835758e-01 1.124472521249530454e-01 8.677236804690544592e-01 8.782097299717712691e-01 8.677102960903791962e-01 1.124409561405232405e-01 1.294085994784334170e-01 2.851415575863658347e-02 5.086344369220208161e-02 2.411679024565505092e-02 2.412951697673987317e-02
1.876281883531111250e-02 1.877606299231554532e-02 3.668876486224448286e-02 1.870822141266087479e-02 9.200454960027665274e-02 8.076479478544251744e-02 8.945689829028903306e-01 8.747129264269599691e-01 8.945679962940192853e-01 8.076739696743906460e-02 9.199564696772105643e-02 1.871308365892199177e-02 3.669134866310008736e-02 1.876647826962912768e-02 1.876564701267380286e-02
4.319762061872789438e-03 4.319951569635938071e-03 8.413541370128563290e-03 5.193872577123392897e-03 5.886497134257245856e-02 5.944584961831839154e-02 9.300517498479805578e-01 8.903892713318742880e-01 9.300552341457266614e-01 5.945052930970273763e-02 5.887073222350391877e-02 5.193530511879540512e-03 8.415370828169455031e-03 4.316240644667179716e-03 4.319863459655404192e-03
3.202545356546182553e-03 3.195293853116287774e-03 9.926328233801795520e-03 8.304805462379993841e-03 5.806792776307839743e-02 5.542374597580679296e-02 9.445287521556950949e-01 8.968962573184794396e-01 9.445322795235049362e-01 5.541978926895252400e-02 5.807448201521447917e-02 8.302226930792910853e-03 9.926152532091891967e-03 3.195239110800884852e-03 3.198474581506627334e-03
1.705709883373296432e-02 1.705472780772637753e-02 3.721368743372210908e-02 2.324929090350563721e-02 8.016027241885537169e-02 6.357330081126910670e-02 9.265227224838430420e-01 8.903388957814610816e-01 9.265147552463245395e-01 6.357636368933922144e-02 8.015547803224148948e-02 2.325620742309297828e-02 3.721948738652636202e-02 1.705046384118702463e-02 1.704805081512056342e-02
2.597909288625221969e-02 2.597231576754310822e-02 4.876107904045334784e-02 2.892995448265484049e-02 1.019780446651218364e-01 8.245553178824566176e-02 8.927423878738430796e-01 8.841275059067241759e-01 8.927440226191041273e-01 8.245419994599639812e-02 1.019826853435895075e-01 2.893583181362718859e-02 4.876111013711004194e-02 2.597234813412707677e-02 2.597528839066098882e-02
1.920371340161391993e-02 1.921366821735637220e-02 3.146572025976152043e-02 2.054588407839136321e-02 1.206682705907862196e-01 1.132255598536093255e-01 8.627677650727743064e-01 8.872994858370568672e-01 8.627623744192318700e-01 1.132176111231614213e-01 1.206693030787691079e-01 2.054311587501100878e-02 3.146654459433256834e-02 1.921401641960729378e-02 1.920781628586232248e-02
6.504627714839839037e-03 6.508107164316101478e-03 1.082141294147892507e-02 1.196667412417962151e-02 1.492807522328291059e-01 1.529276008161488121e-01 8.369683726804474366e-01 8.923435403873423155e-01 8.369627892610636000e-01 1.529514257333323135e-01 1.492780758592122670e-01 1.195150298150143842e-02 1.081592096842831641e-02 6.483711665729863238e-03 6.492162449976413008e-03
7.085962208243090643e-03 7.083552496935596743e-03 1.832859539647663238e-02 1.856329649393334558e-02 1.997235316873794408e-01 1.988753347388805826e-01 7.976583352216686240e-01 8.717955360752003280e-01 7.976472083723107342e-01 1.988857721751668417e-01 1.997173793359211524e-01 1.856071383907448302e-02 1.834176403294440760e-02 7.082442476657013763e-03 7.085188601292258248e-03
1.970771620561456716e-02 1.970361034256584709e-02 4.501774726439639052e-02 3.281071275634478424e-02 2.502692762954086270e-01 2.387113950214003744e-01 7.514639853330966623e-01 8.317006331131385766e-01 7.514680095888048861e-01 2.387103174148332285e-01 2.502828857354929548e-01 3.280360932468134871e-02 4.502273612785467893e-02 1.970627110992279052e-02 1.971196229764043961e-02
2.755842963510685140e-02 2.756659462888144674e-02 5.933016263564389048e-02 3.900885675338072733e-02 2.768691653596413449e-01 2.656986006947968937e-01 7.126849635164330676e-01 7.854608538371132820e-01 7.126816621261736762e-01 2.657040267060953864e-01 2.768552387262803727e-01 3.901393848968032207e-02 5.932534653583676487e-02 2.756714700515833227e-02 2.755956720161456541e-02
1.843798076760710947e-02 1.845043630949955160e-02 4.340302644625021466e-02 3.099730852063520281e-02 2.716494801337422382e-01 2.750223621876235480e-01 6.989828245498104220e-01 7.537348253864935010e-01 6.989845440276567512e-01 2.750180697718987988e-01 2.716484194091881577e-01 3.099631587277668077e-02 4.340199099659008963e-02 1.844499351736467174e-02 1.844184891303962681e-02
6.640494533125207433e-03 6.648571798728630800e-03 2.573058598740857184e-02 2.498179184928767116e-02 2.639470070788675349e-01 2.763593130648758223e-01 7.039208469113831246e-01 7.218821713301789567e-01 7.039213845334562070e-01 2.763621723062718027e-01 2.639391981841788803e-01 2.497513401294654267e-02 2.572243220835040978e-02 6.640382190929328132e-03 6.650304364339554297e-03
9.283974538413120037e-03 9.289134642446184031e-03 3.507579333633353835e-02 3.127624566197412248e-02 2.657025613034500466e-01 2.692872837942994479e-01 7.189835132438822107e-01 6.871313816281475750e-01 7.189838532184446018e-01 2.692869672506385537e-01 2.657001186829294759e-01 3.127117785674171646e-02 3.508081124583695143e-02 9.287631554329489614e-03 9.294443214335756931e-03
2.328176611916510375e-02 2.328501616390160622e-02 6.083704526491118258e-02 4.171777915336938314e-02 2.635072850910622488e-01 2.518828344240915396e-01 7.285456318033927126e-01 6.473852027429762845e-01 7.285557374710490697e-01 2.518836074484830378e-01 2.635119654865416550e-01 4.171682064058396255e-02 6.083301664512397178e-02 2.328863389609409085e-02 2.328887209822350091e-02
2.802799145831103012e-02 2.801665200579456227e-02 6.560615128757563141e-02 4.094012364322091591e-02 2.415277079371447311e-01 2.269806842455116547e-01 7.341361091357165858e-01 6.153273125682403588e-01 7.341349900123056438e-01 2.269791553419616692e-01 2.415326019631655052e-01 4.093418809711596440e-02 6.560112626612052411e-02 2.802420447646047919e-02 2.801808995779608846e-02
1.509041941983096935e-02 1.508680721672783775e-02 3.978692688468993266e-02 2.812149489698617666e-02 2.052098203408280197e-01 2.002115803490126522e-01 7.556063796123181353e-01 6.141685746213835229e-01 7.556051550644409254e-01 2.002136034528024244e-01 2.052065413486618972e-01 2.811972261665973694e-02 3.978054693900184846e-02 1.507291045752706671e-02 1.508009610131999523e-02
4.348940419600044738e-03 4.348881499372625470e-03 2.386241729064547679e-02 2.325208059627237311e-02 1.909740054747314231e-01 1.885377079883968077e-01 7.796344796769030250e-01 6.212372354336435087e-01 7.796435224524357332e-01 1.885487524339791165e-01 1.909718943252824430e-01 2.324799913752279013e-02 2.385939735015618623e-02 4.345277671356118088e-03 4.345634494508254786e-03
1.091987817897549506e-02 1.092436489550624445e-02 3.840945180451560415e-02 3.209597950546272394e-02 2.002152740929144525e-01 1.875148403769951178e-01 7.901073289844993131e-01 6.288296454002063607e-01 7.901099675045131221e-01 1.875232583739637748e-01 2.002154396392717417e-01 3.209667236475000074e-02 3.839770076590215409e-02 1.092750940697095885e-02 1.091949619237914115e-02
2.641397648183435587e-02 2.640901278507484795e-02 6.293543097509624040e-02 4.375843695974290792e-02 2.187231856864190194e-01 1.950340193698987257e-01 7.705699083162160790e-01 6.234323838927666728e-01 7.705686833901699284e-01 1.950354352310174066e-01 2.187258435244538446e-01 4.375603172492753545e-02 6.293387777618436596e-02 2.640490072928119991e-02 2.640922438078702195e-02
2.925089908001560213e-02 2.926337870729722734e-02 6.289880801206981786e-02 4.284502845313931108e-02 2.245455355862623903e-01 2.030357570020100422e-01 7.472021885302806421e-01 6.329026850680270488e-01 7.471992502180000439e-01 2.030314124951450583e-01 2.245545564832374663e-01 4.284065899148192802e-02 6.290363593939846121e-02 2.924999651969634185e-02 2.924820582754911191e-02
1.779525173362739299e-02 1.780756358159002462e-02 4.388501329058058786e-02 3.529777826373825533e-02 2.342769248192828613e-01 2.217821560852332174e-01 7.265972778964970846e-01 6.462772332089403715e-01 7.265908990370949505e-01 2.217738124703942937e-01 2.342883964871998459e-01 3.529425522669760173e-02 4.388712429018543082e-02 1.780118788631196436e-02 1.779999530128167917e-02
7.963552116889205390e-03 7.961500027154011505e-03 3.290058139333351672e-02 3.290878330653523864e-02 2.599137745772789332e-01 2.512192229884169237e-01 7.061710023427963945e-01 6.539879151058697326e-01 7.061638580469007387e-01 2.512081356998587811e-01 2.599137001891703713e-01 3.290997725371086480e-02 3.289519737867119265e-02 7.957751441099947254e-03 7.962326803060915115e-03
1.520389948130762559e-02 1.520139117581148502e-02 5.120497048957733943e-02 4.390808906460291761e-02 3.069151577190928348e-01 2.909564678030470697e-01 6.676443030539064294e-01 6.270824129264732649e-01 6.676449434910556313e-01 2.909599353448648063e-01 3.069179569353306380e-01 4.390375936395024548e-02 5.120826934240635397e-02 1.519533951581270026e-02 1.519901825495834080e-02
2.932439402009501261e-02 2.933226556711843180e-02 7.846377086153188962e-02 5.669818307489027376e-02 3.476648092472167662e-01 3.256038781743940680e-01 6.265447437855327095e-01 5.850654101986334510e-01 6.265368052217213934e-01 3.256061889850964675e-01 3.476662209204948173e-01 5.669614701071901131e-02 7.845605586729387237e-02 2.934023199205665344e-02 2.933626084496065989e-02
3.133897773079380444e-02 3.134632087684141588e-02 8.549140819259576363e-02 6.099961115581314930e-02 3.663511182506954955e-01 3.484628454917143570e-01 5.912496503154471839e-01 5.350134873568342941e-01 5.912484507483412033e-01 3.484696001427860512e-01 3.663390201768647048e-01 6.098974690913355756e-02 8.549278179876390604e-02 3.134062778008300798e-02 3.134417497322727897e-02
1.731830254667476865e-02 1.732030047967902942e-02 6.708406510555992019e-02 5.573916021009422961e-02 3.648853157969914607e-01 3.576811748645225553e-01 5.731008374334493061e-01 4.920225377738142725e-01 5.731059097072940256e-01 3.576777334333571812e-01 3.648933584452439538e-01 5.574316379870547511e-02 6.708123411664740354e-02 1.733502874447528930e-02 1.732045700261780619e-02
9.177693360474192819e-03 9.174015462058759951e-03 6.035999101258782140e-02 5.698971469050467809e-02 3.716468872593696737e-01 3.644035740596511808e-01 5.633442628095767235e-01 4.390703635292426688e-01 5.633435260589301219e-01 3.644103968451097852e-01 3.716438133696289281e-01 5.698719912822552969e-02 6.035366248909312947e-02 9.177147628834425586e-03 9.174533306787302500e-03
1.864457861051421750e-02 1.863630203896166071e-02 7.934940795210770892e-02 6.644658018499516317e-02 3.854458954479881294e-01 3.663628706389468470e-01 5.640062877055161961e-01 3.877086798219839814e-01 5.640031649944949876e-01 3.663691022189830560e-01 3.854496607340512360e-01 6.645620010387209842e-02 7.934550720827110437e-02 1.864729525574637670e-02 1.865238938825419801e-02
3.326360769934239014e-02 3.326230033203381176e-02 1.029160071315097791e-01 7.634165271424275812e-02 3.898390639286263837e-01 3.585211574590628780e-01 5.606703510631984022e-01 3.377473969815791843e-01 5.606717300240092738e-01 3.585085802830746404e-01 3.898411168645760094e-01 7.633880695870481903e-02 1.029285066070879107e-01 3.325217666362173530e-02 3.325237815210002612e-02
3.170653152681518483e-02 3.170257757835759360e-02 9.812746277121092708e-02 7.438577506610483114e-02 3.689268306072137071e-01 3.359832121581550202e-01 5.625236369719153195e-01 3.137596921250114246e-01 5.625321471260620321e-01 3.359879114786941123e-01 3.689175428109638943e-01 7.437760230887557888e-02 9.812797722144434021e-02 3.169928446608788475e-02 3.169770286155815242e-02
1.850606492097384148e-02 1.851940367086551964e-02 7.897474125229181352e-02 6.911160135378269231e-02 3.477772960480982611e-01 3.157852900014178621e-01 5.671018603435871164e-01 3.043341989955128390e-01 5.671058425152557536e-01 3.157899920661483284e-01 3.477737070777096040e-01 6.910787483969210721e-02 7.899320067610254847e-02 1.852233091131177956e-02 1.851958418554006114e-02
1.287977538110346432e-02 1.288900289780753328e-02 7.312910755549356656e-02 6.907180045230620902e-02 3.442455582449352458e-01 3.083012471943408217e-01 5.756533440114673938e-01 3.049131139343372876e-01 5.756698497779494383e-01 3.082952233870956960e-01 3.442432857460475115e-01 6.908068684562351791e-02 7.312519024407349022e-02 1.288203996961656550e-02 1.289273287563530435e-02
2.373606240541747958e-02 2.373851039972213472e-02 8.947656511241153243e-02 7.571546368043285957e-02 3.548554204714922666e-01 3.100325234292998777e-01 5.810706201067424859e-01 3.136667867596294457e-01 5.810625722169875385e-01 3.100381519600958202e-01 3.548490864458323513e-01 7.570894162165137109e-02 8.947609596140648769e-02 2.372748792644902016e-02 2.373695549570614682e-02
3.762301573179904768e-02 3.760928484711600905e-02 1.106300905852277694e-01 8.531623677427863095e-02 3.690497459746815423e-01 3.141331190680531904e-01 5.678494107981632011e-01 3.210526299593539634e-01 5.678470443312998439e-01 3.141204306856238415e-01 3.690497892994392126e-01 8.530844863704489800e-02 1.106218936694938204e-01 3.761878766602622104e-02 3.761101245103337654e-02
3.560599260276625655e-02 3.559960595687827745e-02 1.088874216950774798e-01 8.631432313019382629e-02 3.687443413307551210e-01 3.127716104218490889e-01 5.567218842058446748e-01 3.488678086525952016e-01 5.567132745441083497e-01 3.127690497077137977e-01 3.687380077974389825e-01 8.632497103946273898e-02 1.088872464203375356e-01 3.560655014126035134e-02 3.560694733820873870e-02
2.356141044838117038e-02 2.356586667876170438e-02 9.491133079301161679e-02 8.390533934570176822e-02 3.688568411117143508e-01 3.169438397833148624e-01 5.412986102216007511e-01 3.733267706563664357e-01 5.413004477464464781e-01 3.169409334924129240e-01 3.688634374630472279e-01 8.390935687637873786e-02 9.491563502340516489e-02 2.356508422388764457e-02 2.356642249369877984e-02
1.838872635901361852e-02 1.838956903933741671e-02 9.022018514489021923e-02 8.348718019863055062e-02 3.782007167286243754e-01 3.310041730377513147e-01 5.248799655154277044e-01 3.875508916901938550e-01 5.248903806452833720e-01 3.310046332317150286e-01 3.782013931277540264e-01 8.348829531531481996e-02 9.020811577145992910e-02 1.839592472828271985e-02 1.838882900352389882e-02
3.010706429443887888e-02 3.009583448302677322e-02 1.128475907243630116e-01 9.515167409397079501e-02 4.049418361166772229e-01 3.532610785456427038e-01 4.978634040909477032e-01 3.729131669036768182e-01 4.978766856648723649e-01 3.532586974301087368e-01 4.049415261730108240e-01 9.514280731544910719e-02 1.128388196285896039e-01 3.009904269799162924e-02 3.010180530576472835e-02
4.243955729986470526e-02 4.244294792213854084e-02 1.377600710758122293e-01 1.087201444062376177e-01 4.285680895471797869e-01 3.709898313408998005e-01 4.777384139529342044e-01 3.515344968775384604e-01 4.777380426425266724e-01 3.709997079660810049e-01 4.285661149046272045e-01 1.087293812076191579e-01 1.377674201055021919e-01 4.244198029492968205e-02 4.244417069719319535e-02
4.075542643703666812e-02 4.075752941644561478e-02 1.432418113393429948e-01 1.168557182973633535e-01 4.367841422527820039e-01 3.768262745284327586e-01 4.559364133331230695e-01 3.180777102733939321e-01 4.559392873448146477e-01 3.768266048479189667e-01 4.367850110302017863e-01 1.168596364639475360e-01 1.432376325380615989e-01 4.075468245006935719e-02 4.075097410426636868e-02
2.784691831578006704e-02 2.784338727634699806e-02 1.283400588004634524e-01 1.144897106354565985e-01 4.328919498490418905e-01 3.769061345045183198e-01 4.343875345829486534e-01 2.748970224155240505e-01 4.343919179476577463e-01 3.769091349249560352e-01 4.328959582570704456e-01 1.144780950319255752e-01 1.283398089874146497e-01 2.784699205164259395e-02 2.784662240888735596e-02
2.555337005969648967e-02 2.555321817323596978e-02 1.285586937849021449e-01 1.165482540981647719e-01 4.385508982343359619e-01 3.803724632843790143e-01 4.136107527742056145e-01 2.159901511030027366e-01 4.136222653272297323e-01 3.803862546214801799e-01 4.385562223385496838e-01 1.165465521196558107e-01 1.285615738599588109e-01 2.555405214468553510e-02 2.555500354839118637e-02
3.675215557665700850e-02 3.675111726862545503e-02 1.477025658855775636e-01 1.247948803571160559e-01 4.544197125028640594e-01 3.871612009953200317e-01 4.101237038471475249e-01 1.637312614933982835e-01 4.101253296075839661e-01 3.871619369664023314e-01 4.544219100827789903e-01 1.247894804380093037e-01 1.477020735531063278e-01 3.674581030603712994e-02 3.674559275716154927e-02
4.781355596978115186e-02 4.781576313876562123e-02 1.696378128700647969e-01 1.380028457088857130e-01 4.634966918733351982e-01 3.816357966345078068e-01 4.074575348200237812e-01 1.236787039740767646e-01 4.074580668419675589e-01 3.816222397104638286e-01 4.635079285926658188e-01 1.380062893066756335e-01 1.696303633541595413e-01 4.781851712451024028e-02 4.780391380544990465e-02
4.380539179576342645e-02 4.381059328227232541e-02 1.675541417838603553e-01 1.421542620817590197e-01 4.529729275335554473e-01 3.623512087724241049e-01 4.016699786209391165e-01 1.028531404240194957e-01 4.016690554782445521e-01 3.623554585441441933e-01 4.529686544621908117e-01 1.421598333365561850e-01 1.675533936559447379e-01 4.379797689759684642e-02 4.379840430783260574e-02
3.520281410063957894e-02 3.521703037575329986e-02 1.554955924372123932e-01 1.400852177291884715e-01 4.370974552405669789e-01 3.421393207220142507e-01 3.896335942982049327e-01 9.161791021005433189e-02 3.896380626305742112e-01 3.421327248733012638e-01 4.370952368636824570e-01 1.400971864860599547e-01 1.554966759601441595e-01 3.521548458605811005e-02 3.520822559624686710e-02
3.605755571852836683e-02 3.605284963330912529e-02 1.522275808766691552e-01 1.369753759584330655e-01 4.323620835405464491e-01 3.349405198207464074e-01 3.845821752798426196e-01 9.183485409643565855e-02 3.845830275251557184e-01 3.349380282753809945e-01 4.323671443633240186e-01 1.369658055025246290e-01 1.522187786453116920e-01 3.605443265339680625e-02 3.605490076641182373e-02
4.729872342124286089e-02 4.729930916198055169e-02 1.655238541059047552e-01 1.403173553462395140e-01 4.430830620643145812e-01 3.389539353968979984e-01 3.896388382223605618e-01 1.084873285112117891e-01 3.896250159276946068e-01 3.389466818863611230e-01 4.430904403184964258e-01 1.403203042665996936e-01 1.655249277701160149e-01 4.729427286837112332e-02 4.730097234305574716e-02
5.736670343663136107e-02 5.736799559842731266e-02 1.865712268443306399e-01 1.532608783063099112e-01 4.577918445404117742e-01 3.388582004462964425e-01 3.848496977188078372e-01 1.348288024010931840e-01 3.848619775796111031e-01 3.388434059220732930e-01 4.577885771647616786e-01 1.532528893936748737e-01 1.865680581386692238e-01 5.737355161096230338e-02 5.736309266138378549e-02
5.349526084967670680e-02 5.349659762815639485e-02 1.885896511914061935e-01 1.591614242586557038e-01 4.571516984017701679e-01 3.325363263884192344e-01 3.777716493963772515e-01 1.727714767657364536e-01 3.777651423303347022e-01 3.325416740896921519e-01 4.571573066054914758e-01 1.591556609427243751e-01 1.885925302644383961e-01 5.349694727302234387e-02 5.349593673890523648e-02
4.649758681791743564e-02 4.650305006630134352e-02 1.803904987773725654e-01 1.575503917271331988e-01 4.452374199433903335e-01 3.259366156428920580e-01 3.614878639571544872e-01 2.018230735931838549e-01 3.614797665270182980e-01 3.259282180063153289e-01 4.452358062143779160e-01 1.575440243529147022e-01 1.803886624501775948e-01 4.649660861447413307e-02 4.650082384789266943e-02
4.666366726711806967e-02 4.666951522672052599e-02 1.765878503308473402e-01 1.533804616980612989e-01 4.365783009386881020e-01 3.289579397548884065e-01 3.508285526659785103e-01 2.201451436877813195e-01 3.508292591369200353e-01 3.289620631470266399e-01 4.365767476423459970e-01 1.533646237108766686e-01 1.765879765307893923e-01 4.666070816352418937e-02 4.667218374454923380e-02
5.867132782453166051e-02 5.867136332112754538e-02 1.967193058436340070e-01 1.637367932903861512e-01 4.430708231665398955e-01 3.333845132990640447e-01 3.450459909938182745e-01 2.266847358434727067e-01 3.450434686317527255e-01 3.333905873529692254e-01 4.430560256736520985e-01 1.637231526414667515e-01 1.967264866098554776e-01 5.867309242469048725e-02 5.866562621885790252e-02
6.700244286121370685e-02 6.699785914270112164e-02 2.194095498429015079e-01 1.802826727689024744e-01 4.522634831528916100e-01 3.321489936095032292e-01 3.499637417945188900e-01 2.312754091191574490e-01 3.499660627859054740e-01 3.321561612488102000e-01 4.522682976644472053e-01 1.802849482066982700e-01 2.194174501244290920e-01 6.700529724255516184e-02 6.700118032154550596e-02
6.628299281543242882e-02 6.628262835292192401e-02 2.279233479763249637e-01 1.912831377298612745e-01 4.451457120543139134e-01 3.167498298640269994e-01 3.417398016658749205e-01 2.197798944401673227e-01 3.417375520430359082e-01 3.167374603627270968e-01 4.451400982707970355e-01 1.912761227321481128e-01 2.279295698615976251e-01 6.628277910803476169e-02 6.628376401251789840e-02
5.924833785633248917e-02 5.925800015241022844e-02 2.164299450340611553e-01 1.865310179059816997e-01 4.270326716770189157e-01 3.032719985860842238e-01 3.211942815735271406e-01 1.849715289506351779e-01 3.211930520148101875e-01 3.032680675719209296e-01 4.270402839370031067e-01 1.865342869695835737e-01 2.164235954204302148e-01 5.925542514248821613e-02 5.924873968586047424e-02
