0.000000000000000000e+00 0.000000000000000000e+00 0.000000000000000000e+00 0.000000000000000000e+00 0.000000000000000000e+00 0.000000000000000000e+00 1.000000000000000000e+00 1.000000000000000000e+00 1.000000000000000000e+00 0.000000000000000000e+00 0.000000000000000000e+00 0.000000000000000000e+00 0.000000000000000000e+00 0.000000000000000000e+00 0.000000000000000000e+00
2.497917360986756652e-03 2.497917360986756652e-03 4.983355539689204861e-03 2.497917360986701141e-03 4.983355539689149349e-03 2.497917360986701141e-03 9.950166444603107951e-01 9.975020826390132989e-01 9.950166444603107951e-01 2.497917360986701141e-03 4.983355539689204861e-03 2.497917360986701141e-03 4.983355539689204861e-03 2.497917360986590118e-03 2.497917360986590118e-03
9.554725876405933960e-03 9.554725876405933960e-03 1.891808336681205516e-02 9.555751930495182123e-03 1.932747382682298287e-02 9.964501603973052735e-03 9.806721417738207824e-01 9.904442481652252495e-01 9.806721417738126778e-01 9.964501603973163757e-03 1.932747382682326043e-02 9.555751930495182123e-03 1.891808336681211067e-02 9.554725876406044982e-03 9.554725876406044982e-03
1.994587115770662944e-02 1.994587115770662944e-02 3.898743963678730218e-02 1.996152922901250903e-02 4.134031011199434946e-02 2.230403999508190349e-02 9.586546738085217623e-01 9.800383258283427157e-01 9.586546738112581290e-01 2.230403999237362545e-02 4.134031010939653861e-02 1.996152922901056614e-02 3.898743963678513724e-02 1.994587115770668495e-02 1.994587115770668495e-02
3.189954122055332908e-02 3.189954122055332908e-02 6.120617985282017504e-02 3.199146776016048577e-02 6.859127275998677664e-02 3.931701445193103162e-02 9.313801126120865304e-01 9.680063982985922522e-01 9.313801126266083585e-01 3.931701443709478827e-02 6.859127274614801317e-02 3.199146776010181048e-02 6.120617985276338713e-02 3.189954122055277397e-02 3.189954122055277397e-02
4.343969351729226602e-02 4.343969351729226602e-02 8.130641795763149382e-02 4.377948640885143128e-02 9.839848495551528629e-02 6.066250284798946346e-02 9.014950164921035070e-01 9.562065510259044609e-01 9.014950165098647439e-01 6.066250282995211407e-02 9.839848493919384209e-02 4.377948640867385111e-02 8.130641795732879151e-02 4.343969351738224960e-02 4.343969351738224960e-02
5.275954824504897056e-02 5.275954824504897056e-02 9.566742513833231820e-02 5.370511293272572928e-02 1.283419083954276951e-01 8.584083438581946446e-02 8.713537709697192213e-01 9.462351226884893052e-01 8.713537709653872421e-01 8.584083438295603274e-02 1.283419083911954695e-01 5.370511294013324832e-02 9.566742514371273653e-02 5.275954824549661248e-02 5.275954824549661248e-02
5.854853259099956908e-02 5.854853259099956908e-02 1.020740644756558679e-01 6.071190614747007386e-02 1.566848629851004260e-01 1.142133860689460989e-01 8.425892940769195150e-01 9.390940752618650578e-01 8.425892941205594955e-01 1.142133861086343516e-01 1.566848630101845274e-01 6.071190615137095348e-02 1.020740644678450049e-01 5.854853259492520667e-02 5.854853259492520667e-02
6.020821624791355964e-02 6.020821624791355964e-02 1.001350497330926737e-01 6.448911139677632187e-02 1.826117621838070360e-01 1.450636548138493631e-01 8.158704242905696624e-01 9.349948552313775973e-01 8.158704243860288585e-01 1.450636548415780158e-01 1.826117621906370170e-01 6.448911139505170143e-02 1.001350497205442669e-01 6.020821624789257642e-02 6.020821624789257642e-02
5.791898444989940220e-02 5.791898444989940220e-02 9.127844154035813506e-02 6.548563785039723806e-02 2.062370582272564645e-01 1.776886604491879629e-01 7.908912330844352079e-01 9.333368295588291286e-01 7.908912331959453423e-01 1.776886604801779512e-01 2.062370582223425064e-01 6.548563782898686458e-02 9.127844150752828511e-02 5.791898444089593756e-02 5.791898444089593756e-02
