0.000000000000000000e+00 0.000000000000000000e+00 0.000000000000000000e+00 0.000000000000000000e+00 0.000000000000000000e+00 0.000000000000000000e+00 0.000000000000000000e+00 0.000000000000000000e+00 0.000000000000000000e+00 0.000000000000000000e+00 1.000000000000000000e+00 1.000000000000000000e+00 1.000000000000000000e+00 0.000000000000000000e+00 0.000000000000000000e+00 0.000000000000000000e+00 0.000000000000000000e+00 0.000000000000000000e+00 0.000000000000000000e+00 0.000000000000000000e+00 0.000000000000000000e+00 0.000000000000000000e+00 0.000000000000000000e+00
5.346352340077753507e-02 5.346352340077753507e-02 1.012103501327109023e-01 5.346352340077753507e-02 1.012103501327112354e-01 5.346352340077753507e-02 1.012103501327110688e-01 5.346352340077753507e-02 1.012103501327111799e-01 5.346352340077759058e-02 8.987896498672889312e-01 9.465364765992224649e-01 8.987896498672889312e-01 5.346352340077775711e-02 1.012103501327112909e-01 5.346352340077775711e-02 1.012103501327112909e-01 5.346352340077797916e-02 1.012103501327113464e-01 5.346352340077786813e-02 1.012103501327112909e-01 5.346352340077781262e-02 5.346352340077781262e-02
1.260383557460050263e-01 1.260383557460050263e-01 1.987752243952993769e-01 1.299072713339498586e-01 2.025740321166824010e-01 1.299072713339373131e-01 2.025740321214354323e-01 1.299072713286356096e-01 2.660306136368962848e-01 1.945349585726521835e-01 7.327982806419836015e-01 8.700927286663431293e-01 7.327982806348939393e-01 1.945349585820960181e-01 2.660306136292007739e-01 1.299072713343833452e-01 2.025740321210049988e-01 1.299072713300298831e-01 2.025740321198377658e-01 1.299072713283291325e-01 1.987752243970370980e-01 1.260383557408781829e-01 1.260383557408781829e-01
1.239190620208102112e-01 1.239190620208102112e-01 1.381621665575172853e-01 1.525898992245510732e-01 1.643657411124436196e-01 1.528697853838667520e-01 1.700843781853764169e-01 1.575450461793346246e-01 3.550813668929139189e-01 3.552449798643017020e-01 6.339612131798677552e-01 8.390920332667060055e-01 6.339612131559340114e-01 3.552449798557759664e-01 3.550813668797819234e-01 1.575450461611459518e-01 1.700843781693803236e-01 1.528697853839648957e-01 1.643657411112436906e-01 1.525898992156448641e-01 1.381621665481472250e-01 1.239190620171480850e-01 1.239190620171480850e-01
9.705247419175938584e-02 9.705247419175938584e-02 9.129544268130895812e-02 1.563474956683712502e-01 1.351039323330783248e-01 1.613102282924827602e-01 1.781633721194225140e-01 1.953916857316495559e-01 4.221283064323286260e-01 4.842550578550958162e-01 5.330439534627320342e-01 7.867536226869864535e-01 5.330439534619282327e-01 4.842550578155904173e-01 4.221283064492102888e-01 1.953916857146467678e-01 1.781633720935415499e-01 1.613102283104121404e-01 1.351039323816378701e-01 1.563474956778235225e-01 9.129544266042827205e-02 9.705247419398910225e-02 9.705247419398910225e-02
1.034329661133392975e-01 1.034329661133392975e-01 1.077740316848989077e-01 1.540052296085107075e-01 1.322601853662081495e-01 1.797163201611210459e-01 2.546778028640524494e-01 2.822159201129312844e-01 4.764347436649282730e-01 5.926497721035615118e-01 4.092186132965638934e-01 6.885303970824281361e-01 4.092186133098378309e-01 5.926497719792420682e-01 4.764347436259883106e-01 2.822159200752704655e-01 2.546778028391183391e-01 1.797163201462897986e-01 1.322601853551320650e-01 1.540052296048971536e-01 1.077740316531908826e-01 1.034329661499835407e-01 1.034329661499835407e-01
1.217755242711950903e-01 1.217755242711950903e-01 9.688822648276884664e-02 1.431846885192046837e-01 1.223991856355065022e-01 2.076950380417996733e-01 3.096367103181136282e-01 3.896673641737926075e-01 4.524550380075312295e-01 6.687455097419380268e-01 3.337371074828726081e-01 6.043518103119679408e-01 3.337371074254977810e-01 6.687455095673536798e-01 4.524550379383073251e-01 3.896673640552192897e-01 3.096367102510230174e-01 2.076950379812766423e-01 1.223991855942809792e-01 1.431846885626130716e-01 9.688822648312483965e-02 1.217755242756710654e-01 1.217755242756710654e-01
1.293698102444663101e-01 1.293698102444663101e-01 9.800051400089510034e-02 1.595979595396962436e-01 1.700518817770308999e-01 2.634858491257185964e-01 3.548062145289722635e-01 4.931272236746727100e-01 3.715173253316907953e-01 6.735466787443348258e-01 3.048193423541168956e-01 5.730809763281250468e-01 3.048193423184318296e-01 6.735466785793418065e-01 3.715173253241482731e-01 4.931272234735209481e-01 3.548062144793595607e-01 2.634858489989495567e-01 1.700518816966120061e-01 1.595979595728234113e-01 9.800051396058362396e-02 1.293698102479934886e-01 1.293698102479934886e-01
1.308419428835259080e-01 1.308419428835259080e-01 1.470462287635856402e-01 2.073895226412635906e-01 2.409915342229001500e-01 3.505622238069732721e-01 3.729886981841365468e-01 5.786537167309951935e-01 2.915618094953656980e-01 6.255194380220880923e-01 2.870480464089518735e-01 5.932671665537385675e-01 2.870480463442038332e-01 6.255194378428862167e-01 2.915618094801407101e-01 5.786537164057640181e-01 3.729886982430692388e-01 3.505622235012271215e-01 2.409915342851272624e-01 2.073895224391652525e-01 1.470462287988047456e-01 1.308419426365306504e-01 1.308419426365306504e-01
1.339159845305346597e-01 1.339159845305346597e-01 1.993408880580421205e-01 2.639347239487663255e-01 2.894840852897951899e-01 4.489799218918070212e-01 3.340816978995274633e-01 6.230840894865945501e-01 2.337484347093649606e-01 5.793969649388890364e-01 2.766922021278342414e-01 6.281867397187747004e-01 2.766922028873772255e-01 5.793969660656553833e-01 2.337484368598883866e-01 6.230840893256179847e-01 3.340816980778952283e-01 4.489799215239965724e-01 2.894840853797228108e-01 2.639347238242456539e-01 1.993408879157242408e-01 1.339159843817606110e-01 1.339159843817606110e-01
1.509275328897438651e-01 1.509275328897438651e-01 2.495210542077029303e-01 3.294154405537723651e-01 3.391352923119448914e-01 5.298704348028978606e-01 2.735120510759095902e-01 6.169106349555167901e-01 2.137232960884384303e-01 5.649315345122286613e-01 2.630273661312425570e-01 6.333465647268640142e-01 2.630273657415410082e-01 5.649315361293104631e-01 2.137233003736985770e-01 6.169106349592070604e-01 2.735120506832753318e-01 5.298704344044755654e-01 3.391352924987270923e-01 3.294154404925097035e-01 2.495210539521786064e-01 1.509275329678114730e-01 1.509275329678114730e-01
1.907363426446671006e-01 1.907363426446671006e-01 3.021624762762673555e-01 4.041867007794461841e-01 3.482411022496774700e-01 5.761267279779522799e-01 2.196159317759928675e-01 5.849961015118775309e-01 2.268301912469616877e-01 5.804681564247415881e-01 2.371342210366667591e-01 6.097440648009478936e-01 2.371342155700458809e-01 5.804681557014994553e-01 2.268301940506999292e-01 5.849961020940110945e-01 2.196159289525549396e-01 5.761267280594447593e-01 3.482411022231061692e-01 4.041867006356303360e-01 3.021624760054013037e-01 1.907363429731454563e-01 1.907363429731454563e-01
2.473411536478807848e-01 2.473411536478807848e-01 3.333049509469400706e-01 4.796920025580400093e-01 2.976894358789196060e-01 5.896557782687310567e-01 1.964159063738293853e-01 5.607594462142286851e-01 2.365482912697936535e-01 6.005721033300018830e-01 2.139116766796192448e-01 5.850873874815382125e-01 2.139116685850515065e-01 6.005721044016947285e-01 2.365482960754735631e-01 5.607594472587722478e-01 1.964159024970686951e-01 5.896557798126470518e-01 2.976894358048677858e-01 4.796920025355780326e-01 3.333049510264527449e-01 2.473411543536520041e-01 2.473411543536520041e-01
3.131102901059441557e-01 3.131102901059441557e-01 3.342557254152810908e-01 5.435720598161989381e-01 2.468596054409754603e-01 5.803409061201315611e-01 2.094324786505720182e-01 5.563637733637657456e-01 2.256277694375185550e-01 6.018148108253431605e-01 2.035179531426439814e-01 5.740947708605455002e-01 2.035179466869485032e-01 6.018148169746946330e-01 2.256277821552018503e-01 5.563637722493091076e-01 2.094324768094528166e-01 5.803409073342364888e-01 2.468596048734913451e-01 5.435720601576926603e-01 3.342557255323206356e-01 3.131102908798091278e-01 3.131102908798091278e-01
3.860279996527358759e-01 3.860279996527358759e-01 3.114152035664640161e-01 5.818478634098869229e-01 2.110534184222004894e-01 5.640083239201379994e-01 2.195488333943230730e-01 5.655371503653602305e-01 2.125676451636170916e-01 5.893871204459070201e-01 1.972357193083660865e-01 5.767015246757967173e-01 1.972357108639797851e-01 5.893871236149926807e-01 2.125676574029461419e-01 5.655371430499649410e-01 2.195488290647493179e-01 5.640083200652735718e-01 2.110534168954998346e-01 5.818478642876342422e-01 3.114152039084195356e-01 3.860280002090016316e-01 3.860280002090016316e-01
