0.000000000000000000e+00 0.000000000000000000e+00 0.000000000000000000e+00 0.000000000000000000e+00 0.000000000000000000e+00 0.000000000000000000e+00 0.000000000000000000e+00 0.000000000000000000e+00 0.000000000000000000e+00 0.000000000000000000e+00 1.000000000000000000e+00 1.000000000000000000e+00 1.000000000000000000e+00 0.000000000000000000e+00 0.000000000000000000e+00 0.000000000000000000e+00 0.000000000000000000e+00 0.000000000000000000e+00 0.000000000000000000e+00 0.000000000000000000e+00 0.000000000000000000e+00 0.000000000000000000e+00 0.000000000000000000e+00
4.892001893681607871e-03 4.892001893681607871e-03 9.736140422308359188e-03 4.892001893681663383e-03 9.736140422308248166e-03 4.892001893681718894e-03 9.736140422308192655e-03 4.892001893681718894e-03 9.736140422308137143e-03 4.892001893681718894e-03 9.902638595776919184e-01 9.951079981063183366e-01 9.902638595776920294e-01 4.892001893681663383e-03 9.736140422307804076e-03 4.892001893681607871e-03 9.736140422307637543e-03 4.892001893681663383e-03 9.736140422307637543e-03 4.892001893681663383e-03 9.736140422307526521e-03 4.892001893681663383e-03 4.892001893681663383e-03
1.866929934648631217e-02 1.866929934648631217e-02 3.660812436877669551e-02 1.867320691610657724e-02 3.661202545711089718e-02 1.867320618165557722e-02 3.661202477892921969e-02 1.867320621019058491e-02 3.740166483947882092e-02 1.946430688232331230e-02 9.625968745508404201e-01 9.813267937605019142e-01 9.625968745508403090e-01 1.946430688232347883e-02 3.740166483947893195e-02 1.867320621019047389e-02 3.661202477892910867e-02 1.867320618165574375e-02 3.661202545711100820e-02 1.867320691610696581e-02 3.660812436877691756e-02 1.866929934648647871e-02 1.866929934648647871e-02
3.883836544519636558e-02 3.883836544519636558e-02 7.425148636188072526e-02 3.889661013569462034e-02 7.430945697289398355e-02 3.889661090572771318e-02 7.431016693656156136e-02 3.889728982147733216e-02 7.874713525964260885e-02 4.335359569301844296e-02 9.212340458080829908e-01 9.611021481175051617e-01 9.212340458079297800e-01 4.335359569279906289e-02 7.874713526614662840e-02 3.889728982879880892e-02 7.431016694426234581e-02 3.889661090626689299e-02 7.430945696638174836e-02 3.889661012887651870e-02 7.425148634825468053e-02 3.883836543828617094e-02 3.883836543828617094e-02
6.186673101672157671e-02 6.186673101672157671e-02 1.140129626390365414e-01 6.219759196867657991e-02 1.143408082162498673e-01 6.219769436287791997e-02 1.143507173499941354e-01 6.220705892266170656e-02 1.278450981986766766e-01 7.581332061387002774e-02 8.720499182197820609e-01 9.377851913027427377e-01 8.720499182198296895e-01 7.581332061203632788e-02 1.278450982094678778e-01 6.220705893803490927e-02 1.143507173866242232e-01 6.219769435979194405e-02 1.143408082023442129e-01 6.219759195738816526e-02 1.140129626171858535e-01 6.186673100555717397e-02 6.186673100555717397e-02
8.395129362721581723e-02 8.395129362721581723e-02 1.472616808283372936e-01 8.512268432776509686e-02 1.484144406006384087e-01 8.512387519435726801e-02 1.484781466540035511e-01 8.518287745278263490e-02 1.784742446429711804e-01 1.156006214780983532e-01 8.211449928290991407e-01 9.147684956014563440e-01 8.211449928320466718e-01 1.156006214785781916e-01 1.784742446605087074e-01 8.518287747698732870e-02 1.484781467144230538e-01 8.512387519260733448e-02 1.484144405824427970e-01 8.512268431244396361e-02 1.472616807991440346e-01 8.395129361140030166e-02 8.395129361140030166e-02
1.018082783271089253e-01 1.018082783271089253e-01 1.675904166313369470e-01 1.048996268133765564e-01 1.706008976659329490e-01 1.049072422032900076e-01 1.708697648536224856e-01 1.051502183916713240e-01 2.254715697706380917e-01 1.609620546086351633e-01 7.734727067308055926e-01 8.946515110123451908e-01 7.734727067307916037e-01 1.609620546113335049e-01 2.254715697744508751e-01 1.051502183991477324e-01 1.708697648708140115e-01 1.049072422084896261e-01 1.706008976477019767e-01 1.048996267936939675e-01 1.675904165986359939e-01 1.018082783081776799e-01 1.018082783081776799e-01
1.132965746867896084e-01 1.132965746867896084e-01 1.722816012746832826e-01 1.199348021173052281e-01 1.786474262541420943e-01 1.199685761580315813e-01 1.795086358560608608e-01 1.207267745629478917e-01 2.656892700558741716e-01 2.097681616036601859e-01 7.318783364968614036e-01 8.786655900783983952e-01 7.318783365007843766e-01 2.097681616055893095e-01 2.656892700569072341e-01 1.207267745653396451e-01 1.795086358778543167e-01 1.199685761707844356e-01 1.786474262395831847e-01 1.199348020939793313e-01 1.722816012328206581e-01 1.132965746647170979e-01 1.132965746647170979e-01
1.177381989733831125e-01 1.177381989733831125e-01 1.626600001504779347e-01 1.299295696799391830e-01 1.740984789221748930e-01 1.300456100228620238e-01 1.763588614513094122e-01 1.319858778625382922e-01 2.983249394572261570e-01 2.597835201013100059e-01 6.967825287617546159e-01 8.665033972319675648e-01 6.967825287415982949e-01 2.597835201223138157e-01 2.983249394627878193e-01 1.319858778865256044e-01 1.763588615034161200e-01 1.300456099957177369e-01 1.740984788752218959e-01 1.299295696578211534e-01 1.626600001081870972e-01 1.177381989415037244e-01 1.177381989415037244e-01
1.158848222642450687e-01 1.158848222642450687e-01 1.433067675944204589e-01 1.356356399097478072e-01 1.612891257908541931e-01 1.359654598324682162e-01 1.663800258164787049e-01 1.402390262397271159e-01 3.245892368271208750e-01 3.090016979690324850e-01 6.665416226932823207e-01 8.565710500156940022e-01 6.665416226647218334e-01 3.090016979848009826e-01 3.245892368052874510e-01 1.402390262550252675e-01 1.663800258568530199e-01 1.359654597924974673e-01 1.612891257389411082e-01 1.356356398899445925e-01 1.433067675631959914e-01 1.158848222304935671e-01 1.158848222304935671e-01
1.095719408158865593e-01 1.095719408158865593e-01 1.204508358613086139e-01 1.383750827313889875e-01 1.456390274562513465e-01 1.391836276653995452e-01 1.557791558150146138e-01 1.475484692883668458e-01 3.468693615630803473e-01 3.559439711248559846e-01 6.383199288226995005e-01 8.465590990177054298e-01 6.383199288044293374e-01 3.559439711670296935e-01 3.468693615458904866e-01 1.475484693122475210e-01 1.557791558450766778e-01 1.391836276214054036e-01 1.456390274175969890e-01 1.383750827212880674e-01 1.204508358471623186e-01 1.095719407798638745e-01 1.095719407798638745e-01
1.011765773878952057e-01 1.011765773878952057e-01 1.000765619063607170e-01 1.395038439680659215e-01 1.318679637246513714e-01 1.412625677516279876e-01 1.501055873542777030e-01 1.561397580704511623e-01 3.676805216521757957e-01 3.998285826374676777e-01 6.091757430762848591e-01 8.341451596772161414e-01 6.091757430940608620e-01 3.998285826614249583e-01 3.676805215980094577e-01 1.561397581039067894e-01 1.501055873767878079e-01 1.412625677117939627e-01 1.318679636892761686e-01 1.395038439592979906e-01 1.000765619075411617e-01 1.011765773432575233e-01 1.011765773432575233e-01
9.303156534626710883e-02 9.303156534626710883e-02 8.632859015511151757e-02 1.399904634350568333e-01 1.227222743492696888e-01 1.434528903522244714e-01 1.527874401206433252e-01 1.678822886227325228e-01 3.887325463853634755e-01 4.405569667843483583e-01 5.770286644964796041e-01 8.176214061692719248e-01 5.770286646343947279e-01 4.405569665976530880e-01 3.887325462281148170e-01 1.678822886043752072e-01 1.527874401159808881e-01 1.434528903398822886e-01 1.227222743338437505e-01 1.399904634238868795e-01 8.632859016514515815e-02 9.303156530118250611e-02 9.303156530118250611e-02
8.694209240551126205e-02 8.694209240551126205e-02 8.065402074394928400e-02 1.402235058359175279e-01 1.185713126397101025e-01 1.464817998484638228e-01 1.645066649449515306e-01 1.839546025138997232e-01 4.103720954056765957e-01 4.785193714795803466e-01 5.412445534043482942e-01 7.962858152242002774e-01 5.412445534490075705e-01 4.785193713805006022e-01 4.103720952818815659e-01 1.839546026210564511e-01 1.645066649735777431e-01 1.464817998276728983e-01 1.185713127663667321e-01 1.402235057821495379e-01 8.065402076319755365e-02 8.694209233132788039e-02 8.694209233132788039e-02
8.390514158794204480e-02 8.390514158794204480e-02 8.185598600886212495e-02 1.400756302328061143e-01 1.178978267224369270e-01 1.505704078901687337e-01 1.834961727859705793e-01 2.047373633300115792e-01 4.315220687767552521e-01 5.142780253128149681e-01 5.027161591335206348e-01 7.705251585348803500e-01 5.027161592837648962e-01 5.142780250098187844e-01 4.315220685487645147e-01 2.047373633169775053e-01 1.834961727863019809e-01 1.505704078665873746e-01 1.178978268300506227e-01 1.400756301682463678e-01 8.185598604316574045e-02 8.390514150495975709e-02 8.390514150495975709e-02
8.406622288704745927e-02 8.406622288704745927e-02 8.693556054861467652e-02 1.391662568551800816e-01 1.183914140696584738e-01 1.556238520903088784e-01 2.065337690410336546e-01 2.299071218380400738e-01 4.500779614008697527e-01 5.482239585395568549e-01 4.634809565399058418e-01 7.416181087679064587e-01 4.634809565135118992e-01 5.482239583903457669e-01 4.500779612643311944e-01 2.299071218559831098e-01 2.065337691353167360e-01 1.556238520822287863e-01 1.183914141997497449e-01 1.391662567672308781e-01 8.693556057909329615e-02 8.406622280596587338e-02 8.406622280596587338e-02
8.688126843603832805e-02 8.688126843603832805e-02 9.236736254787214495e-02 1.372041596250972439e-01 1.181695523815339266e-01 1.614903106445483849e-01 2.302065065165506685e-01 2.586586039585722085e-01 4.635891417724595787e-01 5.803120676497253161e-01 4.260513944771868178e-01 7.113633884786215722e-01 4.260513944209863846e-01 5.803120674801768297e-01 4.635891416678445398e-01 2.586586039011781191e-01 2.302065067424862166e-01 1.614903106313456682e-01 1.181695525089671572e-01 1.372041595176128337e-01 9.236736257670569161e-02 8.688126834748194360e-02 8.688126834748194360e-02
9.140367422937745179e-02 9.140367422937745179e-02 9.535743174458899407e-02 1.342740002706482305e-01 1.166534493309333009e-01 1.681801364109022368e-01 2.519853308426721061e-01 2.899678683254262035e-01 4.699878969327140332e-01 6.099546788259750940e-01 3.926959099521719065e-01 6.816699259446710180e-01 3.926959098567120998e-01 6.099546784935544474e-01 4.699878967918704187e-01 2.899678680178605639e-01 2.519853311943163199e-01 1.681801363404885619e-01 1.166534494541565103e-01 1.342740001224377866e-01 9.535743170712346339e-02 9.140367409522437425e-02 9.140367409522437425e-02
9.659824176304326881e-02 9.659824176304326881e-02 9.468917517313546472e-02 1.309609423438413134e-01 1.148009449129370751e-01 1.759710152121948257e-01 2.707776343487370285e-01 3.228212508504474387e-01 4.681441403749384556e-01 6.361035443741583917e-01 3.648908242454508288e-01 6.542285658386481906e-01 3.648908239938070119e-01 6.361035441682439950e-01 4.681441403409870028e-01 3.228212505168253088e-01 2.707776350664299336e-01 1.759710151951122126e-01 1.148009450525825925e-01 1.309609422298990133e-01 9.468917515641589455e-02 9.659824165468289259e-02 9.659824165468289259e-02
1.015959883019081911e-01 1.015959883019081911e-01 9.094094916848088905e-02 1.282729167816200611e-01 1.146686236170064710e-01 1.853804434102196419e-01 2.868527893982759647e-01 3.563632068804503117e-01 4.581049831656700544e-01 6.574908773572836207e-01 3.430782884354506845e-01 6.303314816334476545e-01 3.430782880837222049e-01 6.574908770663979718e-01 4.581049831142138262e-01 3.563632062726637129e-01 2.868527903283344394e-01 1.853804433184415568e-01 1.146686237196046232e-01 1.282729166861059644e-01 9.094094916217476676e-02 1.015959882084305765e-01 1.015959882084305765e-01
1.058382851190458052e-01 1.058382851190458052e-01 8.608748373540436871e-02 1.273965759084904059e-01 1.185330885286489111e-01 1.970390456860188211e-01 3.012719067696565389e-01 3.899490940856118470e-01 4.409927631627724165e-01 6.729520265071051721e-01 3.267504361779403066e-01 6.108400745719222424e-01 3.267504357939340354e-01 6.729520263158516036e-01 4.409927630224481088e-01 3.899490934837533951e-01 3.012719081161688850e-01 1.970390456409508717e-01 1.185330886354985513e-01 1.273965758228682854e-01 8.608748375802904862e-02 1.058382850155454302e-01 1.058382850155454302e-01
1.091013766176507360e-01 1.091013766176507360e-01 8.269567553286383266e-02 1.293819448051971022e-01 1.279512305023827179e-01 2.115269979448655135e-01 3.151125703777853393e-01 4.231162444939468026e-01 4.186425852077343412e-01 6.817315355656802245e-01 3.147755851560817275e-01 5.962501800532231666e-01 3.147755848656684785e-01 6.817315353959201296e-01 4.186425848254131665e-01 4.231162437892898032e-01 3.151125719360430844e-01 2.115269978649770288e-01 1.279512305750010737e-01 1.293819447355208374e-01 8.269567557578644257e-02 1.091013764708937961e-01 1.091013764708937961e-01
1.114292258531130453e-01 1.114292258531130453e-01 8.303114427842672729e-02 1.348713019322476114e-01 1.431331031581471458e-01 2.292344478479839687e-01 3.288135987627124335e-01 4.555029982816751755e-01 3.931282244126582670e-01 6.836870860424555385e-01 3.058215302346701803e-01 5.867814543845010222e-01 3.058215301144521225e-01 6.836870858786440186e-01 3.931282235863682861e-01 4.555029975470878401e-01 3.288136004341393193e-01 2.292344477748425313e-01 1.431331032101620382e-01 1.348713019112873779e-01 8.303114433699254615e-02 1.114292257249097085e-01 1.114292257249097085e-01
1.130228675870684207e-01 1.130228675870684207e-01 8.837960883739887086e-02 1.439640413664197149e-01 1.628521819458860209e-01 2.502825145284547359e-01 3.418762829325523445e-01 4.867510818602811540e-01 3.663359863960967688e-01 6.793440950241289578e-01 2.987270445472857139e-01 5.824299433402775339e-01 2.987270447483930669e-01 6.793440948522535550e-01 3.663359850343055335e-01 4.867510809685279272e-01 3.418762845368585324e-01 2.502825143141705899e-01 1.628521819164556739e-01 1.439640412784902734e-01 8.837960889742590975e-02 1.130228673986179433e-01 1.130228673986179433e-01
1.141355684525616199e-01 1.141355684525616199e-01 9.877566384658958976e-02 1.562538437134504132e-01 1.848942029307405477e-01 2.745095056953028578e-01 3.529934049613646652e-01 5.164236778275423934e-01 3.397036206816316239e-01 6.698027514683846384e-01 2.927178191107364658e-01 5.829590568140924356e-01 2.927178196542727928e-01 6.698027514042543817e-01 3.397036186471938946e-01 5.164236769349912493e-01 3.529934064330494392e-01 2.745095054689429270e-01 1.848942028309544794e-01 1.562538436620449223e-01 9.877566393739739548e-02 1.141355683140576893e-01 1.141355683140576893e-01
1.150072799814018110e-01 1.150072799814018110e-01 1.131689240496785986e-01 1.710093704724407471e-01 2.068368169880785978e-01 3.015028464638636052e-01 3.605073614130597792e-01 5.439630225143898823e-01 3.141677415776806814e-01 6.565408794840843498e-01 2.874340225666695003e-01 5.878465523806187809e-01 2.874340235169440261e-01 6.565408796220744136e-01 3.141677387170505042e-01 5.439630217892253983e-01 3.605073628265337282e-01 3.015028463713398943e-01 2.068368168967222864e-01 1.710093705241534368e-01 1.131689241274103086e-01 1.150072799283758385e-01 1.150072799283758385e-01
1.158492531525959768e-01 1.158492531525959768e-01 1.299076751794152051e-01 1.874221801335240745e-01 2.268390654103065174e-01 3.306504232006485244e-01 3.629861715791184995e-01 5.686998828788972782e-01 2.902850153477071204e-01 6.411774180631394371e-01 2.828062337205721199e-01 5.962343392908447948e-01 2.828062348918995994e-01 6.411774184237051255e-01 2.902850116816431125e-01 5.686998821941233739e-01 3.629861728931069731e-01 3.306504231849178299e-01 2.268390653239720223e-01 1.874221802007927096e-01 1.299076752400861734e-01 1.158492530991546143e-01 1.158492530991546143e-01
1.168669196614489647e-01 1.168669196614489647e-01 1.473301750023407464e-01 2.048305839150736385e-01 2.441368001312367864e-01 3.611927058327746298e-01 3.596886138358671436e-01 5.899144897309060998e-01 2.684387574632834950e-01 6.252599823037383597e-01 2.788595183121331811e-01 6.069332003147326349e-01 2.788595197333032516e-01 6.252599829737879311e-01 2.684387530583480785e-01 5.899144890714960177e-01 3.596886151553139177e-01 3.611927058584454286e-01 2.441368000287986173e-01 2.048305839903271086e-01 1.473301749703202490e-01 1.168669196588757453e-01 1.168669196588757453e-01
1.182965117956799594e-01 1.182965117956799594e-01 1.642490772047087155e-01 2.228494534383312353e-01 2.590743711858732312e-01 3.922721891516974813e-01 3.507609152718969003e-01 6.069363035411058371e-01 2.490271626315571085e-01 6.101180826553422865e-01 2.755343713400408290e-01 6.185133418323568444e-01 2.755343730700775540e-01 6.101180836525760265e-01 2.490271577151309534e-01 6.069363027246772457e-01 3.507609167029784869e-01 3.922721891389630011e-01 2.590743710416271717e-01 2.228494533118271503e-01 1.642490770357724061e-01 1.182965117992405002e-01 1.182965117992405002e-01
1.204294755860902399e-01 1.204294755860902399e-01 1.801835829027036984e-01 2.413805380047717719e-01 2.726935624338931996e-01 4.229871557144593286e-01 3.371303379597952454e-01 6.192601800984023352e-01 2.325529251145221910e-01 5.967939913109828742e-01 2.725895066046276627e-01 6.294771432259180788e-01 2.725895086599308681e-01 5.967939927751605422e-01 2.325529201670062385e-01 6.192601791756482399e-01 3.371303396991490176e-01 4.229871558066701787e-01 2.726935623086295113e-01 2.413805378628012810e-01 1.801835824989078128e-01 1.204294756519128651e-01 1.204294756519128651e-01
1.236076383934288647e-01 1.236076383934288647e-01 1.953030535991438499e-01 2.605252806497723173e-01 2.860711203738526276e-01 4.524566260396755135e-01 3.201808035246659356e-01 6.266515981952700542e-01 2.195832770818423318e-01 5.860360058539835215e-01 2.696100275842334693e-01 6.384752358789115290e-01 2.696100299981444293e-01 5.860360078079451807e-01 2.195832725441196898e-01 6.266515970657102752e-01 3.201808057556222442e-01 4.524566262544671424e-01 2.860711201584507646e-01 2.605252807184936792e-01 1.953030529442941199e-01 1.236076386632537494e-01 1.236076386632537494e-01
1.281865591741697674e-01 1.281865591741697674e-01 2.101510523097942507e-01 2.804531759695818582e-01 2.996825149620668260e-01 4.798936571128527562e-01 3.013662959409754705e-01 6.292153950361237813e-01 2.106042786727751470e-01 5.783234978813251992e-01 2.661031431608453790e-01 6.445082054396591431e-01 2.661031461565468992e-01 5.783235002444606643e-01 2.106042750231890137e-01 6.292153935599619219e-01 3.013662986455263315e-01 4.798936572679699530e-01 2.996825147107203269e-01 2.804531761155518721e-01 2.101510514041619038e-01 1.281865595377174594e-01 1.281865595377174594e-01
1.344784484986753514e-01 1.344784484986753514e-01 2.252838683144686160e-01 3.012837419815903028e-01 3.130437959462923914e-01 5.046727546900071637e-01 2.819167013972410096e-01 6.274105944904511123e-01 2.058333274292908910e-01 5.738932245637433649e-01 2.616355859725384425e-01 6.470589091001572868e-01 2.616355896329157771e-01 5.738932272436522153e-01 2.058333249423143774e-01 6.274105926673930744e-01 2.819167044760703678e-01 5.046727546820342081e-01 3.130437957159967199e-01 3.012837421675185201e-01 2.252838671379091551e-01 1.344784489682225859e-01 1.344784489682225859e-01
1.426938555124003249e-01 1.426938555124003249e-01 2.409651541481427350e-01 3.230206531594133068e-01 3.247628542114635586e-01 5.263723710162827585e-01 2.627270432582065052e-01 6.220067992556197467e-01 2.050668962846320387e-01 5.727488357111383266e-01 2.559597700478360993e-01 6.461230417932560810e-01 2.559597745663979573e-01 5.727488385025040207e-01 2.050668950825075276e-01 6.220067969874096825e-01 2.627270464867118571e-01 5.263723707638419125e-01 3.247628541498785437e-01 3.230206533675707981e-01 2.409651527994417508e-01 1.426938558525172596e-01 1.426938558525172596e-01
1.529020652643766631e-01 1.529020652643766631e-01 2.570154579169149356e-01 3.455460660814073104e-01 3.329681805655853033e-01 5.447797296124770039e-01 2.444281448908582899e-01 6.139912752748597491e-01 2.076254722011908194e-01 5.746537359645468301e-01 2.490874702091872006e-01 6.421379136439382407e-01 2.490874755038353650e-01 5.746537386772546663e-01 2.076254721876097387e-01 6.139912727789401670e-01 2.444281480143767338e-01 5.447797291507726625e-01 3.329681808520857933e-01 3.455460663631543250e-01 2.570154565225707954e-01 1.529020656989558136e-01 1.529020656989558136e-01
1.650231045469541247e-01 1.650231045469541247e-01 2.728443442627867532e-01 3.686558670288737627e-01 3.359415308092086327e-01 5.598591914663502145e-01 2.275560947017901681e-01 6.044470105943821059e-01 2.124220875698230593e-01 5.791239497724298690e-01 2.412924181008569979e-01 6.358387208774896049e-01 2.412924239103759749e-01 5.791239521135540524e-01 2.124220883962496531e-01 6.044470080994380767e-01 2.275560976257042789e-01 5.598591906715376654e-01 3.359415315264674406e-01 3.686558675255751094e-01 2.728443428937229465e-01 1.650231053142295901e-01 1.650231053142295901e-01
1.788538518017702139e-01 1.788538518017702139e-01 2.876244843896285097e-01 3.921046682490076374e-01 3.327131318526330150e-01 5.716993158175646128e-01 2.127029968386972558e-01 5.944269576565599511e-01 2.181396571241210336e-01 5.854444610861470055e-01 2.330472317965373574e-01 6.280890278562988316e-01 2.330472378303406478e-01 5.854444627271387924e-01 2.181396582914628124e-01 5.944269553557066654e-01 2.127029993798150720e-01 5.716993146776163659e-01 3.327131333168241722e-01 3.921046688192543206e-01 2.876244830332734814e-01 1.788538526831203734e-01 1.788538526831203734e-01
1.941199038029546298e-01 1.941199038029546298e-01 3.005243921514597072e-01 4.156341920749108687e-01 3.234042281212575753e-01 5.804601909558151362e-01 2.005527361308090395e-01 5.848482782412952607e-01 2.234686468626887468e-01 5.927273676801824154e-01 2.249172119111596535e-01 6.197306951764479654e-01 2.249172176670006240e-01 5.927273684767718764e-01 2.234686477094293688e-01 5.848482763332808476e-01 2.005527380222515976e-01 5.804601894994574351e-01 3.234042305208344459e-01 4.156341926495173977e-01 3.005243909675859859e-01 1.941199048646548020e-01 1.941199048646548020e-01
2.105376359248284923e-01 2.105376359248284923e-01 3.109111101879338257e-01 4.389752823651504876e-01 3.092060759043637752e-01 5.863387045035733935e-01 1.917701442900814901e-01 5.764229964639064896e-01 2.273415329720718248e-01 6.000148691884092944e-01 2.174414175832332097e-01 6.114838149655936750e-01 2.174414227149435996e-01 6.000148690834792298e-01 2.273415329665342544e-01 5.764229950752152165e-01 1.917701455471081950e-01 5.863387027448900835e-01 3.092060792631420307e-01 4.389752826668492092e-01 3.109111091734808041e-01 2.105376369568252026e-01 2.105376369568252026e-01
2.278690399673637956e-01 2.278690399673637956e-01 3.184609302438083378e-01 4.618312534295522798e-01 2.920227849283472121e-01 5.895586090929609835e-01 1.867888852916438913e-01 5.696305862070849546e-01 2.291053060626060400e-01 6.064115948699446701e-01 2.110288344073357747e-01 6.039041914340969042e-01 2.110288383961485548e-01 6.064115939735196248e-01 2.291053047345467109e-01 5.696305854383344469e-01 1.867888857661328394e-01 5.895586071551293106e-01 2.920227890642491109e-01 4.618312536129081658e-01 3.184609293782236783e-01 2.278690410003800793e-01 2.278690410003800793e-01
2.459548393088449858e-01 2.459548393088449858e-01 3.231597387813303079e-01 4.838602887181586709e-01 2.739239319659942384e-01 5.903802304472401952e-01 1.855978861870828944e-01 5.647274027483362158e-01 2.285941991799141926e-01 6.112163861616044525e-01 2.058895977240450259e-01 5.973852887789562471e-01 2.058896001253261443e-01 6.112163848598336502e-01 2.285941964708295693e-01 5.647274026098939581e-01 1.855978859909895862e-01 5.903802285604767830e-01 2.739239364701066548e-01 4.838602889963147802e-01 3.231597379940013837e-01 2.459548403802757077e-01 2.459548403802757077e-01
2.647184676455552332e-01 2.647184676455552332e-01 3.252160666926765531e-01 5.046734385523099498e-01 2.566096454694334894e-01 5.891174502850448080e-01 1.876349781318150667e-01 5.617801128586097370e-01 2.260934192740964854e-01 6.140196540222139232e-01 2.020112074585455053e-01 5.921802724479486857e-01 2.020112084770617766e-01 6.140196527515533464e-01 2.260934153074779518e-01 5.617801130414079580e-01 1.876349772574472108e-01 5.891174483221286451e-01 2.566096501597582291e-01 5.046734384941118368e-01 3.252160658155351936e-01 2.647184685678219962e-01 2.647184685678219962e-01
2.841415385980082808e-01 2.841415385980082808e-01 3.249347732835052849e-01 5.238549628385690271e-01 2.410694387547209772e-01 5.861488365199656325e-01 1.918561153958558418e-01 5.607080542804490086e-01 2.222120912439128348e-01 6.147406688055778723e-01 1.991803163162859103e-01 5.884204931528209670e-01 1.991803160740471257e-01 6.147406682980965931e-01 2.222120866122259120e-01 5.607080547518055180e-01 1.918561139765436740e-01 5.861488347278229760e-01 2.410694432062870929e-01 5.238549629563178378e-01 3.249347725748703564e-01 2.841415395579101055e-01 2.841415395579101055e-01
3.042184113162229031e-01 3.042184113162229031e-01 3.226016245118274450e-01 5.409996806108485767e-01 2.275303172948484054e-01 5.819144348728807481e-01 1.969761429096926197e-01 5.613227448396237440e-01 2.177023909506496935e-01 6.135967871643449589e-01 1.970431720275998000e-01 5.861187068461418681e-01 1.970431712898140786e-01 6.135967880131417695e-01 2.177023864833058653e-01 5.613227451333152596e-01 1.969761412922578780e-01 5.819144330010430632e-01 2.275303212792482710e-01 5.409996803801115917e-01 3.226016236739150389e-01 3.042184119432740363e-01 3.042184119432740363e-01
3.249021302950136914e-01 3.249021302950136914e-01 3.184134211605356146e-01 5.557541167517511260e-01 2.156768236262684435e-01 5.768963275951594083e-01 2.018043409775596708e-01 5.633595869375658260e-01 2.132699320230631024e-01 6.110161234075062175e-01 1.951921343666667696e-01 5.851605781951706442e-01 1.951921338284398066e-01 6.110161262768278867e-01 2.132699285334905825e-01 5.633595871162939694e-01 2.018043394580517624e-01 5.768963261490461791e-01 2.156768269505003333e-01 5.557541169690121130e-01 3.184134207346280832e-01 3.249021308284799625e-01 3.249021308284799625e-01
3.460552820985136613e-01 3.460552820985136613e-01 3.124643119822698156e-01 5.678479462695206204e-01 2.050293153970060289e-01 5.715867575775271936e-01 2.055548397134178140e-01 5.665035833632781070e-01 2.094173298281768458e-01 6.075203787074443529e-01 1.932608538090776484e-01 5.853001655174955298e-01 1.932608543100988729e-01 6.075203838872240691e-01 2.094173281296121680e-01 5.665035830726592447e-01 2.055548386397635374e-01 5.715867562660807977e-01 2.050293180453213182e-01 5.678479465526409253e-01 3.124643118636840078e-01 3.460552823947422585e-01 3.460552823947422585e-01
3.674174454769423281e-01 3.674174454769423281e-01 3.047776584278243939e-01 5.771083594524515359e-01 1.953209533114794727e-01 5.664509567976774296e-01 2.080167082408718171e-01 5.704143393245222349e-01 2.063517213147603169e-01 6.036099173531397355e-01 1.910079997028029108e-01 5.861774825010804824e-01 1.910080016478221676e-01 6.036099248876367618e-01 2.063517217955878613e-01 5.704143385520387133e-01 2.080167078610558606e-01 5.664509555130772256e-01 1.953209554043685570e-01 5.771083596799860826e-01 3.047776585632238633e-01 3.674174454759439046e-01 3.674174454759439046e-01
3.885969777967102079e-01 3.885969777967102079e-01 2.953618146554353174e-01 5.834585150270457099e-01 1.867313758595523510e-01 5.618925009785717961e-01 2.095199399167569920e-01 5.747542805898667728e-01 2.039715375122790886e-01 5.996784849248635307e-01 1.883697539903747553e-01 5.873682347207584975e-01 1.883697577441629245e-01 5.996784943795383516e-01 2.039715396659109725e-01 5.747542795717167641e-01 2.095199403518219206e-01 5.618925001711190248e-01 1.867313775924113739e-01 5.834585157212650586e-01 2.953618154256786310e-01 3.885969776586007951e-01 3.885969776586007951e-01
4.090894317427632432e-01 4.090894317427632432e-01 2.842683445969530487e-01 5.869073298035473174e-01 1.799028088898964595e-01 5.582278418674808673e-01 2.107105052211841190e-01 5.792192179114682427e-01 2.019307489442033199e-01 5.959726453197741192e-01 1.854663696033511666e-01 5.884610254560956877e-01 1.854663744705401518e-01 5.959726559015273706e-01 2.019307520839961345e-01 5.792192166226535210e-01 2.107105064874735811e-01 5.582278411772243487e-01 1.799028104269022044e-01 5.869073304988030593e-01 2.842683456717148283e-01 4.090894311960141527e-01 4.090894311960141527e-01
4.283194224838071107e-01 4.283194224838071107e-01 2.716390840019311526e-01 5.875388704401983686e-01 1.757529416720327031e-01 5.556740807207487531e-01 2.122202032640829739e-01 5.835652462310662036e-01 1.997631553917610381e-01 5.925961123729741598e-01 1.825584634949184437e-01 5.891427282360879314e-01 1.825584691205754950e-01 5.925961228988162466e-01 1.997631578310596900e-01 5.835652449022892263e-01 2.122202049896921849e-01 5.556740805399528194e-01 1.757529430886335398e-01 5.875388714052439676e-01 2.716390854907361763e-01 4.283194216393894083e-01 4.283194216393894083e-01
