5.456217004984331709e-06 2.573948108153256698e-06 2.959433997029581320e-06 -1.037403939641023953e-06 1.533938255526834382e-06 2.363237694813502543e-06 1.000001039014568827e+00 1.000005084080429540e+00 1.000001117061333211e+00 -3.295654199986230992e-06 -2.806050005799143321e-06 -6.333158313664988270e-06 -1.272800959073450144e-06 -8.317643495625581807e-06 1.749908301540425981e-06
2.402035711564293186e-02 2.401913477988065759e-02 4.681900652775106142e-02 2.403068409728648103e-02 4.815463263390362680e-02 2.536276312064006389e-02 9.518418908208763352e-01 9.759691198547766344e-01 9.518343520104830535e-01 2.536499494009353262e-02 4.815434933399814765e-02 2.402827272565261074e-02 4.681841822999360803e-02 2.402961775708895020e-02 2.401286034817612380e-02
7.619304017197947587e-02 7.618302701183204961e-02 1.368222614732136910e-01 7.685264880638231766e-02 1.582112767544344711e-01 9.782500429144780352e-02 8.415843091985478752e-01 9.231383267473521892e-01 8.415813033709074187e-01 9.783072041488710680e-02 1.582099000764395913e-01 7.685469028669467129e-02 1.368316826115863472e-01 7.619676517303819452e-02 7.619813036167716325e-02
1.149505922150505510e-01 1.149598608561550050e-01 1.778339920707390776e-01 1.212231657244196015e-01 2.627495048534501665e-01 2.029006916068439303e-01 7.352354894457263645e-01 8.783499821154059362e-01 7.352278030349281845e-01 2.028968243434213781e-01 2.627480833082154743e-01 1.212208556444170915e-01 1.778486756581466599e-01 1.149515672509899833e-01 1.149517725133675783e-01
1.186007393650830855e-01 1.185907617406816161e-01 1.492979807142615356e-01 1.435270596736827331e-01 3.298669138647394306e-01 3.159666323554217726e-01 6.608825452270566947e-01 8.531558291023770835e-01 6.608819554598280854e-01 3.159521048082581940e-01 3.298720470780593939e-01 1.435298947910516598e-01 1.493006327185351090e-01 1.185862841732513440e-01 1.185891806078179789e-01
1.008906537969195827e-01 1.008964459518119638e-01 1.158620851302710753e-01 1.611382457351684949e-01 3.760879783381180785e-01 4.169442467648578621e-01 5.958612289652208682e-01 8.267224336335818879e-01 5.958585623450172175e-01 4.169399233521766668e-01 3.760811986143671182e-01 1.611361118972437501e-01 1.158647175246524386e-01 1.008908474777851505e-01 1.008865087789339032e-01
8.931564460655866400e-02 8.932429045503936793e-02 1.360280898263165894e-01 1.958232139428597307e-01 4.197254852083928123e-01 5.025999724095273624e-01 5.149640637476063931e-01 7.780163159911520632e-01 5.149710674833555268e-01 5.026047002840560163e-01 4.197171699324781513e-01 1.958280670896909159e-01 1.360415447149582180e-01 8.932648922473451769e-02 8.931963847903645615e-02
9.850518136553815252e-02 9.850644563339783222e-02 1.986356148802970178e-01 2.543167328823667805e-01 4.489378448033524704e-01 5.788232616795228047e-01 4.267141925940445280e-01 7.107925828273050639e-01 4.267106706673667871e-01 5.788181108198375835e-01 4.489463086152998272e-01 2.543108829147694427e-01 1.986384338849112030e-01 9.851584571894095310e-02 9.850825962802867153e-02
1.278452768107176674e-01 1.278271545723172475e-01 2.594428970310357352e-01 3.314056662909576900e-01 4.435070064313776372e-01 6.427485645365540456e-01 3.572279801253031573e-01 6.451284267276097273e-01 3.572425357710335425e-01 6.427407342654573030e-01 4.435165795402168931e-01 3.313977754911655582e-01 2.594416371586398262e-01 1.278323934244938176e-01 1.278327733700266866e-01
1.712765038278665219e-01 1.712748877754674548e-01 3.032232426600760533e-01 4.185829138523642912e-01 4.030872096077555145e-01 6.831635841958483280e-01 3.136816542842040811e-01 5.991241030803593492e-01 3.136815658457653422e-01 6.831607196690123729e-01 4.030812640541385217e-01 4.185734734283299563e-01 3.032180896438337880e-01 1.712865028694499636e-01 1.712883704676019248e-01
2.289237360298219670e-01 2.289329281400562244e-01 3.448327738970666800e-01 5.059554777020660588e-01 3.486700286469268661e-01 6.889142883714598486e-01 2.858795946700561363e-01 5.800077298801550318e-01 2.858812765888447682e-01 6.889128161377080506e-01 3.486688403650609058e-01 5.059644903785555092e-01 3.448265665530850232e-01 2.289286998674732176e-01 2.289233581515368043e-01
2.980706048697819299e-01 2.980568774726950476e-01 3.830273936085439868e-01 5.810680617230523648e-01 2.948765902375394821e-01 6.650074702889176015e-01 2.644422434471924710e-01 5.885801971520963072e-01 2.644360562774428214e-01 6.650018932955013007e-01 2.948731274935316171e-01 5.810597248131337267e-01 3.830219213710469028e-01 2.980620854374790851e-01 2.980636694305404122e-01
3.717184644842109198e-01 3.717295058032780153e-01 3.934330666861740600e-01 6.327921071365951722e-01 2.488894739410937307e-01 6.280463451967369659e-01 2.505342717925741480e-01 6.169838127660232097e-01 2.505333799542461826e-01 6.280423806753301363e-01 2.488876525157491804e-01 6.327824776094285175e-01 3.934399663502157751e-01 3.717307656337277555e-01 3.717278504418541907e-01
4.426968570271233028e-01 4.427067348648839329e-01 3.613106200183097139e-01 6.567900049295319898e-01 2.181248827315214189e-01 5.972193641394686336e-01 2.428952538250933602e-01 6.515278461869868920e-01 2.428808321127077785e-01 5.972341295252299176e-01 2.181275999600803539e-01 6.567899346179659759e-01 3.613119127650973872e-01 4.427116915403330744e-01 4.427057689992473510e-01
5.076498320234756889e-01 5.076366830470994129e-01 3.085128529158793209e-01 6.534017172064311429e-01 2.151861278030681723e-01 5.837476692135741274e-01 2.340866490254784327e-01 6.711711988340215429e-01 2.340772716901972084e-01 5.837495185623521321e-01 2.151944009958600690e-01 6.534053902128258429e-01 3.085125943041926444e-01 5.076548699195652103e-01 5.076488656198354654e-01
5.634350696618033449e-01 5.634520299348484418e-01 2.639283491692195893e-01 6.295951456505690658e-01 2.345867017208600469e-01 5.901475911710274413e-01 2.189089102742197146e-01 6.649320182185303185e-01 2.189103652451849791e-01 5.901474870058979194e-01 2.345845511577374087e-01 6.295988573070034899e-01 2.639250386058322739e-01 5.634490354483047136e-01 5.634525738048895560e-01
5.996498465018950119e-01 5.996443752839359931e-01 2.293177508199157888e-01 5.964261349803110512e-01 2.533385367737738814e-01 6.133277973814498241e-01 2.029272224875310893e-01 6.412631153063252931e-01 2.029345062396024635e-01 6.133354828209781617e-01 2.533578837618906121e-01 5.964258638235832022e-01 2.293184257784595670e-01 5.996594071570355844e-01 5.996527677881579033e-01
6.083565173432360362e-01 6.083435748376286867e-01 1.995796462049890807e-01 5.653952039823784137e-01 2.616218465707318419e-01 6.397463875166913283e-01 1.961800518863930365e-01 6.135143334253781999e-01 1.961813282356417720e-01 6.397443353936119737e-01 2.616317816916383654e-01 5.653894841834983254e-01 1.995847542764900839e-01 6.083317972456979694e-01 6.083436796839021277e-01
5.908506503567974022e-01 5.908479611239899620e-01 1.845543970926636357e-01 5.451049392059319487e-01 2.678229651563469593e-01 6.531956747272568142e-01 1.977194985319090659e-01 5.945085522424609081e-01 1.977311116303929195e-01 6.532016982387808257e-01 2.678303865931948025e-01 5.451081165068195622e-01 1.845476523644661859e-01 5.908536760657947529e-01 5.908492851099856891e-01
5.507002736733088710e-01 5.506975648637101317e-01 1.967001973389818636e-01 5.357037367229154912e-01 2.798056485452274367e-01 6.484922840851079506e-01 1.975278576391911178e-01 5.921710936052875240e-01 1.975243703574510734e-01 6.484913193173601487e-01 2.797996235424339284e-01 5.357063646486215358e-01 1.966955011095891104e-01 5.506913525800893883e-01 5.506947205050218841e-01
4.980717430457103356e-01 4.980701054676738848e-01 2.377508726305436193e-01 5.321747768045776983e-01 2.826219907201714121e-01 6.289400517381313893e-01 1.978667967458325183e-01 6.041005138801202046e-01 1.978646223350431499e-01 6.289252264611809862e-01 2.826223707446161582e-01 5.321723385518037919e-01 2.377527417934426901e-01 4.980707634453231392e-01 4.980795899448353659e-01
4.399479999203899094e-01 4.399400698783032526e-01 2.897600232385227903e-01 5.293419460605974791e-01 2.612849483934616135e-01 6.039005697244235193e-01 2.132140129596328815e-01 6.204522555043829879e-01 2.132058070290351326e-01 6.038983740624265240e-01 2.612957032943723501e-01 5.293388534547760482e-01 2.897494531430616638e-01 4.399480920219229207e-01 4.399451947177951405e-01
3.776542755643801375e-01 3.776433111652935937e-01 3.318076918963815403e-01 5.218006566186589312e-01 2.315581914718271572e-01 5.798283584303268734e-01 2.519628460781241364e-01 6.317232913463021182e-01 2.519604037550169928e-01 5.798244276882522641e-01 2.315557573765018584e-01 5.217985838374653573e-01 3.317939144643757277e-01 3.776472066366832192e-01 3.776501928105596706e-01
3.219723495367727839e-01 3.219728378627161325e-01 3.675118029221716709e-01 5.132195889205076744e-01 2.211698261179247393e-01 5.533372305303356775e-01 3.017026005476663997e-01 6.354914818253408759e-01 3.017079823372526004e-01 5.533353832880223422e-01 2.211711792741615779e-01 5.132120649702588411e-01 3.675203179737647763e-01 3.219736284295334761e-01 3.219756458579112190e-01
2.805899131192325369e-01 2.805914763203327666e-01 4.016678938590849679e-01 5.042249393331966756e-01 2.332052319826842801e-01 5.209000604833765591e-01 3.430161643345756572e-01 6.375145082041757671e-01 3.430211443969992668e-01 5.209077680366751562e-01 2.332071861875182894e-01 5.042230336042321515e-01 4.016681201733317552e-01 2.805932907855211988e-01 2.805836908337973057e-01
2.532916589735701995e-01 2.532979840642891611e-01 4.182304662327195333e-01 4.855901489691265005e-01 2.426058565787128085e-01 4.826196054514244604e-01 3.791992277047343540e-01 6.407390548518913098e-01 3.792036142597227655e-01 4.826128237580488700e-01 2.426053425569926203e-01 4.855965584714713734e-01 4.182364111552710484e-01 2.532928283985742546e-01 2.532855245470610472e-01
2.321923384164349957e-01 2.321962672359102475e-01 4.108387491461287788e-01 4.578890045858807212e-01 2.286775046510362008e-01 4.504019976437830808e-01 4.159369696377896997e-01 6.309551844707690371e-01 4.159394445425012021e-01 4.504106761677573179e-01 2.286777123130908640e-01 4.578874162926442337e-01 4.108360944435847095e-01 2.321965646523641014e-01 2.321988987472262678e-01
2.067752412781950211e-01 2.067747515886831922e-01 3.750146867627696112e-01 4.244884615402549355e-01 1.967789283141641588e-01 4.296102769739932881e-01 4.514600176022161571e-01 5.928460530989667632e-01 4.514622998773935580e-01 4.296025557535305128e-01 1.967886189968117705e-01 4.244918737595752556e-01 3.750074908198030021e-01 2.067725914993765457e-01 2.067712827199683634e-01
1.739998503277876973e-01 1.740055537766491134e-01 3.283953112626316617e-01 3.959751698497382955e-01 1.750073743472974064e-01 4.204338344276912776e-01 4.623995942052502861e-01 5.241316066109493743e-01 4.623967207930059220e-01 4.204460825002145352e-01 1.750087802355771993e-01 3.959786767427364573e-01 3.283939635840424920e-01 1.740061107141304686e-01 1.739960711793311909e-01
1.441924099312636431e-01 1.441989679043149675e-01 2.880970820846550096e-01 3.728462221780865504e-01 1.815131854208963391e-01 4.150382169145129252e-01 4.450032161129953701e-01 4.465065159127788452e-01 4.450009011057741160e-01 4.150384002758529256e-01 1.815066085137417851e-01 3.728306072103970692e-01 2.880890325125039508e-01 1.441954154423421564e-01 1.441865975945138545e-01
1.306886917347815369e-01 1.306894838791893831e-01 2.667886404961753444e-01 3.521374710050089174e-01 2.086474964583068803e-01 4.013886263364056517e-01 4.255811226959162474e-01 3.886341959640894350e-01 4.255843656497978467e-01 4.013948109100211048e-01 2.086597688925068139e-01 3.521294940979845522e-01 2.667854613698831256e-01 1.306812838352783279e-01 1.306771583643659418e-01
1.425599655610166328e-01 1.425691728023112392e-01 2.781274811619245391e-01 3.311386752644642217e-01 2.623170305634970334e-01 3.876163795384370281e-01 4.190443204921620590e-01 3.659996865437668001e-01 4.190519292753108194e-01 3.876084206904424345e-01 2.623179533035880917e-01 3.311399404854500350e-01 2.781257152682277689e-01 1.425728412181751503e-01 1.425679499839155318e-01
1.733400899954800622e-01 1.733462857525294720e-01 3.202571450814584164e-01 3.145575557509517894e-01 3.344902084706515843e-01 3.791218444861477743e-01 4.083244071729935643e-01 3.697036492471876823e-01 4.083176800198929923e-01 3.791200049281561735e-01 3.344893171053772152e-01 3.145543687533572941e-01 3.202481325349441077e-01 1.733548796727411578e-01 1.733517890221424329e-01
1.961629108948136913e-01 1.961717217443144645e-01 3.507725847710117528e-01 2.984471772111392252e-01 4.082004891380646705e-01 3.854246232336202005e-01 3.630296787002849079e-01 3.760760706181003332e-01 3.630403846534340229e-01 3.854195897761536482e-01 4.082057272282842431e-01 2.984488103712366058e-01 3.507654151872494630e-01 1.961723164815829534e-01 1.961620830599599685e-01
1.941867038804467871e-01 1.941853945123236391e-01 3.364855661059245051e-01 2.813338386079913267e-01 4.531900719193601157e-01 4.012144465343174815e-01 2.898243444168571159e-01 3.782128897878740403e-01 2.898253427242127866e-01 4.012171080094664166e-01 4.531873854995656092e-01 2.813354234739802173e-01 3.364914691991830464e-01 1.941911865238664103e-01 1.941864883088220695e-01
1.718732950223150757e-01 1.718806977249828227e-01 2.871986203072214305e-01 2.660489364586380856e-01 4.659482147339081282e-01 4.216445692400955791e-01 2.337306761119045118e-01 3.857459444259712655e-01 2.337305637075076659e-01 4.216503430933072338e-01 4.659426355274783882e-01 2.660474639067255120e-01 2.872107905672086625e-01 1.718752431800208424e-01 1.718789731217691408e-01
