-1.993518782272829526e-07 9.439065904448540323e-07 9.999961835674777699e-01 9.999998008550028405e-01 1.000002848310375114e+00 7.292136285919070815e-07 6.093266481377312971e-06
5.434604687509236864e-02 5.435106930278033044e-02 8.972117308637119759e-01 9.456543377816838403e-01 8.972038208587309605e-01 5.435132728729402674e-02 5.433958598803750872e-02
2.055754936081499173e-01 2.055822144338751989e-01 6.733686633829830681e-01 7.944208581469456298e-01 6.733662192375571287e-01 2.055862817533058440e-01 2.055816483504238623e-01
4.208125930904446088e-01 4.208101673629479622e-01 5.125436294983224395e-01 5.791747070188648649e-01 5.125343925397288780e-01 4.208166452632665644e-01 4.208139697457111694e-01
6.532651242030396155e-01 6.532647638079370767e-01 5.469906914845045209e-01 3.467300121989858042e-01 5.469838436031154716e-01 6.532714190600665827e-01 6.532615612011856143e-01
8.524024995475666389e-01 8.523979915870355528e-01 7.483713336422589402e-01 1.475992223448236440e-01 7.483685354943577783e-01 8.523955222025624279e-01 8.523987224368183568e-01
9.749219744031552004e-01 9.749177971982651014e-01 9.511024567303811850e-01 2.508237558922826738e-02 9.510997485276777574e-01 9.749238891437694843e-01 9.749148201655861712e-01
9.941927576574545178e-01 9.941942930321555627e-01 9.884633806568554615e-01 5.798217465414257088e-03 9.884608264120231524e-01 9.941887212957516429e-01 9.941891162384484115e-01
9.060278196667987949e-01 9.060284400018764339e-01 8.297215819332165454e-01 9.396502547222385093e-02 8.297363008949263374e-01 9.060320404348818357e-01 9.060302343966193384e-01
7.296014224439416607e-01 7.295915733612858833e-01 6.054248067468313010e-01 2.704075624731516747e-01 6.054384475268691501e-01 7.295903543432575855e-01 7.295943617108113788e-01
5.032546226201919382e-01 5.032559110098324684e-01 5.000220000949299193e-01 4.967438033511323292e-01 5.000288180183654063e-01 5.032528546679734260e-01 5.032555946119321444e-01
2.762049093810923783e-01 2.761980015580595138e-01 6.001641797053184346e-01 7.238071476947638416e-01 6.001665039099126631e-01 2.762014576782060304e-01 2.762018814392299682e-01
9.779453865882675734e-02 9.779591341406818072e-02 8.235289146198920829e-01 9.022046986149261372e-01 8.235298916063373831e-01 9.780589674527712107e-02 9.779560745341359107e-02
6.836169757811760839e-03 6.835726000542718950e-03 9.864219515289824880e-01 9.931689060344295328e-01 9.864285996814423640e-01 6.831610301185120360e-03 6.832172195014973859e-03
2.308798339425716106e-02 2.307893871455041213e-02 9.548981659183970461e-01 9.769112494077758502e-01 9.548979509409044608e-01 2.307671687385159931e-02 2.307741004228636150e-02
1.430047378866535213e-01 1.430114403195570927e-01 7.548773438145899295e-01 8.569841764911597659e-01 7.548801082774254656e-01 1.430074570570398218e-01 1.430090348068080996e-01
3.405499007684058554e-01 3.405458164554230338e-01 5.508475903072383995e-01 6.594546482847145619e-01 5.508658619877898621e-01 3.405523197819633197e-01 3.405465219003224187e-01
5.727517067558406394e-01 5.727538666157824254e-01 5.105837230855474473e-01 4.272583219897936879e-01 5.105760935687123636e-01 5.727489054073486852e-01 5.727496550990097690e-01
7.891244779225370376e-01 7.891386008322749390e-01 6.672028749687070048e-01 2.108608418754603364e-01 6.671942277404900867e-01 7.891418059064432278e-01 7.891401314564017166e-01
9.426611281579945212e-01 9.426642223092994710e-01 8.919056388392090362e-01 5.732770535320413918e-02 8.919019762310610444e-01 9.426718680717995902e-01 9.426666455484177254e-01
9.999463368762795401e-01 9.999611817814459958e-01 9.999297343690822792e-01 4.869124510387123905e-05 9.999175729425574533e-01 9.999610036060484486e-01 9.999589926981242716e-01
9.485504530792966404e-01 9.485564961574068921e-01 9.024174656289047913e-01 5.143088178127225296e-02 9.024152177813931086e-01 9.485737896330412866e-01 9.485661753989057532e-01
7.996454309869787114e-01 7.996511358620442822e-01 6.795883310137422750e-01 2.003450343289743252e-01 6.795764289761646593e-01 7.996477076120017680e-01 7.996503212564679552e-01
5.855975787334642968e-01 5.856050963987478042e-01 5.146530923947107983e-01 4.144002893446518399e-01 5.146486830297366533e-01 5.856052496264813056e-01 5.855947182180990529e-01
3.529421113273800703e-01 3.529328807387896449e-01 5.432483889543512356e-01 6.470682147432922360e-01 5.432569035203492769e-01 3.529394138415818394e-01 3.529358708129551880e-01
1.522437724945888693e-01 1.522379656133407422e-01 7.418689069496375854e-01 8.477565247688400030e-01 7.418644869623621796e-01 1.522428056863859847e-01 1.522356139460750990e-01
2.714517502964236551e-02 2.715387111958350586e-02 9.471778964912955789e-01 9.728447418687696802e-01 9.471683562645003551e-01 2.715058097295380835e-02 2.714951444149282800e-02
4.857190842189329505e-03 4.856874315606163339e-03 9.903387631922923040e-01 9.951345238353468403e-01 9.903268242024890755e-01 4.863582110388176005e-03 4.856321181267331255e-03
9.020681359802640298e-02 9.020715597800788021e-02 8.358618681267122597e-01 9.097988576316442533e-01 8.358594922031465924e-01 9.021807948156929102e-02 9.020777518040445919e-02
2.646384782234770250e-01 2.646405674530629692e-01 6.107968084285000376e-01 7.353539056861417844e-01 6.107813206860928101e-01 2.646352806747921393e-01 2.646538384817249678e-01
4.902491294729509619e-01 4.902353351683612637e-01 5.001867828321816534e-01 5.097530767366110771e-01 5.001884441408446236e-01 4.902451573902392723e-01 4.902406865119944279e-01
7.179510708504591721e-01 7.179662994129094589e-01 5.950153579937226267e-01 2.820374054186357560e-01 5.950159927031484219e-01 7.179649780658818869e-01 7.179747954542091692e-01
8.983011846999662264e-01 8.982940510963643987e-01 8.172821715839408974e-01 1.016931517712159616e-01 8.172933784015754544e-01 8.982952199147449246e-01 8.983073842882589588e-01
9.920607814360670185e-01 9.920456521790639304e-01 9.842281454962555909e-01 7.951366405531623549e-03 9.842281219474046106e-01 9.920531895968112135e-01 9.920546087545099034e-01
