-3.823845698192052112e-06 3.370223878085276681e-06 -2.269507963670314155e-06 3.760795332097277566e-06 7.548110141253339123e-06 -4.975338499080272925e-06 9.999979658994915255e-01 9.999972580220634066e-01 1.000000624927224413e+00 -8.810224803701416363e-06 -5.079898186433062790e-06 2.927249921458319193e-06 -5.153425426840385626e-06 -2.388077244841468882e-06 -1.949189251559957370e-06
2.846989297783597550e-02 2.847268803394381598e-02 5.507925879310821005e-02 2.850816656280574790e-02 5.927085067707160704e-02 3.282439505522072309e-02 9.405601450130773866e-01 9.714952899674464959e-01 9.405659967250146192e-01 3.283151232076819692e-02 5.925941629777681241e-02 2.851217970700931081e-02 5.507216477516968522e-02 2.845706012323312439e-02 2.846692177434623217e-02
5.340298825423001050e-02 5.340964192718139492e-02 9.554197709041772901e-02 5.556194949675918870e-02 1.451502419083430251e-01 1.100072542513038099e-01 8.483920366250677914e-01 9.444130321194054156e-01 8.483897073642704401e-01 1.100174536469436526e-01 1.451498125758010072e-01 5.555958866655563710e-02 9.554550675489881240e-02 5.340456718270875092e-02 5.341487242801956636e-02
2.717389930479791049e-02 2.717205402981998086e-02 4.828971728987713208e-02 3.946163806648350647e-02 1.786564227414295103e-01 1.849390520935841886e-01 7.996720580069403006e-01 9.588710468136976139e-01 7.996778521476426427e-01 1.849355932683921511e-01 1.786588924633138453e-01 3.945783802737529156e-02 4.830674204633866875e-02 2.717341549003310375e-02 2.718105998230746501e-02
8.213136170071189124e-03 8.208527825972367076e-03 2.319298408532510791e-02 2.710003270940269937e-02 2.048417402654759689e-01 2.146832848299130569e-01 7.874628741491643824e-01 9.548966722004039731e-01 7.874634145339628466e-01 2.146876360029448816e-01 2.048382637801343109e-01 2.709647583070973198e-02 2.320106398206134291e-02 8.210007890725845581e-03 8.214612263773179990e-03
4.189853522011816045e-02 4.190528376846697212e-02 6.928725594606144345e-02 4.064088921264313869e-02 2.141563294412023311e-01 1.862878162980523000e-01 7.912606772048499382e-01 8.971824799561531893e-01 7.912533844902807090e-01 1.862775348984623269e-01 2.141592372831154778e-01 4.064068467226944481e-02 6.928595086255273650e-02 4.190606233302396344e-02 4.189960055047758924e-02
5.342815318223781418e-02 5.343618366248065188e-02 7.615315105055570077e-02 3.359423011389489622e-02 1.291421188462307246e-01 1.126007351611083007e-01 8.347509638185626191e-01 8.687620016878858653e-01 8.347481753019005968e-01 1.126054448320630841e-01 1.291391334745846109e-01 3.358678648400831301e-02 7.614514323758952985e-02 5.343490294203584456e-02 5.342474719287892970e-02
1.831813804676563073e-02 1.831648018382070475e-02 3.645516173430635165e-02 2.339785747403883009e-02 5.373297812082034053e-02 6.304592096592676054e-02 9.171534348023013816e-01 9.024025738348926406e-01 9.171540343203401502e-01 6.305313375186977209e-02 5.373366435865911672e-02 2.339613548808217036e-02 3.645372404469482408e-02 1.831656566028022626e-02 1.832473418974939205e-02
9.922528771841854223e-03 9.919044700821721960e-03 4.614863228969950937e-02 3.914996683534349708e-02 7.873820497853306621e-02 7.044727119778365632e-02 9.354011787150731116e-01 9.258374838416540964e-01 9.354106581814604082e-01 7.044208662066758775e-02 7.875748815078781329e-02 3.915731415764672763e-02 4.614997594116460045e-02 9.923820442824748955e-03 9.921118321531363637e-03
5.053277374633086128e-02 5.053683931534752594e-02 9.000844804865659743e-02 4.811392533864100596e-02 1.235043985833981228e-01 1.182151095855554224e-01 8.443210966300054299e-01 8.911976164114954191e-01 8.443210051327987298e-01 1.182221278790721031e-01 1.235061457092233028e-01 4.811253614054356031e-02 9.001591294190008918e-02 5.053347478534570003e-02 5.053188078597292687e-02
5.866331067095043039e-02 5.865420925354458692e-02 9.550073173346085298e-02 4.680065666068194963e-02 1.572873268139979852e-01 1.813563669136197820e-01 7.684527576441222418e-01 8.654853218835869555e-01 7.684564433179169596e-01 1.813634677247009108e-01 1.572931178842919553e-01 4.680557632388082645e-02 9.550275140929281870e-02 5.866092517047338806e-02 5.865841202416660627e-02
1.593793321648029337e-02 1.592803793478420049e-02 6.508656231180720564e-02 5.629743702557171714e-02 2.307680352980195360e-01 2.357865812366021219e-01 7.484760777037930968e-01 8.546326381252469240e-01 7.484785617508346034e-01 2.357834014887105201e-01 2.307843760322889626e-01 5.628698946160132222e-02 6.507245260902760897e-02 1.592986458088385682e-02 1.593183683952698049e-02
2.132553694370570296e-02 2.134234237798665612e-02 7.249238792717133117e-02 5.497390507851052099e-02 2.882950417368115303e-01 2.617246301015917487e-01 7.400251684854977086e-01 7.891951889227438732e-01 7.400208372120488098e-01 2.617169838836650442e-01 2.883014736551230417e-01 5.497314632947614133e-02 7.247788157195195202e-02 2.134461598342568545e-02 2.133533376609192400e-02
6.291150889889035591e-02 6.291262956706800136e-02 8.894349215283886556e-02 2.970160944497157729e-02 2.456880401859535823e-01 2.334908339160003399e-01 7.290872302096218505e-01 6.945237367995009681e-01 7.290840093836241653e-01 2.334893396093828399e-01 2.456853679465698659e-01 2.970585869980907345e-02 8.894216210511446397e-02 6.291843199967134259e-02 6.291142771186447602e-02
4.669436569520774016e-02 4.667967860276545089e-02 6.900185584574330955e-02 3.023059055835175535e-02 1.755679683979188832e-01 1.638927470514190965e-01 7.594179807834372520e-01 6.792450157429950064e-01 7.594351416109142994e-01 1.639009763363688532e-01 1.755774647606299088e-01 3.024592561893602038e-02 6.899848995429846976e-02 4.668987527230028522e-02 4.668364595108931425e-02
1.304875542981348557e-02 1.305066809916904935e-02 7.086167362159129235e-02 6.745305489777336794e-02 1.925853495073491795e-01 1.476046194265022149e-01 8.119819639655071475e-01 7.112189547619280905e-01 8.119813565425222368e-01 1.476059525810246575e-01 1.925940306035277549e-01 6.745914338798891796e-02 7.086826975975940579e-02 1.305321564437289528e-02 1.304621920509957400e-02
3.476500048113334573e-02 3.476755546693088839e-02 8.524167962025286371e-02 6.259162441385429654e-02 2.137799811649039872e-01 1.813318149766083853e-01 8.065720305359166398e-01 7.330001700695674138e-01 8.065719898908336738e-01 1.813397862348857803e-01 2.137880819015113287e-01 6.258972020741193631e-02 8.523431993456304090e-02 3.476312222560024034e-02 3.477339296159243087e-02
6.695229689726284183e-02 6.695418608109859893e-02 9.091036078675190923e-02 3.913313124843681434e-02 2.333440086359812038e-01 2.271927568846320300e-01 7.267374732018130334e-01 7.161264930684989594e-01 7.267408634629746178e-01 2.271962478264052399e-01 2.333430827494089588e-01 3.913590165516966923e-02 9.089363732647320893e-02 6.694789375873577697e-02 6.695073168164478172e-02
4.264776783392748571e-02 4.265100072714822499e-02 8.688220752090769494e-02 6.049505868615867588e-02 2.917547357533215591e-01 2.693807208315472379e-01 6.546815822988341083e-01 6.831874887932980478e-01 6.546812946232168917e-01 2.693783104205695889e-01 2.917485050967929539e-01 6.049283471309196969e-02 8.687147652530058384e-02 4.265202567581732884e-02 4.265507291226172670e-02
1.369147506079421150e-02 1.370619599428757329e-02 8.708859104370081372e-02 8.793981726568111945e-02 3.442418226222632716e-01 3.106759899556991722e-01 6.277756990401806014e-01 6.265526766393909597e-01 6.277777261702754963e-01 3.106764111256520300e-01 3.442378120635662397e-01 8.793318210768330534e-02 8.707035514836009016e-02 1.369602366181754682e-02 1.368705525275654145e-02
4.847307824095353768e-02 4.846781267796695936e-02 1.137840564855113756e-01 8.360341647932612030e-02 3.512336510656087762e-01 3.449049142930086242e-01 6.271916182312309296e-01 5.135034391688639843e-01 6.271944286211976749e-01 3.448905430757189805e-01 3.512184203855193143e-01 8.360341028742113156e-02 1.137742722555359354e-01 4.847516516521982455e-02 4.847641425902321499e-02
7.441860399810290572e-02 7.441123710922742385e-02 1.368393327389931247e-01 7.768702524844428581e-02 3.197313498035369572e-01 3.107688165972344319e-01 6.189191685216489658e-01 4.279529021256900934e-01 6.189131333738810969e-01 3.107795314482697524e-01 3.197353629314202417e-01 7.767843805833707371e-02 1.368463193833091562e-01 7.440537692552867677e-02 7.440845316335320536e-02
4.057503714175075826e-02 4.057270748675434469e-02 1.196372920712134302e-01 9.094590779437533579e-02 2.984968801938614469e-01 2.533343307066406869e-01 6.052533909404265167e-01 4.073090910896511874e-01 6.052547723163302917e-01 2.533370998615958047e-01 2.984953845914826154e-01 9.096032708423285040e-02 1.196413830853873539e-01 4.057705571068176420e-02 4.057205272996577960e-02
1.959464558639489873e-02 1.958712087820907444e-02 8.173980981743594887e-02 7.240810766947458621e-02 2.797356907388924840e-01 2.465550339194703677e-01 6.583121981938565570e-01 4.728982259077710859e-01 6.583032819333514141e-01 2.465617574292113257e-01 2.797521848084141283e-01 7.239818939187520064e-02 8.172943680336330896e-02 1.959354042658217887e-02 1.959336297864988641e-02
6.450050478741237159e-02 6.449577576162957016e-02 1.213294700749893984e-01 6.891593571634341275e-02 3.295807673363173596e-01 3.026209001121341058e-01 6.342007971388250454e-01 4.812635442750243242e-01 6.342083521882292407e-01 3.026047797885996760e-01 3.295743834574562658e-01 6.891264779082467706e-02 1.213220882619444607e-01 6.448927894424311136e-02 6.449132492854475762e-02
7.443187961217795356e-02 7.443796805834040908e-02 1.469225518623016868e-01 9.328544685905743039e-02 3.981350411459844141e-01 3.421065145365004834e-01 5.570202579708354307e-01 4.785716996266052292e-01 5.570224415538660434e-01 3.421109729348672523e-01 3.981291175224250245e-01 9.328941571982218850e-02 1.469172984707116658e-01 7.443888461560632663e-02 7.443737939130246062e-02
3.286539220911016690e-02 3.286219589346389691e-02 1.213412393976580073e-01 1.091562371787189178e-01 4.107850741547562357e-01 3.550087831731796872e-01 4.982785541941439633e-01 4.634397845282359762e-01 4.982858404334293834e-01 3.550052086485191438e-01 4.107724548415555565e-01 1.091430054676128525e-01 1.213285141091434705e-01 3.285867659662011775e-02 3.286713940840690906e-02
3.125268223717003746e-02 3.125891119950024999e-02 1.227967480275577450e-01 1.096532387095413008e-01 3.996836423284903517e-01 3.784249137767004001e-01 4.833229808714997189e-01 3.799728887462227034e-01 4.833183485343312547e-01 3.784327619632222861e-01 3.996819142925321922e-01 1.096552715193794825e-01 1.228037879103834884e-01 3.125904474511448372e-02 3.125340702199580489e-02
6.769767902242762592e-02 6.770172931375084691e-02 1.727397788787614075e-01 1.272230575214658432e-01 4.233906618321001125e-01 3.916093040455030927e-01 4.929077625361711901e-01 2.577639607539549127e-01 4.929110258920100796e-01 3.916116020292310651e-01 4.233791875160960450e-01 1.272207472455041399e-01 1.727288452361396831e-01 6.770329354819787371e-02 6.769001354333281650e-02
7.413350259655004937e-02 7.410935755239556055e-02 2.095317966852773273e-01 1.637306753420696981e-01 4.334186628507851191e-01 3.431083197273425145e-01 4.503054579535581969e-01 1.700195147976736321e-01 4.502946640607408124e-01 3.431083710631620542e-01 4.334256962481178310e-01 1.637400090032293809e-01 2.095423331974812786e-01 7.413603833200110849e-02 7.412722199721355487e-02
4.094942267092699373e-02 4.094095477657488935e-02 1.531546509254571586e-01 1.408303007316131783e-01 3.855992571808473657e-01 2.893664666809491193e-01 4.803005671048142800e-01 2.218858308051573358e-01 4.803046928525493420e-01 2.893692268920808885e-01 3.855991469779991299e-01 1.408440152841766158e-01 1.531574519722667116e-01 4.094204429576631110e-02 4.093869379354947435e-02
4.780700668097226380e-02 4.779322768971078217e-02 1.328996359539309502e-01 1.159487180038742404e-01 3.846535479886197262e-01 3.024032436521930656e-01 5.134592033056465388e-01 2.880636277773180876e-01 5.134534901048140032e-01 3.023973781857314247e-01 3.846550476568053600e-01 1.159453810862703382e-01 1.329003570371559695e-01 4.779829121715606366e-02 4.781033801512613035e-02
7.797942302386179358e-02 7.797365714952780857e-02 1.877262673112901625e-01 1.438613880677445667e-01 4.381862608711187268e-01 3.358938712420532768e-01 4.593795581844792308e-01 3.012898471099077491e-01 4.593820485548954502e-01 3.358965957022865823e-01 4.381820184828316700e-01 1.438654389333400840e-01 1.877262207943308781e-01 7.797595998606837719e-02 7.797340461950424961e-02
7.893772253186609467e-02 7.893417881253772528e-02 2.398322051665248700e-01 1.962550728848633241e-01 4.711802878585507059e-01 3.419661543082214150e-01 3.984596461708784787e-01 3.042717701706328937e-01 3.984571871781713015e-01 3.419689793475416129e-01 4.711675001949460762e-01 1.962619000446064743e-01 2.398306555297892162e-01 7.893834702133001313e-02 7.894006224711125341e-02
5.101778745407065108e-02 5.101396165095417601e-02 2.067513738433818804e-01 1.821672404399258816e-01 4.443172188389056254e-01 3.451100885806736018e-01 3.992868901977582041e-01 3.022307994335450276e-01 3.992835418915594570e-01 3.451082652696928488e-01 4.443211589130282579e-01 1.821676430347061171e-01 2.067456362113538337e-01 5.102566602291797038e-02 5.101746769313136864e-02
5.965942661866924235e-02 5.965677530761259728e-02 1.968911341027627659e-01 1.617942304190401748e-01 4.459992994073769257e-01 3.539343002901650381e-01 3.812094466011337612e-01 2.097461338697111377e-01 3.812029873008332403e-01 3.539363586108951742e-01 4.460050917471621856e-01 1.617972295189522014e-01 1.969019552933629624e-01 5.967274056998667087e-02 5.966596548709168779e-02
8.588530106114994345e-02 8.588734556876020942e-02 2.410633456788746076e-01 1.822884479951217274e-01 4.762392109545421914e-01 3.441333048571381115e-01 3.496752623777042435e-01 1.014260787727342961e-01 3.496744499684135699e-01 3.441343298671146744e-01 4.762453899751420971e-01 1.823028633916369823e-01 2.410588353598562272e-01 8.588600915700306260e-02 8.589696932486173830e-02
8.763869552982639366e-02 8.764958175286075015e-02 2.734053954998233449e-01 2.208541492397239070e-01 4.691878983880735099e-01 2.951854165479175784e-01 3.188334989608773151e-01 7.912902703320723319e-02 3.188349591319097343e-01 2.951814646220781713e-01 4.691884802259856935e-01 2.208516012685410312e-01 2.733991867332668524e-01 8.764505334113065205e-02 8.764274096359059296e-02
6.678031535284201237e-02 6.678736654486594482e-02 2.263756206674825688e-01 2.023027526791492114e-01 4.433328841811506327e-01 2.936561850791871153e-01 3.471990420443188397e-01 1.353505929326824231e-01 3.472102634460048631e-01 2.936539696037835379e-01 4.433339702579587871e-01 2.023027490772554282e-01 2.263743866136563865e-01 6.677492325384204452e-02 6.677210233734282019e-02
8.572482902169292762e-02 8.572305800866147907e-02 2.246400999094459450e-01 1.896062656537210733e-01 4.271109439278341080e-01 3.113707000189736007e-01 3.325438858869879111e-01 1.852828451650695984e-01 3.325395901755611172e-01 3.113653905393193311e-01 4.271086139445475771e-01 1.896085156481290834e-01 2.246431533348980936e-01 8.571833113553350980e-02 8.571838290236960534e-02
1.071539308530274903e-01 1.071541619106093912e-01 2.912151010467821655e-01 2.329677460758985408e-01 4.317772923414533448e-01 3.057783951040794479e-01 3.086945086614635292e-01 2.353625537288349112e-01 3.086991099416515061e-01 3.057731649355864834e-01 4.317735391794106925e-01 2.329592219372540463e-01 2.912169193062906780e-01 1.071603192271415317e-01 1.071577256991218530e-01
1.028671210370594724e-01 1.028764513115718593e-01 3.306156391484266210e-01 2.760078350159959060e-01 4.216983288334307245e-01 2.726978972176620775e-01 3.212588630587605576e-01 2.777564523599684865e-01 3.212456595474689758e-01 2.727027700229040508e-01 4.217056688037977286e-01 2.760126674815135406e-01 3.306047870528178168e-01 1.028723133233155340e-01 1.028796235087144351e-01
8.589628195677656564e-02 8.589710921385690368e-02 2.816785380858616850e-01 2.383038717264022721e-01 3.932094066922593445e-01 2.641649540515637051e-01 3.004212336121154792e-01 2.190006515659005393e-01 3.004185785406856546e-01 2.641599048718786813e-01 3.932122017156909899e-01 2.383164609578358739e-01 2.816786301862574393e-01 8.588638687917093950e-02 8.589034820821211946e-02
1.082515053033248353e-01 1.082597512735820611e-01 2.715794932022133068e-01 2.055774684884972836e-01 3.873919204282167961e-01 2.546503026713047291e-01 2.701998857916831920e-01 1.448237553662271582e-01 2.702012111931712535e-01 2.546502313769120063e-01 3.873885462062110485e-01 2.055717039675329372e-01 2.715704789102947325e-01 1.082593519624566736e-01 1.082632616238567436e-01
1.362448481632028141e-01 1.362450647417154381e-01 3.305567203408116828e-01 2.412557620105978406e-01 4.205843838924114286e-01 2.228610445870387036e-01 2.863742389401949806e-01 1.564654820180481076e-01 2.863727407219438525e-01 2.228653567418888981e-01 4.205715984386901307e-01 2.412536065540517027e-01 3.305367644958737694e-01 1.362470957234897528e-01 1.362464411483925164e-01
1.272030879584351015e-01 1.272020401800831868e-01 3.551197307365945299e-01 2.783826898204499467e-01 4.505943561011074294e-01 2.009997625690140288e-01 2.635711492522161414e-01 1.594033075853855119e-01 2.635681991067662100e-01 2.010006830058713168e-01 4.505973638880890753e-01 2.783889395349551377e-01 3.551145441025266303e-01 1.271986255487201345e-01 1.271872210865806485e-01
1.314348608677138319e-01 1.314378597070317567e-01 3.165210983258104349e-01 2.419929631459181718e-01 4.202090566899833179e-01 2.106094517745955574e-01 2.115795558376615260e-01 1.478400104100084378e-01 2.115908327174809700e-01 2.106109941135365649e-01 4.202081385279358705e-01 2.419955733734475700e-01 3.165145293506784752e-01 1.314337970646977660e-01 1.314412269327772664e-01
1.467487282729688647e-01 1.467474146827622561e-01 3.018222421290440716e-01 2.128155050707921658e-01 3.930533163271633379e-01 2.260159171650376608e-01 2.206804811418587864e-01 1.872575328403204287e-01 2.206850999806954094e-01 2.260122777514771975e-01 3.930500530347453281e-01 2.128211072347150346e-01 3.018245219418512204e-01 1.467461710997279845e-01 1.467381238607636251e-01
1.661809460460365040e-01 1.661852771459148559e-01 3.659597762243328445e-01 2.667250482451511417e-01 4.050527837077578797e-01 1.909979653769176555e-01 2.944437731665949798e-01 2.995438878089228818e-01 2.944438207505274963e-01 1.910023247997406082e-01 4.050389998414069548e-01 2.667194645334177716e-01 3.659586480479567472e-01 1.661885192564972469e-01 1.661895186509138589e-01
1.615699086492151659e-01 1.615610002417567914e-01 3.858482185081317795e-01 2.910841991505758730e-01 3.824500686102284552e-01 1.479255965965675657e-01 3.106859356519973137e-01 3.151001331372075276e-01 3.106862174466038518e-01 1.479258643531914386e-01 3.824520661939645461e-01 2.910709800498619826e-01 3.858390088816779362e-01 1.615677514935390802e-01 1.615693150598382366e-01
1.731997854447670515e-01 1.732039648139457322e-01 3.466050524633552676e-01 2.361237512390867987e-01 2.929225638081936478e-01 1.224697391438785976e-01 2.452324062760700141e-01 2.268866629355840159e-01 2.452328237646471676e-01 1.224623555216770576e-01 2.929260588196124782e-01 2.361235605163285456e-01 3.466025626829914996e-01 1.731985416219051221e-01 1.732018009769428768e-01
1.776387067920722207e-01 1.776263019476952421e-01 3.347436810449135880e-01 2.175418756125827024e-01 2.765786192006561284e-01 1.256639705979816779e-01 2.660474970883222601e-01 2.108938243179159788e-01 2.660487932729490579e-01 1.256710404405090298e-01 2.765710023279129848e-01 2.175400963054542336e-01 3.347428260338720096e-01 1.776280183659724732e-01 1.776353407410388718e-01
1.931387916827163598e-01 1.931307825719058013e-01 3.916653791108651861e-01 2.709777940463411472e-01 3.251281818494412557e-01 1.125422294764182318e-01 3.000669420930528464e-01 2.669018054100692483e-01 3.000674524231773388e-01 1.125430552303753329e-01 3.251284806767291702e-01 2.709851505476428279e-01 3.916570442516909001e-01 1.931308582498761917e-01 1.931270434356712196e-01
2.045428677717006649e-01 2.045423644130551777e-01 4.076878694463954567e-01 2.856701346261619756e-01 3.564797496628130391e-01 1.254529287170906837e-01 2.243363137036092914e-01 2.281826317675560989e-01 2.243474447687331952e-01 1.254471402159460514e-01 3.564736698198366360e-01 2.856688453547887030e-01 4.076846901938734336e-01 2.045442989093795294e-01 2.045580607971162479e-01
2.213472778078470204e-01 2.213489382300692365e-01 3.559407248213275476e-01 2.185179820542700324e-01 3.206654661546404217e-01 1.605390536932265189e-01 1.852527800031935068e-01 1.990127777141602050e-01 1.852552182601877595e-01 1.605480819792947100e-01 3.206733677023924090e-01 2.185147491595797464e-01 3.559375564082731813e-01 2.213653532827590809e-01 2.213534310039276809e-01
2.132432640894517117e-01 2.132460254136918643e-01 3.257050022438294778e-01 1.933310913993041558e-01 3.178365697199205253e-01 1.754819396673539256e-01 2.132408773909755251e-01 2.356139687790585469e-01 2.132354526675772077e-01 1.754879697567929275e-01 3.178304613967831704e-01 1.933360814852483900e-01 3.257155278441596358e-01 2.132458690900045917e-01 2.132430842482897493e-01
2.236259559797080243e-01 2.236209015733722216e-01 3.625217620523180639e-01 2.237872077844203500e-01 3.204433113470440686e-01 1.487209365975744046e-01 2.505866350521126495e-01 2.966593019829531497e-01 2.505740093666010693e-01 1.487308421148088033e-01 3.204301206824920478e-01 2.237830910502419668e-01 3.625124751381779697e-01 2.236285374727678965e-01 2.236208632172902444e-01
2.466377129610843322e-01 2.466493886723724049e-01 4.033910843216149122e-01 2.334321426986099013e-01 2.883668084907534124e-01 1.217979871404457071e-01 2.685193037351967238e-01 3.016107825641781703e-01 2.685083631989070851e-01 1.217957812412995278e-01 2.883690279014670121e-01 2.334285882408146384e-01 4.033995350721155115e-01 2.466575975970480838e-01 2.466537560527983231e-01
2.591927256417868586e-01 2.592078383489990756e-01 3.836024575366279721e-01 1.943776906528318360e-01 2.219137534729732630e-01 1.067752442628581711e-01 2.600018246244636955e-01 2.668815224069077119e-01 2.600085995419716411e-01 1.067893525803094712e-01 2.219150738278802826e-01 1.943859976852356231e-01 3.836083768470087141e-01 2.591978938708512370e-01 2.591896217767228894e-01
2.463787261467102474e-01 2.463753908747213783e-01 3.502281455868108129e-01 1.747982831663053016e-01 1.898453940497779602e-01 9.309381192480703504e-02 2.689615460989251972e-01 2.700758864155365924e-01 2.689554410069316948e-01 9.309267657451181233e-02 1.898431334771506496e-01 1.748035114112874711e-01 3.502263496830244627e-01 2.463720035174651879e-01 2.463734318443167592e-01
2.556320096834687750e-01 2.556254954381141364e-01 3.902624261976369580e-01 2.078129163855768069e-01 2.202050083883463905e-01 7.529739119927714164e-02 2.596334229986742015e-01 2.864550338984813704e-01 2.596280015264388341e-01 7.529235568767361775e-02 2.201896035705359633e-01 2.078131748193552397e-01 3.902652045019482374e-01 2.556317903571032613e-01 2.556239178898368491e-01
2.912083385733407193e-01 2.912095829580853001e-01 4.142268674728233346e-01 2.114344133897574918e-01 2.563266031683328339e-01 1.038620163066852897e-01 2.463226274965084062e-01 2.749932636998156932e-01 2.463290063119091822e-01 1.038613017019543450e-01 2.563177597089631998e-01 2.114256421901976601e-01 4.142232491562077845e-01 2.912156165406830644e-01 2.912030951794877809e-01
2.880420935194387133e-01 2.880394003886710963e-01 3.719633366417121056e-01 1.781566934115420553e-01 2.838765567242150789e-01 1.540896087683935600e-01 2.583090748634574441e-01 2.593331535602553251e-01 2.583182352384237324e-01 1.540815311627583561e-01 2.838704085152236045e-01 1.781440319805239758e-01 3.719617263722229117e-01 2.880301402344640493e-01 2.880291276195396932e-01
2.782961344054955544e-01 2.782924242270310433e-01 3.369032403541100673e-01 1.534168556035886977e-01 2.521138809528688518e-01 1.595565804063414639e-01 2.262895794097991020e-01 2.306708891198492872e-01 2.262926100722160161e-01 1.595731918324699850e-01 2.521118642792066211e-01 1.534141186441838056e-01 3.369067607454269142e-01 2.782827946634448546e-01 2.783019268455940720e-01
2.804838523362838121e-01 2.804824610882806768e-01 3.555203883548051502e-01 1.621451712536024492e-01 2.365723396753454111e-01 1.371247536264718070e-01 2.165915320931889876e-01 2.341018728611879429e-01 2.165798497870942141e-01 1.371295234751320757e-01 2.365738647152670349e-01 1.621386553410938958e-01 3.555100695929913623e-01 2.804739999507872006e-01 2.804753869288772461e-01
3.135641606340586751e-01 3.135709644628368320e-01 3.938161417242538320e-01 1.671442079131313374e-01 2.556732798185960553e-01 1.457331241895004070e-01 2.760383135025462620e-01 2.519549473629557057e-01 2.760310640389399550e-01 1.457329028209401467e-01 2.556706106652138488e-01 1.671362078863779521e-01 3.938115273109513703e-01 3.135738602728195268e-01 3.135807189649277849e-01
3.054066484801098991e-01 3.054052133450895212e-01 3.710153950396541944e-01 1.438998228629204679e-01 2.437612343082035116e-01 1.328916308423654935e-01 2.881981899054060769e-01 2.514784200836764350e-01 2.881733001633536295e-01 1.328859168694493942e-01 2.437671637444353001e-01 1.439006383600344163e-01 3.710117453512565833e-01 3.054051367979636611e-01 3.054074169704653618e-01
2.866249099493801689e-01 2.866277180060736729e-01 3.285717107925486546e-01 1.210230748163403369e-01 2.069774672234340196e-01 1.102156336171180584e-01 2.593574017444065793e-01 2.470520504865096889e-01 2.593549348204927663e-01 1.102245277474286356e-01 2.069793648462255886e-01 1.210234726720446630e-01 3.285722783465994112e-01 2.866259100424535244e-01 2.866194040618322836e-01
2.924783972636897933e-01 2.924851737504721716e-01 3.494626572088294081e-01 1.312212907933282269e-01 2.054145758336285987e-01 9.977856645706262295e-02 2.526179042633663885e-01 2.707078115426949649e-01 2.526145503221493005e-01 9.977139985136923572e-02 2.054037130729282068e-01 1.312189312978723765e-01 3.494593513142977281e-01 2.924904101764941311e-01 2.924792361375830874e-01
