0.000000000000000000e+00 0.000000000000000000e+00 0.000000000000000000e+00 0.000000000000000000e+00 0.000000000000000000e+00 0.000000000000000000e+00 1.000000000000000000e+00 1.000000000000000000e+00 1.000000000000000000e+00 0.000000000000000000e+00 0.000000000000000000e+00 0.000000000000000000e+00 0.000000000000000000e+00 0.000000000000000000e+00 0.000000000000000000e+00
2.497917360986756652e-03 2.497917360986756652e-03 4.983355539689204861e-03 2.497917360986701141e-03 4.983355539689149349e-03 2.497917360986701141e-03 9.950166444603107951e-01 9.975020826390132989e-01 9.950166444603107951e-01 2.497917360986701141e-03 4.983355539689204861e-03 2.497917360986701141e-03 4.983355539689204861e-03 2.497917360986590118e-03 2.497917360986590118e-03
9.554725876405933960e-03 9.554725876405933960e-03 1.891808336681205516e-02 9.555751930495182123e-03 1.932747382682298287e-02 9.964501603973052735e-03 9.806721417738207824e-01 9.904442481652252495e-01 9.806721417738126778e-01 9.964501603973163757e-03 1.932747382682326043e-02 9.555751930495182123e-03 1.891808336681211067e-02 9.554725876406044982e-03 9.554725876406044982e-03
1.994587115770662944e-02 1.994587115770662944e-02 3.898743963678730218e-02 1.996152922901250903e-02 4.134031011199434946e-02 2.230403999508190349e-02 9.586546738085217623e-01 9.800383258283427157e-01 9.586546738112581290e-01 2.230403999237362545e-02 4.134031010939653861e-02 1.996152922901056614e-02 3.898743963678513724e-02 1.994587115770668495e-02 1.994587115770668495e-02
3.189954122055332908e-02 3.189954122055332908e-02 6.120617985282017504e-02 3.199146776016048577e-02 6.859127275998677664e-02 3.931701445193103162e-02 9.313801126120865304e-01 9.680063982985922522e-01 9.313801126266083585e-01 3.931701443709478827e-02 6.859127274614801317e-02 3.199146776010181048e-02 6.120617985276338713e-02 3.189954122055277397e-02 3.189954122055277397e-02
4.343969351729226602e-02 4.343969351729226602e-02 8.130641795763149382e-02 4.377948640885143128e-02 9.839848495551528629e-02 6.066250284798946346e-02 9.014950164921035070e-01 9.562065510259044609e-01 9.014950165098647439e-01 6.066250282995211407e-02 9.839848493919384209e-02 4.377948640867385111e-02 8.130641795732879151e-02 4.343969351738224960e-02 4.343969351738224960e-02
5.275954824504897056e-02 5.275954824504897056e-02 9.566742513833231820e-02 5.370511293272572928e-02 1.283419083954276951e-01 8.584083438581946446e-02 8.713537709697192213e-01 9.462351226884893052e-01 8.713537709653872421e-01 8.584083438295603274e-02 1.283419083911954695e-01 5.370511294013324832e-02 9.566742514371273653e-02 5.275954824549661248e-02 5.275954824549661248e-02
5.854853259099956908e-02 5.854853259099956908e-02 1.020740644756558679e-01 6.071190614747007386e-02 1.566848629851004260e-01 1.142133860689460989e-01 8.425892940769195150e-01 9.390940752618650578e-01 8.425892941205594955e-01 1.142133861086343516e-01 1.566848630101845274e-01 6.071190615137095348e-02 1.020740644678450049e-01 5.854853259492520667e-02 5.854853259492520667e-02
6.020821624791355964e-02 6.020821624791355964e-02 1.001350497330926737e-01 6.448911139677632187e-02 1.826117621838070360e-01 1.450636548138493631e-01 8.158704242905696624e-01 9.349948552313775973e-01 8.158704243860288585e-01 1.450636548415780158e-01 1.826117621906370170e-01 6.448911139505170143e-02 1.001350497205442669e-01 6.020821624789257642e-02 6.020821624789257642e-02
5.791898444989940220e-02 5.791898444989940220e-02 9.127844154035813506e-02 6.548563785039723806e-02 2.062370582272564645e-01 1.776886604491879629e-01 7.908912330844352079e-01 9.333368295588291286e-01 7.908912331959453423e-01 1.776886604801779512e-01 2.062370582223425064e-01 6.548563782898686458e-02 9.127844150752828511e-02 5.791898444089593756e-02 5.791898444089593756e-02
5.255287511161221836e-02 5.255287511161221836e-02 7.834569414879732907e-02 6.476742126722989656e-02 2.283974533022625764e-01 2.114981984569939133e-01 7.665804493546577447e-01 9.328566958380480889e-01 7.665804494899927102e-01 2.114981984841823870e-01 2.283974532829662341e-01 6.476742120637413169e-02 7.834569406930746993e-02 5.255287509585915284e-02 5.255287509585915284e-02
4.546069515054063093e-02 4.546069515054063093e-02 6.489975200927661225e-02 6.376456824731979722e-02 2.502908323045091588e-01 2.460936416522718773e-01 7.414682469591871161e-01 9.319077112531604090e-01 7.414682471092678417e-01 2.460936416700600371e-01 2.502908322583752287e-01 6.376456813767439336e-02 6.489975186557717102e-02 4.546069513077699575e-02 4.546069513077699575e-02
3.818649978523519506e-02 3.818649978523519506e-02 5.442500539481659461e-02 6.397600642138856486e-02 2.730593890976176219e-01 2.813013925598195630e-01 7.141139672518604931e-01 9.288005571987247855e-01 7.141139673790083409e-01 2.813013925957732475e-01 2.730593890314855221e-01 6.397600623206695092e-02 5.442500516406462152e-02 3.818649975616944525e-02 3.818649975616944525e-02
3.217370524200741100e-02 3.217370524200741100e-02 4.961190673163090592e-02 6.670120560700526502e-02 2.974219902976362739e-01 3.171465074848688337e-01 6.834908568350877012e-01 9.221290876077770093e-01 6.834908570241984282e-01 3.171465074767783054e-01 2.974219902298568807e-01 6.670120543006724523e-02 4.961190646751373334e-02 3.217370523681223338e-02 3.217370523681223338e-02
2.852354677034779629e-02 2.852354677034779629e-02 5.188614148488202016e-02 7.285337522609930394e-02 3.234419907079747469e-01 3.537674425275176837e-01 6.492416865218501032e-01 9.110137935760380667e-01 6.492416866934986874e-01 3.537674425431756031e-01 3.234419906804241740e-01 7.285337498663324585e-02 5.188614115818468431e-02 2.852354676429558200e-02 2.852354676429558200e-02
2.784965473391992630e-02 2.784965473391992630e-02 6.127142215661085523e-02 8.288143327343600042e-02 3.504773286373711327e-01 3.912896268912390285e-01 6.117568750738791028e-01 8.952204456591099646e-01 6.117568753080554478e-01 3.912896268593892279e-01 3.504773286268288435e-01 8.288143303140660390e-02 6.127142179988420700e-02 2.784965477574002923e-02 2.784965477574002923e-02
3.024725630100066898e-02 3.024725630100066898e-02 7.658657247345801444e-02 9.679770115624153348e-02 3.773109326360718496e-01 4.296880894999817735e-01 5.720737614406696814e-01 8.751440777920757030e-01 5.720737616698939876e-01 4.296880894541706963e-01 3.773109326680182951e-01 9.679770089473171968e-02 7.658657210521491177e-02 3.024725637745229179e-02 3.024725637745229179e-02
3.536859812372161738e-02 3.536859812372161738e-02 9.589503824540607235e-02 1.142833222272842675e-01 4.024146986868253895e-01 4.686753032006030772e-01 5.316388227414636791e-01 8.516795006889539277e-01 5.316388228829456164e-01 4.686753031916973677e-01 4.024146987997396230e-01 1.142833219488840202e-01 9.589503789438857950e-02 3.536859822243293427e-02 3.536859822243293427e-02
4.257409369787984454e-02 4.257409369787984454e-02 1.170692377970700693e-01 1.348292553897545987e-01 4.242703310073885348e-01 5.076463070786375598e-01 4.920036311748314795e-01 8.260224411336161143e-01 4.920036313753767820e-01 5.076463070218794060e-01 4.242703311027614110e-01 1.348292551528672001e-01 1.170692374995505047e-01 4.257409387112154331e-02 4.257409387112154331e-02
5.111576508503634653e-02 5.111576508503634653e-02 1.383155414508644432e-01 1.578701628746734809e-01 4.416625003742218336e-01 5.456998536884082318e-01 4.545338661934541502e-01 7.994546082984891333e-01 4.545338662842959843e-01 5.456998536842879721e-01 4.416625005464175913e-01 1.578701626127697599e-01 1.383155411780773170e-01 5.111576527909661438e-02 5.111576527909661438e-02
6.030871566474976797e-02 6.030871566474976797e-02 1.585305498767542454e-01 1.828798911455426501e-01 4.538745321966917157e-01 5.817353874560378113e-01 4.201984187326998077e-01 7.731600285234194736e-01 4.201984188743450033e-01 5.817353873929682617e-01 4.538745323221232697e-01 1.828798909373467452e-01 1.585305496598500841e-01 6.030871593015174614e-02 6.030871593015174614e-02
6.965546427652946626e-02 6.965546427652946626e-02 1.774156105005921247e-01 2.094148649364255266e-01 4.607485300880074242e-01 6.146059277240609742e-01 3.894773909460634842e-01 7.481042069440348996e-01 3.894773910483085855e-01 6.146059276539111993e-01 4.607485302071974709e-01 2.094148647540269303e-01 1.774156103147382924e-01 6.965546458030236199e-02 6.965546458030236199e-02
7.890480317126902232e-02 7.890480317126902232e-02 1.953479701124034018e-01 2.371107216478171575e-01 4.626113779830495765e-01 6.432924240540458527e-01 3.623932196485758483e-01 7.249856357343915647e-01 3.623932197139655420e-01 6.432924239671689026e-01 4.626113780578469670e-01 2.371107214775519667e-01 1.953479699368678713e-01 7.890480349060779997e-02 7.890480349060779997e-02
8.804510203991661177e-02 8.804510203991661177e-02 2.130725162583976817e-01 2.656503909767869431e-01 4.601035014224331143e-01 6.670599742710572322e-01 3.386374064208529933e-01 7.042487997542262734e-01 3.386374064107758874e-01 6.670599741844712716e-01 4.601035014749983998e-01 2.656503907505318729e-01 2.130725160507679350e-01 8.804510233443824108e-02 8.804510233443824108e-02
9.724807121565659518e-02 9.724807121565659518e-02 2.313213876603566477e-01 2.947268185741394042e-01 4.539697094042483005e-01 6.855614954450023335e-01 3.177448197959789056e-01 6.861346837409996180e-01 3.177448197629847981e-01 6.855614953276915058e-01 4.539697093946701845e-01 2.947268183432461552e-01 2.313213874295326766e-01 9.724807148570158155e-02 9.724807148570158155e-02
1.067879390950727259e-01 1.067879390950727259e-01 2.504788286573705336e-01 3.240193782013256474e-01 4.448750597398922757e-01 6.988682953593141622e-01 2.992622522763778159e-01 6.707410655440283476e-01 2.992622522553516351e-01 6.988682951756564066e-01 4.448750596180210959e-01 3.240193779872830304e-01 2.504788283854561537e-01 1.067879393409717492e-01 1.067879393409717492e-01
1.169624012533364010e-01 1.169624012533364010e-01 2.703857419507008641e-01 3.531932930849107644e-01 4.332941632902592710e-01 7.074251615529146830e-01 2.828676475654647859e-01 6.580706121158719224e-01 2.828676475281180491e-01 7.074251613322398713e-01 4.332941631174663799e-01 3.531932928404957206e-01 2.703857416335920805e-01 1.169624014523018007e-01 1.169624014523018007e-01
1.280354210255039704e-01 1.280354210255039704e-01 2.903307543104370336e-01 3.819201660785043195e-01 4.194950532689469824e-01 7.119450352131960758e-01 2.684161585636364311e-01 6.480562066806956345e-01 2.684161585114087645e-01 7.119450349685907398e-01 4.194950530759823382e-01 3.819201658190135018e-01 2.903307539814835581e-01 1.280354211692877331e-01 1.280354211692877331e-01
1.402113479779840133e-01 1.402113479779840133e-01 3.092174073435362547e-01 4.099093416143100299e-01 4.036076291678545314e-01 7.132705932816516547e-01 2.559131644928187010e-01 6.405658564987146697e-01 2.559131643990206206e-01 7.132705930787399673e-01 4.036076289970740305e-01 4.099093413152649634e-01 3.092174070279610221e-01 1.402113480349347352e-01 1.402113480349347352e-01
1.536380488818422929e-01 1.536380488818422929e-01 3.258468046376195582e-01 4.369366066707584539e-01 3.857413868870236406e-01 7.122345268712799715e-01 2.454349293058711856e-01 6.353982946429030942e-01 2.454349292074275435e-01 7.122345266643494988e-01 3.857413867255576334e-01 4.369366063660423682e-01 3.258468043598016228e-01 1.536380488927437948e-01 1.536380488927437948e-01
