0.000000000000000000e+00 0.000000000000000000e+00 0.000000000000000000e+00 0.000000000000000000e+00 0.000000000000000000e+00 0.000000000000000000e+00 0.000000000000000000e+00 0.000000000000000000e+00 0.000000000000000000e+00 0.000000000000000000e+00 1.000000000000000000e+00 1.000000000000000000e+00 1.000000000000000000e+00 0.000000000000000000e+00 0.000000000000000000e+00 0.000000000000000000e+00 0.000000000000000000e+00 0.000000000000000000e+00 0.000000000000000000e+00 0.000000000000000000e+00 0.000000000000000000e+00 0.000000000000000000e+00 0.000000000000000000e+00
2.752152684262237914e-02 2.752152684262237914e-02 5.352818480575416427e-02 2.752152684262237914e-02 5.352818480575433080e-02 2.752152684262237914e-02 5.352818480575460836e-02 2.752152684262237914e-02 5.352818480575449733e-02 2.752152684262237914e-02 9.464718151942453916e-01 9.724784731573776764e-01 9.464718151942455027e-01 2.752152684262243465e-02 5.352818480575460836e-02 2.752152684262254567e-02 5.352818480575460836e-02 2.752152684262254567e-02 5.352818480575483040e-02 2.752152684262254567e-02 5.352818480575483040e-02 2.752152684262249016e-02 2.752152684262249016e-02
6.555287294337241999e-02 6.555287294337241999e-02 1.162355950839638608e-01 6.666461811339258192e-02 1.173372524242761172e-01 6.666461811339258192e-02 1.173372524242757287e-01 6.666461811339230437e-02 1.551628702448091257e-01 1.048366035177437094e-01 8.444907621713730883e-01 9.333353818866073626e-01 8.444907621713730883e-01 1.048366035177436539e-01 1.551628702448094588e-01 6.666461811339274846e-02 1.173372524242760617e-01 6.666461811339263743e-02 1.173372524242761727e-01 6.666461811339280397e-02 1.162355950839636942e-01 6.555287294337258652e-02 6.555287294337258652e-02
5.992368233526118582e-02 5.992368233526118582e-02 8.679609121349535217e-02 6.924336589313084822e-02 9.577111451866177072e-02 6.929029054183566405e-02 9.754225577381953061e-02 7.090148495779963200e-02 2.340257773499107574e-01 2.113342954237402704e-01 7.623485976938988440e-01 9.278310705050625273e-01 7.623485977049506701e-01 2.113342954205910118e-01 2.340257773336452685e-01 7.090148494498710319e-02 9.754225578031711086e-02 6.929029054644070262e-02 9.577111453123743345e-02 6.924336590433527450e-02 8.679609122915038499e-02 5.992368234412803751e-02 5.992368234412803751e-02
3.461918848666911686e-02 3.461918848666911686e-02 3.604826548466577574e-02 5.677316850843899809e-02 5.597902680571964495e-02 5.772345577597121080e-02 7.143171714827245555e-02 7.166095174340164631e-02 3.090122311407311750e-01 3.267581560112277628e-01 6.740722931001168483e-01 9.187420684452253239e-01 6.740722931081443159e-01 3.267581560041502575e-01 3.090122311196630833e-01 7.166095173702879961e-02 7.143171716301299767e-02 5.772345577713866582e-02 5.597902680379113205e-02 5.677316851891173188e-02 3.604826549378542522e-02 3.461918849066558668e-02 3.461918849066558668e-02
3.601259777070914270e-02 3.601259777070914270e-02 3.807405248799144992e-02 5.645901093913735513e-02 5.524355002660036318e-02 6.217779087481067890e-02 1.091694324396590976e-01 1.127137468357271577e-01 4.012822695385722671e-01 4.517764028383227104e-01 5.485486821581777583e-01 8.596750632597423003e-01 5.485486822767456916e-01 4.517764027409231775e-01 4.012822694552797831e-01 1.127137468120072428e-01 1.091694324067744581e-01 6.217779087830366258e-02 5.524355002400921366e-02 5.645901094834471223e-02 3.807405249565498639e-02 3.601259777656568017e-02 3.601259777656568017e-02
5.735717123523059735e-02 5.735717123523059735e-02 5.195225990179508369e-02 6.068310343336497104e-02 6.103988394516712823e-02 7.778075657337057969e-02 1.698828048211195041e-01 1.878372346109234425e-01 4.667264177084401444e-01 5.788663534622793261e-01 4.238601394982208226e-01 7.703030016386787082e-01 4.238601395497488267e-01 5.788663533357889524e-01 4.667264176207209236e-01 1.878372346000289350e-01 1.698828048099291776e-01 7.778075659281380450e-02 6.103988394626785885e-02 6.068310344292987546e-02 5.195225991051960479e-02 5.735717124941669409e-02 5.735717124941669409e-02
6.883406061030766798e-02 6.883406061030766798e-02 4.919620913888372860e-02 7.008536371931567421e-02 7.285319441306109534e-02 1.025898812831124718e-01 2.270458843163549734e-01 2.747110118263534906e-01 4.716382602334486251e-01 6.705043568486652728e-01 3.376186059357638714e-01 6.937521284763190632e-01 3.376186059511778748e-01 6.705043566771672348e-01 4.716382601011691045e-01 2.747110118873062889e-01 2.270458843585309028e-01 1.025898813265077036e-01 7.285319445563981366e-02 7.008536377400143014e-02 4.919620916276745692e-02 6.883406063656155593e-02 6.883406063656155593e-02
6.739633941832612329e-02 6.739633941832612329e-02 5.887421890858834939e-02 9.223382887932457530e-02 1.119532841575997528e-01 1.437811655998609828e-01 2.933138538095431680e-01 3.664845683745088789e-01 4.358306952518958832e-01 7.045406729714706051e-01 2.819749886480523160e-01 6.468735256671834799e-01 2.819749885034864012e-01 7.045406726527880803e-01 4.358306950119970602e-01 3.664845685347351001e-01 2.933138538155812824e-01 1.437811657839852542e-01 1.119532842777670179e-01 9.223382901951837631e-02 5.887421896663336263e-02 6.739633947370776701e-02 6.739633947370776701e-02
6.509307517162882251e-02 6.509307517162882251e-02 7.934011308163807508e-02 1.121124442820758405e-01 1.523534885833612296e-01 1.963593181464891035e-01 3.487108098677478285e-01 4.567526773121944328e-01 3.819189288291281459e-01 7.025206556145748849e-01 2.456814686622857957e-01 6.269674885972984502e-01 2.456814682670892536e-01 7.025206549465183858e-01 3.819189280105693696e-01 4.567526773270255136e-01 3.487108098060476280e-01 1.963593183284237931e-01 1.523534885468563194e-01 1.121124444352567529e-01 7.934011318691419623e-02 6.509307524778595866e-02 6.509307524778595866e-02
6.625135672444937285e-02 6.625135672444937285e-02 8.826081315717082543e-02 1.204066585713886584e-01 1.818919985566737618e-01 2.528713742089533367e-01 3.702273108158965487e-01 5.321940495269754656e-01 3.161871381784404078e-01 6.894497163168548104e-01 2.301386998149336227e-01 6.242840561206145500e-01 2.301386992352514871e-01 6.894497154328678157e-01 3.161871369046570512e-01 5.321940487592006219e-01 3.702273108726020778e-01 2.528713743512268630e-01 1.818919986656417631e-01 1.204066585534333544e-01 8.826081345086322916e-02 6.625135660447561969e-02 6.625135660447561969e-02
7.080932548391050130e-02 7.080932548391050130e-02 9.920209272933322442e-02 1.347836522592146258e-01 2.221870407339193720e-01 3.136409284909864592e-01 3.661970912908349973e-01 5.872361019448706365e-01 2.523757151747623717e-01 6.671009455096599261e-01 2.282935505518830510e-01 6.318478028935338164e-01 2.282935512640381637e-01 6.671009449418836557e-01 2.523757148881170531e-01 5.872360999195901377e-01 3.661970920831516541e-01 3.136409287240156107e-01 2.221870406381630247e-01 1.347836522701745254e-01 9.920209309374827811e-02 7.080932539309964246e-02 7.080932539309964246e-02
7.884767704666584276e-02 7.884767704666584276e-02 1.299226774922127570e-01 1.695412543379724579e-01 2.651113842863685455e-01 3.814762595442358628e-01 3.407815561465001863e-01 6.257122474224158237e-01 2.049632092294540464e-01 6.353786811038282245e-01 2.274005886996433579e-01 6.514168032897805771e-01 2.274005903331750011e-01 6.353786801702636655e-01 2.049632096427392858e-01 6.257122452006242952e-01 3.407815571067234206e-01 3.814762592696429033e-01 2.651113840085240203e-01 1.695412542395667854e-01 1.299226783375418970e-01 7.884767689312455197e-02 7.884767689312455197e-02
9.000607786568315394e-02 9.000607786568315394e-02 1.711137498847793981e-01 2.209250362361048214e-01 2.920093830395893431e-01 4.555352233916468152e-01 2.930635067741291233e-01 6.468849027156218234e-01 1.746770597326640084e-01 6.063981530935632636e-01 2.227629420399077631e-01 6.767160746799369964e-01 2.227629423927884322e-01 6.063981500026046634e-01 1.746770584574754426e-01 6.468849018362656800e-01 2.930635067315663367e-01 4.555352224251004722e-01 2.920093825976473045e-01 2.209250362125868561e-01 1.711137505137427794e-01 9.000607811370880951e-02 9.000607811370880951e-02
1.074778500609237519e-01 1.074778500609237519e-01 2.124396819557006766e-01 2.820125403985015433e-01 3.109121967022664412e-01 5.254231118478019935e-01 2.379628982267412707e-01 6.451232634985348824e-01 1.605997955039017988e-01 5.938230922705215464e-01 2.142862344997391588e-01 6.870762744148530832e-01 2.142862334828906645e-01 5.938230872666910853e-01 1.605997928567776123e-01 6.451232625005230981e-01 2.379628977612556762e-01 5.254231106752864644e-01 3.109121961473523266e-01 2.820125406074371899e-01 2.124396821296783422e-01 1.074778506021444313e-01 1.074778506021444313e-01
