0.000000000000000000e+00 0.000000000000000000e+00 0.000000000000000000e+00 0.000000000000000000e+00 0.000000000000000000e+00 0.000000000000000000e+00 0.000000000000000000e+00 0.000000000000000000e+00 0.000000000000000000e+00 0.000000000000000000e+00 1.000000000000000000e+00 1.000000000000000000e+00 1.000000000000000000e+00 0.000000000000000000e+00 0.000000000000000000e+00 0.000000000000000000e+00 0.000000000000000000e+00 0.000000000000000000e+00 0.000000000000000000e+00 0.000000000000000000e+00 0.000000000000000000e+00 0.000000000000000000e+00 0.000000000000000000e+00
4.892001893681607871e-03 4.892001893681607871e-03 9.736140422308359188e-03 4.892001893681663383e-03 9.736140422308248166e-03 4.892001893681718894e-03 9.736140422308192655e-03 4.892001893681718894e-03 9.736140422308137143e-03 4.892001893681718894e-03 9.902638595776919184e-01 9.951079981063183366e-01 9.902638595776920294e-01 4.892001893681663383e-03 9.736140422307804076e-03 4.892001893681607871e-03 9.736140422307637543e-03 4.892001893681663383e-03 9.736140422307637543e-03 4.892001893681663383e-03 9.736140422307526521e-03 4.892001893681663383e-03 4.892001893681663383e-03
1.866929934648631217e-02 1.866929934648631217e-02 3.660812436877669551e-02 1.867320691610657724e-02 3.661202545711089718e-02 1.867320618165557722e-02 3.661202477892921969e-02 1.867320621019058491e-02 3.740166483947882092e-02 1.946430688232331230e-02 9.625968745508404201e-01 9.813267937605019142e-01 9.625968745508403090e-01 1.946430688232347883e-02 3.740166483947893195e-02 1.867320621019047389e-02 3.661202477892910867e-02 1.867320618165574375e-02 3.661202545711100820e-02 1.867320691610696581e-02 3.660812436877691756e-02 1.866929934648647871e-02 1.866929934648647871e-02
3.883836544519636558e-02 3.883836544519636558e-02 7.425148636188072526e-02 3.889661013569462034e-02 7.430945697289398355e-02 3.889661090572771318e-02 7.431016693656156136e-02 3.889728982147733216e-02 7.874713525964260885e-02 4.335359569301844296e-02 9.212340458080829908e-01 9.611021481175051617e-01 9.212340458079297800e-01 4.335359569279906289e-02 7.874713526614662840e-02 3.889728982879880892e-02 7.431016694426234581e-02 3.889661090626689299e-02 7.430945696638174836e-02 3.889661012887651870e-02 7.425148634825468053e-02 3.883836543828617094e-02 3.883836543828617094e-02
6.186673101672157671e-02 6.186673101672157671e-02 1.140129626390365414e-01 6.219759196867657991e-02 1.143408082162498673e-01 6.219769436287791997e-02 1.143507173499941354e-01 6.220705892266170656e-02 1.278450981986766766e-01 7.581332061387002774e-02 8.720499182197820609e-01 9.377851913027427377e-01 8.720499182198296895e-01 7.581332061203632788e-02 1.278450982094678778e-01 6.220705893803490927e-02 1.143507173866242232e-01 6.219769435979194405e-02 1.143408082023442129e-01 6.219759195738816526e-02 1.140129626171858535e-01 6.186673100555717397e-02 6.186673100555717397e-02
8.395129362721581723e-02 8.395129362721581723e-02 1.472616808283372936e-01 8.512268432776509686e-02 1.484144406006384087e-01 8.512387519435726801e-02 1.484781466540035511e-01 8.518287745278263490e-02 1.784742446429711804e-01 1.156006214780983532e-01 8.211449928290991407e-01 9.147684956014563440e-01 8.211449928320466718e-01 1.156006214785781916e-01 1.784742446605087074e-01 8.518287747698732870e-02 1.484781467144230538e-01 8.512387519260733448e-02 1.484144405824427970e-01 8.512268431244396361e-02 1.472616807991440346e-01 8.395129361140030166e-02 8.395129361140030166e-02
1.018082783271089253e-01 1.018082783271089253e-01 1.675904166313369470e-01 1.048996268133765564e-01 1.706008976659329490e-01 1.049072422032900076e-01 1.708697648536224856e-01 1.051502183916713240e-01 2.254715697706380917e-01 1.609620546086351633e-01 7.734727067308055926e-01 8.946515110123451908e-01 7.734727067307916037e-01 1.609620546113335049e-01 2.254715697744508751e-01 1.051502183991477324e-01 1.708697648708140115e-01 1.049072422084896261e-01 1.706008976477019767e-01 1.048996267936939675e-01 1.675904165986359939e-01 1.018082783081776799e-01 1.018082783081776799e-01
1.132965746867896084e-01 1.132965746867896084e-01 1.722816012746832826e-01 1.199348021173052281e-01 1.786474262541420943e-01 1.199685761580315813e-01 1.795086358560608608e-01 1.207267745629478917e-01 2.656892700558741716e-01 2.097681616036601859e-01 7.318783364968614036e-01 8.786655900783983952e-01 7.318783365007843766e-01 2.097681616055893095e-01 2.656892700569072341e-01 1.207267745653396451e-01 1.795086358778543167e-01 1.199685761707844356e-01 1.786474262395831847e-01 1.199348020939793313e-01 1.722816012328206581e-01 1.132965746647170979e-01 1.132965746647170979e-01
1.177381989733831125e-01 1.177381989733831125e-01 1.626600001504779347e-01 1.299295696799391830e-01 1.740984789221748930e-01 1.300456100228620238e-01 1.763588614513094122e-01 1.319858778625382922e-01 2.983249394572261570e-01 2.597835201013100059e-01 6.967825287617546159e-01 8.665033972319675648e-01 6.967825287415982949e-01 2.597835201223138157e-01 2.983249394627878193e-01 1.319858778865256044e-01 1.763588615034161200e-01 1.300456099957177369e-01 1.740984788752218959e-01 1.299295696578211534e-01 1.626600001081870972e-01 1.177381989415037244e-01 1.177381989415037244e-01
1.158848222642450687e-01 1.158848222642450687e-01 1.433067675944204589e-01 1.356356399097478072e-01 1.612891257908541931e-01 1.359654598324682162e-01 1.663800258164787049e-01 1.402390262397271159e-01 3.245892368271208750e-01 3.090016979690324850e-01 6.665416226932823207e-01 8.565710500156940022e-01 6.665416226647218334e-01 3.090016979848009826e-01 3.245892368052874510e-01 1.402390262550252675e-01 1.663800258568530199e-01 1.359654597924974673e-01 1.612891257389411082e-01 1.356356398899445925e-01 1.433067675631959914e-01 1.158848222304935671e-01 1.158848222304935671e-01
1.095719408158865593e-01 1.095719408158865593e-01 1.204508358613086139e-01 1.383750827313889875e-01 1.456390274562513465e-01 1.391836276653995452e-01 1.557791558150146138e-01 1.475484692883668458e-01 3.468693615630803473e-01 3.559439711248559846e-01 6.383199288226995005e-01 8.465590990177054298e-01 6.383199288044293374e-01 3.559439711670296935e-01 3.468693615458904866e-01 1.475484693122475210e-01 1.557791558450766778e-01 1.391836276214054036e-01 1.456390274175969890e-01 1.383750827212880674e-01 1.204508358471623186e-01 1.095719407798638745e-01 1.095719407798638745e-01
1.011765773878952057e-01 1.011765773878952057e-01 1.000765619063607170e-01 1.395038439680659215e-01 1.318679637246513714e-01 1.412625677516279876e-01 1.501055873542777030e-01 1.561397580704511623e-01 3.676805216521757957e-01 3.998285826374676777e-01 6.091757430762848591e-01 8.341451596772161414e-01 6.091757430940608620e-01 3.998285826614249583e-01 3.676805215980094577e-01 1.561397581039067894e-01 1.501055873767878079e-01 1.412625677117939627e-01 1.318679636892761686e-01 1.395038439592979906e-01 1.000765619075411617e-01 1.011765773432575233e-01 1.011765773432575233e-01
9.303156534626710883e-02 9.303156534626710883e-02 8.632859015511151757e-02 1.399904634350568333e-01 1.227222743492696888e-01 1.434528903522244714e-01 1.527874401206433252e-01 1.678822886227325228e-01 3.887325463853634755e-01 4.405569667843483583e-01 5.770286644964796041e-01 8.176214061692719248e-01 5.770286646343947279e-01 4.405569665976530880e-01 3.887325462281148170e-01 1.678822886043752072e-01 1.527874401159808881e-01 1.434528903398822886e-01 1.227222743338437505e-01 1.399904634238868795e-01 8.632859016514515815e-02 9.303156530118250611e-02 9.303156530118250611e-02
8.694209240551126205e-02 8.694209240551126205e-02 8.065402074394928400e-02 1.402235058359175279e-01 1.185713126397101025e-01 1.464817998484638228e-01 1.645066649449515306e-01 1.839546025138997232e-01 4.103720954056765957e-01 4.785193714795803466e-01 5.412445534043482942e-01 7.962858152242002774e-01 5.412445534490075705e-01 4.785193713805006022e-01 4.103720952818815659e-01 1.839546026210564511e-01 1.645066649735777431e-01 1.464817998276728983e-01 1.185713127663667321e-01 1.402235057821495379e-01 8.065402076319755365e-02 8.694209233132788039e-02 8.694209233132788039e-02
8.390514158794204480e-02 8.390514158794204480e-02 8.185598600886212495e-02 1.400756302328061143e-01 1.178978267224369270e-01 1.505704078901687337e-01 1.834961727859705793e-01 2.047373633300115792e-01 4.315220687767552521e-01 5.142780253128149681e-01 5.027161591335206348e-01 7.705251585348803500e-01 5.027161592837648962e-01 5.142780250098187844e-01 4.315220685487645147e-01 2.047373633169775053e-01 1.834961727863019809e-01 1.505704078665873746e-01 1.178978268300506227e-01 1.400756301682463678e-01 8.185598604316574045e-02 8.390514150495975709e-02 8.390514150495975709e-02
8.406622288704745927e-02 8.406622288704745927e-02 8.693556054861467652e-02 1.391662568551800816e-01 1.183914140696584738e-01 1.556238520903088784e-01 2.065337690410336546e-01 2.299071218380400738e-01 4.500779614008697527e-01 5.482239585395568549e-01 4.634809565399058418e-01 7.416181087679064587e-01 4.634809565135118992e-01 5.482239583903457669e-01 4.500779612643311944e-01 2.299071218559831098e-01 2.065337691353167360e-01 1.556238520822287863e-01 1.183914141997497449e-01 1.391662567672308781e-01 8.693556057909329615e-02 8.406622280596587338e-02 8.406622280596587338e-02
8.688126843603832805e-02 8.688126843603832805e-02 9.236736254787214495e-02 1.372041596250972439e-01 1.181695523815339266e-01 1.614903106445483849e-01 2.302065065165506685e-01 2.586586039585722085e-01 4.635891417724595787e-01 5.803120676497253161e-01 4.260513944771868178e-01 7.113633884786215722e-01 4.260513944209863846e-01 5.803120674801768297e-01 4.635891416678445398e-01 2.586586039011781191e-01 2.302065067424862166e-01 1.614903106313456682e-01 1.181695525089671572e-01 1.372041595176128337e-01 9.236736257670569161e-02 8.688126834748194360e-02 8.688126834748194360e-02
9.140367422937745179e-02 9.140367422937745179e-02 9.535743174458899407e-02 1.342740002706482305e-01 1.166534493309333009e-01 1.681801364109022368e-01 2.519853308426721061e-01 2.899678683254262035e-01 4.699878969327140332e-01 6.099546788259750940e-01 3.926959099521719065e-01 6.816699259446710180e-01 3.926959098567120998e-01 6.099546784935544474e-01 4.699878967918704187e-01 2.899678680178605639e-01 2.519853311943163199e-01 1.681801363404885619e-01 1.166534494541565103e-01 1.342740001224377866e-01 9.535743170712346339e-02 9.140367409522437425e-02 9.140367409522437425e-02
9.659824176304326881e-02 9.659824176304326881e-02 9.468917517313546472e-02 1.309609423438413134e-01 1.148009449129370751e-01 1.759710152121948257e-01 2.707776343487370285e-01 3.228212508504474387e-01 4.681441403749384556e-01 6.361035443741583917e-01 3.648908242454508288e-01 6.542285658386481906e-01 3.648908239938070119e-01 6.361035441682439950e-01 4.681441403409870028e-01 3.228212505168253088e-01 2.707776350664299336e-01 1.759710151951122126e-01 1.148009450525825925e-01 1.309609422298990133e-01 9.468917515641589455e-02 9.659824165468289259e-02 9.659824165468289259e-02
1.015959883019081911e-01 1.015959883019081911e-01 9.094094916848088905e-02 1.282729167816200611e-01 1.146686236170064710e-01 1.853804434102196419e-01 2.868527893982759647e-01 3.563632068804503117e-01 4.581049831656700544e-01 6.574908773572836207e-01 3.430782884354506845e-01 6.303314816334476545e-01 3.430782880837222049e-01 6.574908770663979718e-01 4.581049831142138262e-01 3.563632062726637129e-01 2.868527903283344394e-01 1.853804433184415568e-01 1.146686237196046232e-01 1.282729166861059644e-01 9.094094916217476676e-02 1.015959882084305765e-01 1.015959882084305765e-01
1.058382851190458052e-01 1.058382851190458052e-01 8.608748373540436871e-02 1.273965759084904059e-01 1.185330885286489111e-01 1.970390456860188211e-01 3.012719067696565389e-01 3.899490940856118470e-01 4.409927631627724165e-01 6.729520265071051721e-01 3.267504361779403066e-01 6.108400745719222424e-01 3.267504357939340354e-01 6.729520263158516036e-01 4.409927630224481088e-01 3.899490934837533951e-01 3.012719081161688850e-01 1.970390456409508717e-01 1.185330886354985513e-01 1.273965758228682854e-01 8.608748375802904862e-02 1.058382850155454302e-01 1.058382850155454302e-01
1.091013766176507360e-01 1.091013766176507360e-01 8.269567553286383266e-02 1.293819448051971022e-01 1.279512305023827179e-01 2.115269979448655135e-01 3.151125703777853393e-01 4.231162444939468026e-01 4.186425852077343412e-01 6.817315355656802245e-01 3.147755851560817275e-01 5.962501800532231666e-01 3.147755848656684785e-01 6.817315353959201296e-01 4.186425848254131665e-01 4.231162437892898032e-01 3.151125719360430844e-01 2.115269978649770288e-01 1.279512305750010737e-01 1.293819447355208374e-01 8.269567557578644257e-02 1.091013764708937961e-01 1.091013764708937961e-01
1.114292258531130453e-01 1.114292258531130453e-01 8.303114427842672729e-02 1.348713019322476114e-01 1.431331031581471458e-01 2.292344478479839687e-01 3.288135987627124335e-01 4.555029982816751755e-01 3.931282244126582670e-01 6.836870860424555385e-01 3.058215302346701803e-01 5.867814543845010222e-01 3.058215301144521225e-01 6.836870858786440186e-01 3.931282235863682861e-01 4.555029975470878401e-01 3.288136004341393193e-01 2.292344477748425313e-01 1.431331032101620382e-01 1.348713019112873779e-01 8.303114433699254615e-02 1.114292257249097085e-01 1.114292257249097085e-01
1.130228675870684207e-01 1.130228675870684207e-01 8.837960883739887086e-02 1.439640413664197149e-01 1.628521819458860209e-01 2.502825145284547359e-01 3.418762829325523445e-01 4.867510818602811540e-01 3.663359863960967688e-01 6.793440950241289578e-01 2.987270445472857139e-01 5.824299433402775339e-01 2.987270447483930669e-01 6.793440948522535550e-01 3.663359850343055335e-01 4.867510809685279272e-01 3.418762845368585324e-01 2.502825143141705899e-01 1.628521819164556739e-01 1.439640412784902734e-01 8.837960889742590975e-02 1.130228673986179433e-01 1.130228673986179433e-01
1.141355684525616199e-01 1.141355684525616199e-01 9.877566384658958976e-02 1.562538437134504132e-01 1.848942029307405477e-01 2.745095056953028578e-01 3.529934049613646652e-01 5.164236778275423934e-01 3.397036206816316239e-01 6.698027514683846384e-01 2.927178191107364658e-01 5.829590568140924356e-01 2.927178196542727928e-01 6.698027514042543817e-01 3.397036186471938946e-01 5.164236769349912493e-01 3.529934064330494392e-01 2.745095054689429270e-01 1.848942028309544794e-01 1.562538436620449223e-01 9.877566393739739548e-02 1.141355683140576893e-01 1.141355683140576893e-01
1.150072799814018110e-01 1.150072799814018110e-01 1.131689240496785986e-01 1.710093704724407471e-01 2.068368169880785978e-01 3.015028464638636052e-01 3.605073614130597792e-01 5.439630225143898823e-01 3.141677415776806814e-01 6.565408794840843498e-01 2.874340225666695003e-01 5.878465523806187809e-01 2.874340235169440261e-01 6.565408796220744136e-01 3.141677387170505042e-01 5.439630217892253983e-01 3.605073628265337282e-01 3.015028463713398943e-01 2.068368168967222864e-01 1.710093705241534368e-01 1.131689241274103086e-01 1.150072799283758385e-01 1.150072799283758385e-01
1.158492531525959768e-01 1.158492531525959768e-01 1.299076751794152051e-01 1.874221801335240745e-01 2.268390654103065174e-01 3.306504232006485244e-01 3.629861715791184995e-01 5.686998828788972782e-01 2.902850153477071204e-01 6.411774180631394371e-01 2.828062337205721199e-01 5.962343392908447948e-01 2.828062348918995994e-01 6.411774184237051255e-01 2.902850116816431125e-01 5.686998821941233739e-01 3.629861728931069731e-01 3.306504231849178299e-01 2.268390653239720223e-01 1.874221802007927096e-01 1.299076752400861734e-01 1.158492530991546143e-01 1.158492530991546143e-01
1.168669196614489647e-01 1.168669196614489647e-01 1.473301750023407464e-01 2.048305839150736385e-01 2.441368001312367864e-01 3.611927058327746298e-01 3.596886138358671436e-01 5.899144897309060998e-01 2.684387574632834950e-01 6.252599823037383597e-01 2.788595183121331811e-01 6.069332003147326349e-01 2.788595197333032516e-01 6.252599829737879311e-01 2.684387530583480785e-01 5.899144890714960177e-01 3.596886151553139177e-01 3.611927058584454286e-01 2.441368000287986173e-01 2.048305839903271086e-01 1.473301749703202490e-01 1.168669196588757453e-01 1.168669196588757453e-01
1.182965117956799594e-01 1.182965117956799594e-01 1.642490772047087155e-01 2.228494534383312353e-01 2.590743711858732312e-01 3.922721891516974813e-01 3.507609152718969003e-01 6.069363035411058371e-01 2.490271626315571085e-01 6.101180826553422865e-01 2.755343713400408290e-01 6.185133418323568444e-01 2.755343730700775540e-01 6.101180836525760265e-01 2.490271577151309534e-01 6.069363027246772457e-01 3.507609167029784869e-01 3.922721891389630011e-01 2.590743710416271717e-01 2.228494533118271503e-01 1.642490770357724061e-01 1.182965117992405002e-01 1.182965117992405002e-01
1.204294755860902399e-01 1.204294755860902399e-01 1.801835829027036984e-01 2.413805380047717719e-01 2.726935624338931996e-01 4.229871557144593286e-01 3.371303379597952454e-01 6.192601800984023352e-01 2.325529251145221910e-01 5.967939913109828742e-01 2.725895066046276627e-01 6.294771432259180788e-01 2.725895086599308681e-01 5.967939927751605422e-01 2.325529201670062385e-01 6.192601791756482399e-01 3.371303396991490176e-01 4.229871558066701787e-01 2.726935623086295113e-01 2.413805378628012810e-01 1.801835824989078128e-01 1.204294756519128651e-01 1.204294756519128651e-01
1.236076383934288647e-01 1.236076383934288647e-01 1.953030535991438499e-01 2.605252806497723173e-01 2.860711203738526276e-01 4.524566260396755135e-01 3.201808035246659356e-01 6.266515981952700542e-01 2.195832770818423318e-01 5.860360058539835215e-01 2.696100275842334693e-01 6.384752358789115290e-01 2.696100299981444293e-01 5.860360078079451807e-01 2.195832725441196898e-01 6.266515970657102752e-01 3.201808057556222442e-01 4.524566262544671424e-01 2.860711201584507646e-01 2.605252807184936792e-01 1.953030529442941199e-01 1.236076386632537494e-01 1.236076386632537494e-01
1.281865591741697674e-01 1.281865591741697674e-01 2.101510523097942507e-01 2.804531759695818582e-01 2.996825149620668260e-01 4.798936571128527562e-01 3.013662959409754705e-01 6.292153950361237813e-01 2.106042786727751470e-01 5.783234978813251992e-01 2.661031431608453790e-01 6.445082054396591431e-01 2.661031461565468992e-01 5.783235002444606643e-01 2.106042750231890137e-01 6.292153935599619219e-01 3.013662986455263315e-01 4.798936572679699530e-01 2.996825147107203269e-01 2.804531761155518721e-01 2.101510514041619038e-01 1.281865595377174594e-01 1.281865595377174594e-01
1.344784484986753514e-01 1.344784484986753514e-01 2.252838683144686160e-01 3.012837419815903028e-01 3.130437959462923914e-01 5.046727546900071637e-01 2.819167013972410096e-01 6.274105944904511123e-01 2.058333274292908910e-01 5.738932245637433649e-01 2.616355859725384425e-01 6.470589091001572868e-01 2.616355896329157771e-01 5.738932272436522153e-01 2.058333249423143774e-01 6.274105926673930744e-01 2.819167044760703678e-01 5.046727546820342081e-01 3.130437957159967199e-01 3.012837421675185201e-01 2.252838671379091551e-01 1.344784489682225859e-01 1.344784489682225859e-01
1.426938555124003249e-01 1.426938555124003249e-01 2.409651541481427350e-01 3.230206531594133068e-01 3.247628542114635586e-01 5.263723710162827585e-01 2.627270432582065052e-01 6.220067992556197467e-01 2.050668962846320387e-01 5.727488357111383266e-01 2.559597700478360993e-01 6.461230417932560810e-01 2.559597745663979573e-01 5.727488385025040207e-01 2.050668950825075276e-01 6.220067969874096825e-01 2.627270464867118571e-01 5.263723707638419125e-01 3.247628541498785437e-01 3.230206533675707981e-01 2.409651527994417508e-01 1.426938558525172596e-01 1.426938558525172596e-01
1.529020652643766631e-01 1.529020652643766631e-01 2.570154579169149356e-01 3.455460660814073104e-01 3.329681805655853033e-01 5.447797296124770039e-01 2.444281448908582899e-01 6.139912752748597491e-01 2.076254722011908194e-01 5.746537359645468301e-01 2.490874702091872006e-01 6.421379136439382407e-01 2.490874755038353650e-01 5.746537386772546663e-01 2.076254721876097387e-01 6.139912727789401670e-01 2.444281480143767338e-01 5.447797291507726625e-01 3.329681808520857933e-01 3.455460663631543250e-01 2.570154565225707954e-01 1.529020656989558136e-01 1.529020656989558136e-01
1.650231045469541247e-01 1.650231045469541247e-01 2.728443442627867532e-01 3.686558670288737627e-01 3.359415308092086327e-01 5.598591914663502145e-01 2.275560947017901681e-01 6.044470105943821059e-01 2.124220875698230593e-01 5.791239497724298690e-01 2.412924181008569979e-01 6.358387208774896049e-01 2.412924239103759749e-01 5.791239521135540524e-01 2.124220883962496531e-01 6.044470080994380767e-01 2.275560976257042789e-01 5.598591906715376654e-01 3.359415315264674406e-01 3.686558675255751094e-01 2.728443428937229465e-01 1.650231053142295901e-01 1.650231053142295901e-01
1.788538518017702139e-01 1.788538518017702139e-01 2.876244843896285097e-01 3.921046682490076374e-01 3.327131318526330150e-01 5.716993158175646128e-01 2.127029968386972558e-01 5.944269576565599511e-01 2.181396571241210336e-01 5.854444610861470055e-01 2.330472317965373574e-01 6.280890278562988316e-01 2.330472378303406478e-01 5.854444627271387924e-01 2.181396582914628124e-01 5.944269553557066654e-01 2.127029993798150720e-01 5.716993146776163659e-01 3.327131333168241722e-01 3.921046688192543206e-01 2.876244830332734814e-01 1.788538526831203734e-01 1.788538526831203734e-01
1.941199038029546298e-01 1.941199038029546298e-01 3.005243921514597072e-01 4.156341920749108687e-01 3.234042281212575753e-01 5.804601909558151362e-01 2.005527361308090395e-01 5.848482782412952607e-01 2.234686468626887468e-01 5.927273676801824154e-01 2.249172119111596535e-01 6.197306951764479654e-01 2.249172176670006240e-01 5.927273684767718764e-01 2.234686477094293688e-01 5.848482763332808476e-01 2.005527380222515976e-01 5.804601894994574351e-01 3.234042305208344459e-01 4.156341926495173977e-01 3.005243909675859859e-01 1.941199048646548020e-01 1.941199048646548020e-01
2.105376359248284923e-01 2.105376359248284923e-01 3.109111101879338257e-01 4.389752823651504876e-01 3.092060759043637752e-01 5.863387045035733935e-01 1.917701442900814901e-01 5.764229964639064896e-01 2.273415329720718248e-01 6.000148691884092944e-01 2.174414175832332097e-01 6.114838149655936750e-01 2.174414227149435996e-01 6.000148690834792298e-01 2.273415329665342544e-01 5.764229950752152165e-01 1.917701455471081950e-01 5.863387027448900835e-01 3.092060792631420307e-01 4.389752826668492092e-01 3.109111091734808041e-01 2.105376369568252026e-01 2.105376369568252026e-01
2.278690399673637956e-01 2.278690399673637956e-01 3.184609302438083378e-01 4.618312534295522798e-01 2.920227849283472121e-01 5.895586090929609835e-01 1.867888852916438913e-01 5.696305862070849546e-01 2.291053060626060400e-01 6.064115948699446701e-01 2.110288344073357747e-01 6.039041914340969042e-01 2.110288383961485548e-01 6.064115939735196248e-01 2.291053047345467109e-01 5.696305854383344469e-01 1.867888857661328394e-01 5.895586071551293106e-01 2.920227890642491109e-01 4.618312536129081658e-01 3.184609293782236783e-01 2.278690410003800793e-01 2.278690410003800793e-01
2.459548393088449858e-01 2.459548393088449858e-01 3.231597387813303079e-01 4.838602887181586709e-01 2.739239319659942384e-01 5.903802304472401952e-01 1.855978861870828944e-01 5.647274027483362158e-01 2.285941991799141926e-01 6.112163861616044525e-01 2.058895977240450259e-01 5.973852887789562471e-01 2.058896001253261443e-01 6.112163848598336502e-01 2.285941964708295693e-01 5.647274026098939581e-01 1.855978859909895862e-01 5.903802285604767830e-01 2.739239364701066548e-01 4.838602889963147802e-01 3.231597379940013837e-01 2.459548403802757077e-01 2.459548403802757077e-01
2.647184676455552332e-01 2.647184676455552332e-01 3.252160666926765531e-01 5.046734385523099498e-01 2.566096454694334894e-01 5.891174502850448080e-01 1.876349781318150667e-01 5.617801128586097370e-01 2.260934192740964854e-01 6.140196540222139232e-01 2.020112074585455053e-01 5.921802724479486857e-01 2.020112084770617766e-01 6.140196527515533464e-01 2.260934153074779518e-01 5.617801130414079580e-01 1.876349772574472108e-01 5.891174483221286451e-01 2.566096501597582291e-01 5.046734384941118368e-01 3.252160658155351936e-01 2.647184685678219962e-01 2.647184685678219962e-01
2.841415385980082808e-01 2.841415385980082808e-01 3.249347732835052849e-01 5.238549628385690271e-01 2.410694387547209772e-01 5.861488365199656325e-01 1.918561153958558418e-01 5.607080542804490086e-01 2.222120912439128348e-01 6.147406688055778723e-01 1.991803163162859103e-01 5.884204931528209670e-01 1.991803160740471257e-01 6.147406682980965931e-01 2.222120866122259120e-01 5.607080547518055180e-01 1.918561139765436740e-01 5.861488347278229760e-01 2.410694432062870929e-01 5.238549629563178378e-01 3.249347725748703564e-01 2.841415395579101055e-01 2.841415395579101055e-01
3.042184113162229031e-01 3.042184113162229031e-01 3.226016245118274450e-01 5.409996806108485767e-01 2.275303172948484054e-01 5.819144348728807481e-01 1.969761429096926197e-01 5.613227448396237440e-01 2.177023909506496935e-01 6.135967871643449589e-01 1.970431720275998000e-01 5.861187068461418681e-01 1.970431712898140786e-01 6.135967880131417695e-01 2.177023864833058653e-01 5.613227451333152596e-01 1.969761412922578780e-01 5.819144330010430632e-01 2.275303212792482710e-01 5.409996803801115917e-01 3.226016236739150389e-01 3.042184119432740363e-01 3.042184119432740363e-01
3.249021302950136914e-01 3.249021302950136914e-01 3.184134211605356146e-01 5.557541167517511260e-01 2.156768236262684435e-01 5.768963275951594083e-01 2.018043409775596708e-01 5.633595869375658260e-01 2.132699320230631024e-01 6.110161234075062175e-01 1.951921343666667696e-01 5.851605781951706442e-01 1.951921338284398066e-01 6.110161262768278867e-01 2.132699285334905825e-01 5.633595871162939694e-01 2.018043394580517624e-01 5.768963261490461791e-01 2.156768269505003333e-01 5.557541169690121130e-01 3.184134207346280832e-01 3.249021308284799625e-01 3.249021308284799625e-01
3.460552820985136613e-01 3.460552820985136613e-01 3.124643119822698156e-01 5.678479462695206204e-01 2.050293153970060289e-01 5.715867575775271936e-01 2.055548397134178140e-01 5.665035833632781070e-01 2.094173298281768458e-01 6.075203787074443529e-01 1.932608538090776484e-01 5.853001655174955298e-01 1.932608543100988729e-01 6.075203838872240691e-01 2.094173281296121680e-01 5.665035830726592447e-01 2.055548386397635374e-01 5.715867562660807977e-01 2.050293180453213182e-01 5.678479465526409253e-01 3.124643118636840078e-01 3.460552823947422585e-01 3.460552823947422585e-01
3.674174454769423281e-01 3.674174454769423281e-01 3.047776584278243939e-01 5.771083594524515359e-01 1.953209533114794727e-01 5.664509567976774296e-01 2.080167082408718171e-01 5.704143393245222349e-01 2.063517213147603169e-01 6.036099173531397355e-01 1.910079997028029108e-01 5.861774825010804824e-01 1.910080016478221676e-01 6.036099248876367618e-01 2.063517217955878613e-01 5.704143385520387133e-01 2.080167078610558606e-01 5.664509555130772256e-01 1.953209554043685570e-01 5.771083596799860826e-01 3.047776585632238633e-01 3.674174454759439046e-01 3.674174454759439046e-01
3.885969777967102079e-01 3.885969777967102079e-01 2.953618146554353174e-01 5.834585150270457099e-01 1.867313758595523510e-01 5.618925009785717961e-01 2.095199399167569920e-01 5.747542805898667728e-01 2.039715375122790886e-01 5.996784849248635307e-01 1.883697539903747553e-01 5.873682347207584975e-01 1.883697577441629245e-01 5.996784943795383516e-01 2.039715396659109725e-01 5.747542795717167641e-01 2.095199403518219206e-01 5.618925001711190248e-01 1.867313775924113739e-01 5.834585157212650586e-01 2.953618154256786310e-01 3.885969776586007951e-01 3.885969776586007951e-01
4.090894317427632432e-01 4.090894317427632432e-01 2.842683445969530487e-01 5.869073298035473174e-01 1.799028088898964595e-01 5.582278418674808673e-01 2.107105052211841190e-01 5.792192179114682427e-01 2.019307489442033199e-01 5.959726453197741192e-01 1.854663696033511666e-01 5.884610254560956877e-01 1.854663744705401518e-01 5.959726559015273706e-01 2.019307520839961345e-01 5.792192166226535210e-01 2.107105064874735811e-01 5.582278411772243487e-01 1.799028104269022044e-01 5.869073304988030593e-01 2.842683456717148283e-01 4.090894311960141527e-01 4.090894311960141527e-01
4.283194224838071107e-01 4.283194224838071107e-01 2.716390840019311526e-01 5.875388704401983686e-01 1.757529416720327031e-01 5.556740807207487531e-01 2.122202032640829739e-01 5.835652462310662036e-01 1.997631553917610381e-01 5.925961123729741598e-01 1.825584634949184437e-01 5.891427282360879314e-01 1.825584691205754950e-01 5.925961228988162466e-01 1.997631578310596900e-01 5.835652449022892263e-01 2.122202049896921849e-01 5.556740805399528194e-01 1.757529430886335398e-01 5.875388714052439676e-01 2.716390854907361763e-01 4.283194216393894083e-01 4.283194216393894083e-01
4.456979930242144228e-01 4.456979930242144228e-01 2.577374580083251487e-01 5.855056424099427392e-01 1.751727905313601452e-01 5.543508591710523126e-01 2.143563874679635939e-01 5.876235954881153800e-01 1.970367480194873400e-01 5.895468061998627718e-01 1.799620694161119250e-01 5.892654081875585703e-01 1.799620745320092974e-01 5.895468155654561837e-01 1.970367483093257155e-01 5.876235942245182642e-01 2.143563893566440282e-01 5.543508593673220908e-01 1.751727918080904778e-01 5.855056433934563431e-01 2.577374596832435749e-01 4.456979918204918567e-01 4.456979918204918567e-01
4.606843777632572134e-01 4.606843777632572134e-01 2.429644046622019826e-01 5.810244894013448791e-01 1.787308480863095683e-01 5.542936794873493112e-01 2.169277359977412889e-01 5.912972348271193779e-01 1.935006365875163725e-01 5.867682256261196327e-01 1.779447084785575894e-01 5.888715573602474329e-01 1.779447116478698465e-01 5.867682330083463516e-01 1.935006335188615978e-01 5.912972339098715446e-01 2.169277377676206986e-01 5.542936800336353276e-01 1.787308490277965678e-01 5.810244903076550171e-01 2.429644064967821371e-01 4.606843763307876261e-01 4.606843763307876261e-01
4.728402562658349795e-01 4.728402562658349795e-01 2.278589452679908867e-01 5.743697507070981700e-01 1.864896059488007629e-01 5.554731698361168313e-01 2.192698849993185983e-01 5.945387908111908759e-01 1.891871947305177604e-01 5.841976220876941017e-01 1.766327163070332551e-01 5.881670472588942378e-01 1.766327174375753040e-01 5.841976266776157667e-01 1.891871872043122127e-01 5.945387902342067488e-01 2.192698862560362727e-01 5.554731709176847776e-01 1.864896065623402599e-01 5.743697515852510538e-01 2.278589471810922307e-01 4.728402545333755258e-01 4.728402545333755258e-01
4.818663107399485668e-01 4.818663107399485668e-01 2.130795286150530821e-01 5.658583634604994472e-01 1.979871059982170056e-01 5.578137271460729130e-01 2.204589386748395663e-01 5.973161968076206030e-01 1.844401102064508469e-01 5.817999969454438203e-01 1.759591222610039640e-01 5.874482355705903380e-01 1.759591203085907885e-01 5.817999989635622704e-01 1.844400988081608128e-01 5.973161968886728790e-01 2.204589395968239440e-01 5.578137285264885836e-01 1.979871061504323015e-01 5.658583642529174673e-01 2.130795307233767089e-01 4.818663090652771652e-01 4.818663090652771652e-01
4.876148861420293579e-01 4.876148861420293579e-01 1.993597717805505876e-01 5.558255663121286494e-01 2.123699598837135438e-01 5.612061701503956446e-01 2.196318721471206548e-01 5.995775502931276479e-01 1.798558405564161244e-01 5.795851939125137298e-01 1.756708168107580792e-01 5.870040629313085789e-01 1.756708128648956091e-01 5.795851933655908894e-01 1.798558260647150631e-01 5.995775507218905620e-01 2.196318728778768881e-01 5.612061718587807446e-01 2.123699597893912716e-01 5.558255669413821876e-01 1.993597740986161604e-01 4.876148843577618464e-01 4.876148843577618464e-01
4.900781847258102730e-01 4.900781847258102730e-01 1.874349234459476987e-01 5.445954423794088228e-01 2.286114355729140790e-01 5.655122283309638176e-01 2.162960162084178739e-01 6.012275019407669063e-01 1.761479308537475807e-01 5.776118354683736911e-01 1.753960202251005351e-01 5.870219456975597216e-01 1.753960147949370496e-01 5.776118332066981775e-01 1.761479153781398965e-01 6.012275027010854922e-01 2.162960173853095136e-01 5.655122300684480852e-01 2.286114354612402977e-01 5.445954428004842196e-01 1.874349261424183011e-01 4.900781830671239181e-01 4.900781830671239181e-01
4.893572693186116207e-01 4.893572693186116207e-01 1.779441584946654387e-01 5.324547716137305597e-01 2.457274142444217380e-01 5.705624271038636230e-01 2.105179332932208824e-01 6.021240927257828224e-01 1.739659906296010528e-01 5.759839523759492375e-01 1.747536335663684159e-01 5.875250880387992147e-01 1.747536275885798185e-01 5.759839495094134509e-01 1.739659765693003513e-01 6.021240939211065513e-01 2.105179357524880057e-01 5.705624287170177888e-01 2.457274144899238566e-01 5.324547718740061386e-01 1.779441617127214270e-01 4.893572680853481849e-01 4.893572680853481849e-01
4.856216915673151613e-01 4.856216915673151613e-01 1.713260950523582959e-01 5.196391211321136350e-01 2.629183789220900236e-01 5.761514920722563549e-01 2.029299409012534916e-01 6.020981820877919777e-01 1.737169870802327543e-01 5.748440349059388277e-01 1.734716645964110571e-01 5.883595294063359571e-01 1.734716600652221885e-01 5.748440318293877027e-01 1.737169762529269246e-01 6.020981828233944455e-01 2.029299448471936218e-01 5.761514935360543266e-01 2.629183799484228201e-01 5.196391211189100856e-01 1.713260987393842028e-01 4.856216904641632581e-01 4.856216904641632581e-01
4.790715627056379988e-01 4.790715627056379988e-01 1.677347993312127139e-01 5.063364038212112561e-01 2.796062747868034992e-01 5.820354334924494610e-01 1.945606893279037131e-01 6.009903731308219310e-01 1.754399779122147729e-01 5.743620119838761529e-01 1.714777526698789689e-01 5.892345928012030498e-01 1.714777501041038210e-01 5.743620099579016536e-01 1.754399718132428898e-01 6.009903737314553629e-01 1.945606953302597697e-01 5.820354348402786426e-01 2.796062770722243518e-01 5.063364036174646809e-01 1.677348034050141212e-01 4.790715620331268410e-01 4.790715620331268410e-01
4.699125460361467943e-01 4.699125460361467943e-01 1.670051961439220634e-01 4.927068354991315235e-01 2.953816035991285172e-01 5.879322308820850163e-01 1.865577937759188565e-01 5.986948568452300501e-01 1.787737905371567515e-01 5.747165125863695767e-01 1.689327644030190756e-01 5.898049282739126209e-01 1.689327648553662908e-01 5.747165115891532672e-01 1.787737894948325801e-01 5.986948562748437563e-01 1.865578012595877078e-01 5.879322321316753364e-01 2.953816071518056141e-01 4.927068351053722761e-01 1.670052003341456759e-01 4.699125455079787850e-01 4.699125455079787850e-01
4.583498056531422060e-01 4.583498056531422060e-01 1.686872108315905505e-01 4.789119190119440761e-01 3.099090465439240383e-01 5.935249379034330808e-01 1.799034553400801206e-01 5.951978181826389491e-01 1.830322008397530231e-01 5.760649211986625939e-01 1.661961179773902564e-01 5.897703239096221406e-01 1.661961211507475000e-01 5.760649217072697503e-01 1.830322040870295819e-01 5.951978164750596489e-01 1.799034637525527280e-01 5.935249392201851215e-01 3.099090513874692698e-01 4.789119184707206767e-01 1.686872147202277405e-01 4.583498053314704057e-01 4.583498053314704057e-01
4.446007059864146016e-01 4.446007059864146016e-01 1.721484893268570571e-01 4.651414164881998992e-01 3.228474024197728887e-01 5.984643764088386497e-01 1.752178352674216288e-01 5.906002919168873433e-01 1.873695994760077865e-01 5.785026316697399196e-01 1.637332047329072005e-01 5.889645209571781059e-01 1.637332099100380356e-01 5.785026339009355922e-01 1.873696051206286128e-01 5.906002891766441998e-01 1.752178436826015151e-01 5.984643780884448816e-01 3.228474085569206231e-01 4.651414159826140482e-01 1.721484925842351466e-01 4.446007059456024146e-01 4.446007059456024146e-01
4.289197792418991129e-01 4.289197792418991129e-01 1.767224053182540056e-01 4.516274982976724028e-01 3.338219833870122444e-01 6.023697589112984030e-01 1.727048933726199054e-01 5.851204050783423982e-01 1.909916750461603252e-01 5.820178620808467151e-01 1.619937214445605900e-01 5.874081418650247688e-01 1.619937276921116220e-01 5.820178650324039360e-01 1.909916813059200913e-01 5.851204004763623789e-01 1.727049004563427914e-01 6.023697606189137854e-01 3.338219899073105457e-01 4.516274978200690571e-01 1.767224073828902453e-01 4.289197792870034220e-01 4.289197792870034220e-01
4.116252451344943886e-01 4.116252451344943886e-01 1.818599269434366672e-01 4.386392167797166231e-01 3.424556169879035550e-01 6.048293928606552905e-01 1.722390085850168950e-01 5.790758160042147606e-01 1.933499375602380499e-01 5.864536609347703600e-01 1.612986234246054917e-01 5.853122315042036394e-01 1.612986295847874674e-01 5.864536647361103805e-01 1.933499419444457135e-01 5.790758103538347079e-01 1.722390133880209451e-01 6.048293949110346013e-01 3.424556240955522468e-01 4.386392167337974657e-01 1.818599279297846150e-01 4.116252455179957304e-01 4.116252455179957304e-01
3.931155584889263199e-01 3.931155584889263199e-01 1.872385767993157701e-01 4.264566183040793823e-01 3.484339970862955216e-01 6.054079374020917559e-01 1.735403250200517333e-01 5.728516561522443151e-01 1.942620302941684418e-01 5.914905563899240937e-01 1.617697930445873844e-01 5.830339130663763081e-01 1.617697979382189399e-01 5.914905598823825272e-01 1.942620318318697414e-01 5.728516490426325269e-01 1.735403270354766159e-01 6.054079389832414115e-01 3.484340036903569304e-01 4.264566186485618249e-01 1.872385763287169880e-01 3.931155590467477756e-01 3.931155590467477756e-01
3.738674007260162635e-01 3.738674007260162635e-01 1.927927554400006849e-01 4.153301241676356503e-01 3.515660026685670236e-01 6.036684166352671577e-01 1.763607399302285494e-01 5.668609504171966407e-01 1.939218672160492041e-01 5.966601790972525521e-01 1.633217364473094624e-01 5.809991088392558733e-01 1.633217395516064485e-01 5.966601821554847751e-01 1.939218651042974861e-01 5.668609428227640024e-01 1.763607391139541125e-01 6.036684177809191754e-01 3.515660090356830247e-01 4.153301253191603037e-01 1.927927539517520494e-01 3.738674016968739355e-01 3.738674016968739355e-01
3.544123735123892449e-01 3.544123735123892449e-01 1.986545763268532938e-01 4.054355440556351442e-01 3.518055690478975039e-01 5.992142971293081821e-01 1.806082860219034858e-01 5.615034265306304562e-01 1.927980997066944813e-01 6.013926580354739260e-01 1.657138069692681293e-01 5.796148904960001236e-01 1.657138084478004814e-01 6.013926606306554401e-01 1.927980940201688975e-01 5.615034195590232757e-01 1.806082826549543219e-01 5.992142979583647833e-01 3.518055758190964388e-01 4.054355465064710118e-01 1.986545745542908636e-01 3.544123752526775473e-01 3.544123752526775473e-01
3.352964752336612952e-01 3.352964752336612952e-01 2.050250974469224330e-01 3.968370182961908355e-01 3.492244771851271690e-01 5.917494077447635892e-01 1.863702914200381366e-01 5.571257183318749640e-01 1.914554808119914853e-01 6.050909581210617283e-01 1.686418731565849649e-01 5.791938711769952786e-01 1.686418727697280850e-01 6.050909595621425385e-01 1.914554733796034469e-01 5.571257120155523879e-01 1.863702867682545117e-01 5.917494072366166202e-01 3.492244833764957535e-01 3.968370218169558483e-01 2.050250951189734883e-01 3.352964773200324822e-01 3.352964773200324822e-01
3.170319071067300709e-01 3.170319071067300709e-01 2.120210700202599385e-01 3.894689210365293586e-01 3.439531193121158625e-01 5.811442405763664887e-01 1.938396916835907202e-01 5.539834857493556308e-01 1.903588167367584183e-01 6.072168752758286825e-01 1.718366485112957087e-01 5.799062084436855669e-01 1.718366475261321469e-01 6.072168759716729536e-01 1.903588082911584767e-01 5.539834814993284118e-01 1.938396862382494867e-01 5.811442397230850432e-01 3.439531264076551853e-01 3.894689262912429117e-01 2.120210682921718770e-01 3.170319101661143169e-01 3.170319101661143169e-01
3.000531943921576072e-01 3.000531943921576072e-01 2.195529403264740997e-01 3.831436615667898060e-01 3.361252333312504392e-01 5.674905005395476376e-01 2.031866441335773432e-01 5.522052716383469839e-01 1.897251734262468958e-01 6.073694922291322795e-01 1.751359064801505383e-01 5.817643535893400886e-01 1.751359047720750239e-01 6.073694917922151104e-01 1.897251662701308073e-01 5.522052690767503824e-01 2.031866391823974882e-01 5.674904984437758593e-01 3.361252402234752301e-01 3.831436679506020626e-01 2.195529386655991066e-01 3.000531976478938434e-01 3.000531976478938434e-01
2.846878755504177461e-01 2.846878755504177461e-01 2.272802779784609539e-01 3.775859661901637132e-01 3.258628400055061936e-01 5.511251557162208936e-01 2.144343504611225804e-01 5.517601065079258404e-01 1.894736821750852562e-01 6.053388196274233080e-01 1.785086957467038049e-01 5.846360006290308720e-01 1.785086942375935237e-01 6.053388183570280745e-01 1.894736768468878174e-01 5.517601061662325002e-01 2.144343462136287792e-01 5.511251533912328027e-01 3.258628473295787087e-01 3.775859738410975996e-01 2.272802768205664514e-01 2.846878792399252234e-01 2.846878792399252234e-01
2.711471023407603376e-01 2.711471023407603376e-01 2.346643710068748723e-01 3.724872741134493959e-01 3.133186554369908894e-01 5.326118975178540937e-01 2.273897468479894046e-01 5.524351185202874825e-01 1.892893399920850817e-01 6.011247373205277356e-01 1.820277938956608721e-01 5.882742319090118466e-01 1.820277932285880307e-01 6.011247356103547324e-01 1.892893364062919748e-01 5.524351206683624227e-01 2.273897430826083976e-01 5.326118962493323616e-01 3.133186636298951888e-01 3.724872830488871189e-01 2.346643705481429310e-01 2.711471066712214384e-01 2.711471066712214384e-01
2.595347751665489366e-01 2.595347751665489366e-01 2.411027963205070734e-01 3.675677940363533680e-01 2.987628300527137570e-01 5.126795357192431846e-01 2.416517632498550450e-01 5.538333774445959312e-01 1.887781005995712302e-01 5.949213776236084161e-01 1.858047922341481972e-01 5.923526737703695977e-01 1.858047917442011698e-01 5.949213752155375623e-01 1.887780997078981615e-01 5.538333806634000434e-01 2.416517600503768071e-01 5.126795345898986778e-01 2.987628375913187195e-01 3.675678031763071063e-01 2.411027958613115585e-01 2.595347791595669085e-01 2.595347791595669085e-01
2.498679239734077906e-01 2.498679239734077906e-01 2.461002343051580388e-01 3.626306151996659954e-01 2.826731473775278003e-01 4.921292838105246203e-01 2.566856202386778585e-01 5.554029641341433621e-01 1.876587135990846478e-01 5.870761197004277232e-01 1.899143821975898261e-01 5.964966024249029886e-01 1.899143820576235653e-01 5.870761173642886632e-01 1.876587141036901718e-01 5.554029687885791988e-01 2.566856167276169165e-01 4.921292848635818729e-01 2.826731550724321806e-01 3.626306248316837344e-01 2.461002341504435198e-01 2.498679281544275987e-01 2.498679281544275987e-01
2.420979994004673341e-01 2.420979994004673341e-01 2.494149026296613725e-01 3.575933914378097711e-01 2.657762508463165640e-01 4.717316138120991598e-01 2.719257965575418989e-01 5.565034186334292254e-01 1.859231134555630049e-01 5.780371703542659390e-01 1.943366463925311205e-01 6.003066346232691641e-01 1.943366460735780898e-01 5.780371676472910725e-01 1.859231156234054105e-01 5.565034229425782630e-01 2.719257924115898728e-01 4.717316155986109871e-01 2.657762572653146749e-01 3.575934004249254894e-01 2.494149024271571369e-01 2.420980028966955855e-01 2.420980028966955855e-01
2.361236171399971884e-01 2.361236171399971884e-01 2.511266902660143074e-01 3.524887692491158742e-01 2.489991779584267428e-01 4.521354913841729162e-01 2.868630652038296480e-01 5.565051112856861382e-01 1.839067028112247870e-01 5.683028569586623391e-01 1.989381738180374115e-01 6.033773272886766570e-01 1.989381730365440415e-01 5.683028542260374349e-01 1.839067059262392001e-01 5.565051150030126959e-01 2.868630599581896701e-01 4.521354947130865054e-01 2.489991834524069581e-01 3.524887777481190421e-01 2.511266902697324443e-01 2.361236202403227957e-01 2.361236202403227957e-01
2.317899370310051443e-01 2.317899370310051443e-01 2.515996325456603122e-01 3.474338054688282940e-01 2.333229308870760632e-01 4.338083693702542432e-01 3.010840029380406069e-01 5.549040655936300359e-01 1.822396946765897363e-01 5.583804116002382134e-01 2.034981981027444986e-01 6.053163888127371939e-01 2.034981962958279933e-01 5.583804090947213083e-01 1.822396986327471380e-01 5.549040684340583729e-01 3.010839966250762889e-01 4.338083747557496817e-01 2.333229358915176466e-01 3.474338137146204541e-01 2.515996328894252176e-01 2.317899400068396676e-01 2.317899400068396676e-01
2.288765254956226514e-01 2.288765254956226514e-01 2.513485138169947453e-01 3.425782887422896272e-01 2.195708718214490762e-01 4.170161455125741545e-01 3.142575513938224430e-01 5.514244179931134804e-01 1.816911462485368278e-01 5.487549707229525398e-01 2.077697683355741454e-01 6.057703870241114563e-01 2.077697659892913662e-01 5.487549677132927961e-01 1.816911513083376839e-01 5.514244189265017360e-01 3.142575440481200078e-01 4.170161510504729607e-01 2.195708753705010174e-01 3.425782960517248510e-01 2.513485147043717505e-01 2.288765277497822881e-01 2.288765277497822881e-01
2.270818070154654311e-01 2.270818070154654311e-01 2.508538809697506422e-01 3.380489526260439526e-01 2.081977715009955543e-01 4.018417821784702193e-01 3.260898154375324598e-01 5.460786928700592791e-01 1.829545092823630092e-01 5.398643142086133606e-01 2.115544494858629387e-01 6.044594169549522000e-01 2.115544458310106291e-01 5.398643111537519967e-01 1.829545158615274447e-01 5.460786924367809769e-01 3.260898078067680506e-01 4.018417889746931371e-01 2.081977746834621779e-01 3.380489598854991562e-01 2.508538824716496918e-01 2.270818093518784941e-01 2.270818093518784941e-01
2.260158300626172179e-01 2.260158300626172179e-01 2.503891817402986719e-01 3.339081994622885574e-01 1.991557732930030467e-01 3.882325149294179045e-01 3.362830475420055532e-01 5.391646249278300163e-01 1.864448054758214846e-01 5.320738844490804365e-01 2.147653102199938435e-01 6.012179791481543356e-01 2.147653063537596219e-01 5.320738806609209837e-01 1.864448134577369465e-01 5.391646228496649318e-01 3.362830397377788993e-01 3.882325213867557356e-01 1.991557752945963267e-01 3.339082059933687896e-01 2.503891838120604341e-01 2.260158319162398066e-01 2.260158319162398066e-01
