3.942838806003656771e-07 -3.591076662923242679e-06 -4.886072731191681839e-06 -1.727762713454872312e-06 9.999979124387494700e-01 9.990316516831398985e-01 1.000004790099498830e+00 -2.061048971380152750e-06 5.298193601843692591e-06 -4.698439378780783215e-06 5.143442381783103201e-06
4.395697773906098726e-02 4.197685817406759945e-02 6.875377910586455421e-02 3.727114443712403746e-02 8.935910311290578001e-01 9.231768280211618549e-01 8.991447757909449834e-01 3.695024936079183142e-02 7.205430787654110159e-02 3.584166558679813264e-02 3.147717247323561507e-02
1.035218273813601209e-01 1.009415810847772987e-01 1.825157497073163770e-01 1.145368736307766366e-01 7.741026146892235893e-01 8.530329579863191736e-01 7.804535941984476199e-01 1.140445578091851542e-01 1.846806620779612440e-01 9.109834827473101138e-02 8.341369227086864457e-02
1.431055876559135798e-01 1.411413310193249671e-01 2.772305851769154561e-01 2.173072628497220715e-01 6.824895875627183806e-01 8.118806466554403523e-01 6.870948646449652752e-01 2.167425757660361163e-01 2.790602304914826526e-01 1.341682565807269523e-01 1.295157148220019150e-01
1.552277337462740214e-01 1.536074390324387862e-01 3.236801488965663776e-01 3.234166876817773373e-01 6.116188544068867916e-01 7.738178496924196237e-01 6.155313179666737078e-01 3.228147606301158823e-01 3.216453102048645318e-01 1.414495495956650251e-01 1.343294376978148574e-01
1.629025634858557448e-01 1.618860044289541222e-01 3.501392029459522437e-01 4.119852594643843569e-01 5.500000600346988122e-01 7.357350459206410953e-01 5.529016837952638319e-01 4.113654701845484984e-01 3.448374341920720787e-01 1.462841407629413837e-01 1.386979402455946198e-01
2.011435132412531801e-01 2.005006211641315317e-01 3.897409286819948360e-01 4.840557749548751176e-01 4.782684063516010609e-01 6.839267858340485340e-01 4.800525229149062434e-01 4.830870839273817552e-01 3.835053697761798830e-01 1.871038390708321120e-01 1.817643097472058100e-01
2.765223758237079776e-01 2.755354541097341237e-01 4.297932911811311874e-01 5.463324085570114841e-01 4.069707258897956037e-01 6.259957122272943320e-01 4.051747320195693280e-01 5.468339595489798421e-01 4.202232844860769867e-01 2.609432410237291222e-01 2.536552976287745897e-01
3.668001869023826966e-01 3.648197335636605976e-01 4.356937450406149215e-01 6.035276498061439288e-01 3.531362958372288863e-01 5.823900370133251458e-01 3.494054838370042049e-01 6.040097857399885362e-01 4.262790536305124389e-01 3.601631959487138213e-01 3.576520561552017363e-01
4.495076550666033399e-01 4.456175836435148918e-01 3.940720954708487600e-01 6.272368264404031279e-01 3.298613433071753143e-01 5.503914058942825926e-01 3.243153208513157582e-01 6.285438984035507382e-01 3.808284890006548018e-01 4.464462469713871284e-01 4.463818007811294342e-01
5.120349221130513495e-01 5.058110393545025563e-01 3.414115440639768906e-01 6.193591698937346290e-01 3.254505652318899211e-01 5.400744423290930740e-01 3.189139326946893727e-01 6.222476959105661676e-01 3.222478429373991093e-01 5.087391485180038364e-01 5.085325394006845467e-01
5.642083124353627355e-01 5.562502440868967168e-01 3.088280785045297572e-01 5.970215547303128201e-01 3.211578782884482175e-01 5.514440377418100558e-01 3.163331810937207722e-01 5.986737641699020340e-01 2.922451339300650153e-01 5.659502181936192367e-01 5.709607934259042228e-01
5.922098256918512105e-01 5.830678486039875263e-01 3.014393135489131792e-01 5.640251282804517041e-01 3.203931346627891252e-01 5.666598232712937167e-01 3.151983817703720159e-01 5.656239659832127398e-01 2.859596205721991469e-01 5.961506192780690050e-01 6.027856376263603932e-01
6.054579912613735626e-01 5.971325587621122422e-01 2.965451743979973243e-01 5.427215877207605121e-01 3.135756355362243619e-01 5.814732166944782676e-01 3.069517355072808318e-01 5.448112512843743538e-01 2.819009343082332086e-01 6.102433671290549144e-01 6.140831646358901885e-01
5.858554537372991922e-01 5.797982509247141536e-01 2.978812424806744907e-01 5.316169638824369548e-01 3.210471101522129889e-01 5.722725712742026127e-01 3.144064635247745265e-01 5.338983789445956862e-01 2.889421393177975528e-01 5.936088654296010070e-01 6.001423892492372403e-01
5.485715647067452849e-01 5.464404008903923637e-01 3.166284786974569165e-01 5.299912807752931165e-01 3.293437769360951783e-01 5.533328565660177167e-01 3.227287027384166951e-01 5.324516598140851542e-01 3.086257994164824936e-01 5.562540939476734447e-01 5.582066344048257633e-01
5.062406898924695087e-01 5.089120805728860608e-01 3.571136922950691184e-01 5.344411408755366244e-01 3.311426138078605863e-01 5.357851429928350839e-01 3.274921717564021062e-01 5.371672157407985093e-01 3.571454848975190721e-01 5.151185855616756681e-01 5.173370786528008747e-01
4.592170521807000250e-01 4.673720688876289997e-01 4.044200250105703387e-01 5.309785834599367593e-01 3.351463924121902416e-01 5.202637839770671846e-01 3.317938487763314459e-01 5.322862641005962070e-01 4.071352509957070209e-01 4.675715553860362306e-01 4.639617345410486093e-01
4.163846258672895262e-01 4.293317512131318847e-01 4.405692498866475848e-01 5.256268615107120290e-01 3.455933904908015109e-01 5.113965232443663522e-01 3.444970737053195120e-01 5.259660304705694456e-01 4.499827250671742940e-01 4.261480309521690213e-01 4.214565179025783204e-01
3.828945445925059365e-01 4.002157681298387226e-01 4.588567657745272754e-01 5.151565589715083604e-01 3.729245377618954915e-01 5.025822445607472932e-01 3.731191627760599983e-01 5.138867650853095048e-01 4.715527500104137459e-01 3.933640534280654633e-01 3.853584436567370486e-01
3.530460297902362488e-01 3.734594961770759114e-01 4.697283681141871670e-01 5.097889178754584361e-01 3.993655869967521754e-01 4.931171828509510191e-01 4.007900547328019369e-01 5.068694640487834135e-01 4.819088653573662118e-01 3.629191439943973974e-01 3.503546029898221836e-01
3.350433273025493763e-01 3.583192971378500458e-01 4.744561213559207458e-01 5.018209949707452822e-01 4.239242901950353026e-01 4.818098166951412242e-01 4.284042550115900738e-01 4.987802004142439793e-01 4.880028318613739424e-01 3.476610240168248600e-01 3.341039713229484454e-01
3.169053921681104224e-01 3.436159894046190710e-01 4.649963397284919142e-01 4.918944761431271462e-01 4.418991387260296499e-01 4.737414922818921625e-01 4.473295307217084460e-01 4.883151337521462465e-01 4.760677247408713342e-01 3.323480481994532942e-01 3.156781225096935706e-01
2.961279652458820300e-01 3.258220779300499137e-01 4.428496968119477462e-01 4.786973406352154625e-01 4.621820721179462632e-01 4.703497518213406448e-01 4.672666165822532136e-01 4.749795734081800336e-01 4.502406547651224278e-01 3.146646357827707075e-01 2.952037609194517742e-01
2.926862482914961427e-01 3.250275969152554567e-01 4.223669986445663938e-01 4.650595295251989114e-01 4.769617970217983061e-01 4.686549779888859457e-01 4.804216737661415326e-01 4.608737426033274742e-01 4.247034284253602410e-01 3.140521589199697927e-01 2.906121989806271788e-01
3.020792581010626199e-01 3.336696127268795609e-01 4.195904193179018082e-01 4.542262642709667952e-01 4.841104095735868085e-01 4.650115578802787031e-01 4.863689002341236023e-01 4.507464513930127814e-01 4.192323494537826822e-01 3.249558409430741701e-01 3.013890636986940041e-01
3.312013272526811991e-01 3.598395136696765917e-01 4.381532789095576863e-01 4.548632082223585948e-01 4.750030542378703702e-01 4.608902712695808201e-01 4.759742456870623140e-01 4.522248042571718751e-01 4.354051957814174534e-01 3.538730434165084926e-01 3.316989531077936260e-01
3.507033211116841187e-01 3.756639375737988451e-01 4.519875704451545850e-01 4.594713040619616828e-01 4.631855674040876170e-01 4.593754581992723907e-01 4.628047464395381172e-01 4.577877209530289981e-01 4.471752668563335753e-01 3.718772556329517642e-01 3.521386271237051391e-01
3.652016798172912360e-01 3.875204535987060162e-01 4.496642654758206681e-01 4.697912662179858367e-01 4.559979713139359903e-01 4.674276363655570088e-01 4.550676705734037486e-01 4.682411871903450762e-01 4.444968103517809022e-01 3.844494905257832551e-01 3.682176166916316662e-01
3.658549081853119667e-01 3.871563768022457386e-01 4.336632538058422526e-01 4.744840477689798997e-01 4.514585818104447923e-01 4.778895767138006678e-01 4.498433764156831716e-01 4.727008270059716022e-01 4.280984894959475318e-01 3.836842622553937043e-01 3.685028534073423456e-01
3.750144862479610763e-01 3.955369233602639145e-01 4.256282221161146184e-01 4.769924708360127052e-01 4.426705303184839124e-01 4.867475673935227620e-01 4.401312641859541075e-01 4.746901721633421944e-01 4.197502383308359120e-01 3.918647038014972939e-01 3.760587707973711002e-01
4.015755861639859758e-01 4.175680725971203655e-01 4.339314360228943013e-01 4.800381253058202402e-01 4.332572242314367550e-01 4.909747564105686468e-01 4.309015203506882941e-01 4.766193886078943787e-01 4.301562197604745785e-01 4.142200369782066405e-01 4.027267732776360076e-01
4.356832243558259599e-01 4.458159380452935694e-01 4.432034065653304711e-01 4.874630646567963410e-01 4.195241542875244867e-01 4.897925353958659800e-01 4.172113338478586342e-01 4.831762097581330240e-01 4.404679582012321903e-01 4.435357888284060524e-01 4.358407385618939256e-01
4.580329805539254950e-01 4.630671144440546283e-01 4.322787072152148302e-01 4.970454039340375663e-01 4.076093147765172398e-01 4.866276162507770509e-01 4.057750877659366817e-01 4.928232254004283330e-01 4.296354399283060510e-01 4.622710884849741131e-01 4.564937465377154613e-01
