0.000000000000000000e+00 0.000000000000000000e+00 0.000000000000000000e+00 0.000000000000000000e+00 0.000000000000000000e+00 0.000000000000000000e+00 0.000000000000000000e+00 0.000000000000000000e+00 0.000000000000000000e+00 0.000000000000000000e+00 1.000000000000000000e+00 1.000000000000000000e+00 1.000000000000000000e+00 0.000000000000000000e+00 0.000000000000000000e+00 0.000000000000000000e+00 0.000000000000000000e+00 0.000000000000000000e+00 0.000000000000000000e+00 0.000000000000000000e+00 0.000000000000000000e+00 0.000000000000000000e+00 0.000000000000000000e+00
4.934238402632373788e-02 4.934238402632373788e-02 9.381542632985062635e-02 4.934238402632373788e-02 9.381542632985057084e-02 4.934238402632384890e-02 9.381542632985057084e-02 4.934238402632407094e-02 9.381542632985045982e-02 4.934238402632407094e-02 9.061845736701494847e-01 9.506576159736761511e-01 9.061845736701494847e-01 4.934238402632407094e-02 9.381542632985057084e-02 4.934238402632407094e-02 9.381542632985062635e-02 4.934238402632407094e-02 9.381542632985062635e-02 4.934238402632418197e-02 9.381542632985062635e-02 4.934238402632423748e-02 4.934238402632423748e-02
1.212664494716176322e-01 1.212664494716176322e-01 1.951151471953679883e-01 1.243828207569063760e-01 1.981788589085874408e-01 1.243828207568126176e-01 1.981788589080357155e-01 1.243828207555845999e-01 2.541423087469504294e-01 1.813081794168828198e-01 7.448957824314574871e-01 8.756171792430912371e-01 7.448957824314029752e-01 1.813081794168256988e-01 2.541423087497864386e-01 1.243828207570187305e-01 1.981788589087900010e-01 1.243828207569068756e-01 1.981788589086804775e-01 1.243828207569067645e-01 1.951151471953681549e-01 1.212664494716174102e-01 1.212664494716174102e-01
1.259813187444112637e-01 1.259813187444112637e-01 1.470345219843245399e-01 1.505471975466251555e-01 1.697256770289285455e-01 1.507437040159558816e-01 1.740750944091672414e-01 1.543332598134232736e-01 3.464820372204604482e-01 3.373658991551064523e-01 6.443839632621024549e-01 8.430272883139969808e-01 6.443839633261192468e-01 3.373658992448004268e-01 3.464820372622070543e-01 1.543332598164035563e-01 1.740750943911005821e-01 1.507437040097817649e-01 1.697256770500271683e-01 1.505471975874824175e-01 1.470345220038567491e-01 1.259813187496323095e-01 1.259813187496323095e-01
9.844795135539879949e-02 9.844795135539879949e-02 9.121002712083509101e-02 1.543112181663969240e-01 1.342502278069058752e-01 1.579625100229310464e-01 1.688462169808115365e-01 1.853827471558177065e-01 4.102533010536186797e-01 4.660894089744167523e-01 5.518705749086392220e-01 7.993084927301703502e-01 5.518705743274614495e-01 4.660894089220743997e-01 4.102533013759001590e-01 1.853827473771799128e-01 1.688462171744836704e-01 1.579625101289884870e-01 1.342502280679945259e-01 1.543112181928819049e-01 9.121002723629817455e-02 9.844795130263206406e-02 9.844795130263206406e-02
9.868560340336540726e-02 9.868560340336540726e-02 1.038368796533862826e-01 1.540466651093948536e-01 1.329400210734470456e-01 1.742388960790491326e-01 2.387823876618578867e-01 2.616287213011331825e-01 4.698311917016788075e-01 5.730228746620331659e-01 4.313939975687831607e-01 7.093943554859225564e-01 4.313939947219227466e-01 5.730228747637441389e-01 4.698311930004756554e-01 2.616287244677516499e-01 2.387823909567683978e-01 1.742388963109008371e-01 1.329400212584911367e-01 1.540466651350228533e-01 1.038368797281333800e-01 9.868560334079656826e-02 9.868560334079656826e-02
1.166829453612656664e-01 1.166829453612656664e-01 1.007367480681337635e-01 1.431556638378673751e-01 1.209056051067149973e-01 1.980680105077808340e-01 2.978591212857059634e-01 3.636437454686558546e-01 4.649626810599434834e-01 6.565298594642707819e-01 3.453006790199069087e-01 6.208955452070556991e-01 3.453006747507904040e-01 6.565298600039068955e-01 4.649626814869156632e-01 3.636437551949326386e-01 2.978591307857030301e-01 1.980680106560259723e-01 1.209056049200051275e-01 1.431556639195949443e-01 1.007367481586812219e-01 1.166829453852921139e-01 1.166829453852921139e-01
1.267313636322318082e-01 1.267313636322318082e-01 9.130933233239113544e-02 1.496448584639969992e-01 1.504502581059934396e-01 2.435715270693113998e-01 3.418027478481238113e-01 4.654981296733363139e-01 3.946743435453399784e-01 6.799965865282594502e-01 3.101349478132539028e-01 5.767384735758375180e-01 3.101349478173093255e-01 6.799965869805877361e-01 3.946743375335249326e-01 4.654981420255324132e-01 3.418027583179307216e-01 2.435715254471093050e-01 1.504502564664009778e-01 1.496448586545743864e-01 9.130933254713596847e-02 1.267313637338238208e-01 1.267313637338238208e-01
1.291434425365453609e-01 1.291434425365453609e-01 1.282035281248439795e-01 1.894159912994770600e-01 2.207525969488773887e-01 3.199849004233829008e-01 3.725354938704972252e-01 5.550108252339358561e-01 3.138974756151968748e-01 6.435589563809759328e-01 2.913127446709746771e-01 5.835958219188348561e-01 2.913127524673255753e-01 6.435589573023249299e-01 3.138974618116970872e-01 5.550108325856280000e-01 3.725355019376532240e-01 3.199848963668827651e-01 2.207525963556315474e-01 1.894159910247860124e-01 1.282035278544245704e-01 1.291434426286758308e-01 1.291434426286758308e-01
1.307957932514412502e-01 1.307957932514412502e-01 1.812746442603654917e-01 2.423769353745321986e-01 2.725404128186798003e-01 4.142989730053874831e-01 3.519797822315521296e-01 6.135858503562281463e-01 2.496306171890484982e-01 5.937014931177928556e-01 2.791830665771316555e-01 6.182314510088104953e-01 2.791830760529665501e-01 5.937014952253858446e-01 2.496306025616785718e-01 6.135858529426568841e-01 3.519797930543739906e-01 4.142989687297732315e-01 2.725404160137100407e-01 2.423769318553437579e-01 1.812746396216822764e-01 1.307957933254261240e-01 1.307957933254261240e-01
1.408188865713013160e-01 1.408188865713013160e-01 2.282001777484061744e-01 3.016918416672460523e-01 3.195697043323509901e-01 5.015742582472492161e-01 2.964735842855840131e-01 6.248595199272368728e-01 2.154500495302108520e-01 5.670880807866119921e-01 2.692050511279369118e-01 6.369840042333303476e-01 2.692050541728274737e-01 5.670880815929012497e-01 2.154500406415369995e-01 6.248595225926836250e-01 2.964735957600580507e-01 5.015742547856389955e-01 3.195697080140876833e-01 3.016918321966276517e-01 2.282001658196816662e-01 1.408188873551464715e-01 1.408188873551464715e-01
1.702091974613547665e-01 1.702091974613547665e-01 2.797657160133419918e-01 3.708614184402935221e-01 3.517165976416137818e-01 5.604627441095844098e-01 2.397785156217276947e-01 6.000742752302539174e-01 2.185186040012019326e-01 5.719968469055626281e-01 2.484365406011123101e-01 6.229545410373613645e-01 2.484365367214581566e-01 5.719968445628773601e-01 2.185186009298628607e-01 6.000742780383520047e-01 2.397785203819993161e-01 5.604627418827408114e-01 3.517166045638238647e-01 3.708614063168893527e-01 2.797657028974006588e-01 1.702091998613037283e-01 1.702091998613037283e-01
2.185953918205611468e-01 2.185953918205611468e-01 3.216004522469882998e-01 4.444200675926537891e-01 3.238545719160455527e-01 5.869188347249867377e-01 2.008322608141702159e-01 5.704129403854776292e-01 2.339300010461319301e-01 5.933450819263240694e-01 2.226549920069183508e-01 5.968145366332719970e-01 2.226549835805376465e-01 5.933450770012546061e-01 2.339300021289369425e-01 5.704129408458765704e-01 2.008322621434228128e-01 5.869188352542336062e-01 3.238545909666471490e-01 4.444200589259716949e-01 3.216004463610809827e-01 2.185953946251113500e-01 2.185953946251113500e-01
2.777733104214778481e-01 2.777733104214778481e-01 3.361406965160333993e-01 5.131723115334894114e-01 2.685441131447967034e-01 5.872805862032264290e-01 1.992950924690470860e-01 5.567376844716901418e-01 2.323336623911042564e-01 6.048526813940947600e-01 2.068282982671976189e-01 5.788725141781163597e-01 2.068282838565227433e-01 6.048526705753236588e-01 2.323336661313767371e-01 5.567376825735800283e-01 1.992950935050332717e-01 5.872805868602152257e-01 2.685441365338344655e-01 5.131723061194782831e-01 3.361406957505778670e-01 2.777733102064575688e-01 2.777733102064575688e-01
3.443300266455907588e-01 3.443300266455907588e-01 3.255513209507533423e-01 5.643667828028822164e-01 2.280484572866197657e-01 5.730376479657175448e-01 2.149905820278344981e-01 5.599984504794569551e-01 2.179828013682871823e-01 5.979788745235773417e-01 2.002391425976328687e-01 5.751124909325866508e-01 2.002391247021506615e-01 5.979788599301071317e-01 2.179828061239334480e-01 5.599984469475751681e-01 2.149905771311036440e-01 5.730376437804652889e-01 2.280484690747019982e-01 5.643667776868578345e-01 3.255513207987080770e-01 3.443300216270974712e-01 3.443300216270974712e-01
4.150702798751534361e-01 4.150702798751534361e-01 2.959399557091757504e-01 5.885798143616729483e-01 1.976686215641458855e-01 5.591300850145130008e-01 2.189436653959676571e-01 5.711976518294292759e-01 2.091836367473983160e-01 5.853073805828291620e-01 1.931567755907961370e-01 5.798549970998565506e-01 1.931567636485508332e-01 5.853073746756891627e-01 2.091836395889081768e-01 5.711976463147971916e-01 2.189436552925635437e-01 5.591300769645132229e-01 1.976686247348125591e-01 5.885798109671787071e-01 2.959399596351975914e-01 4.150702717218661686e-01 4.150702717218661686e-01
4.760842826079347834e-01 4.760842826079347834e-01 2.532389693927992180e-01 5.856604083991219234e-01 1.909339997361212404e-01 5.552254240787666273e-01 2.229446841916520317e-01 5.816071320675380019e-01 2.023703674587739032e-01 5.759923628469704182e-01 1.856951282757590693e-01 5.807021873016194879e-01 1.856951274062305646e-01 5.759923696977452545e-01 2.023703631640190181e-01 5.816071238232427554e-01 2.229446752218843808e-01 5.552254168721700855e-01 1.909340054931473740e-01 5.856604069114474953e-01 2.532389795653476883e-01 4.760842732388237408e-01 4.760842732388237408e-01
5.092076461373702401e-01 5.092076461373702401e-01 2.085309659805296700e-01 5.623222590678695898e-01 2.220088511657610231e-01 5.624476411371938100e-01 2.243330657480200330e-01 5.889797931900965233e-01 1.882825181141630777e-01 5.698109568779723411e-01 1.832978550521795480e-01 5.767626658419733321e-01 1.832978621553544296e-01 5.698109658444728831e-01 1.882825059300958781e-01 5.889797811204656730e-01 2.243330574652172560e-01 5.624476366276741635e-01 2.220088614603945576e-01 5.623222566447920734e-01 2.085309793142255952e-01 5.092076370647229400e-01 5.092076370647229400e-01
5.078594523507538039e-01 5.078594523507538039e-01 1.835180058118420776e-01 5.283773131266240597e-01 2.700412198937566788e-01 5.777896446985444356e-01 2.047976888580004262e-01 5.921523797601726535e-01 1.818398910646948918e-01 5.660186416255045261e-01 1.806642788681624978e-01 5.761200628779851174e-01 1.806642905626291151e-01 5.660186422880302270e-01 1.818398789655550907e-01 5.921523658482857888e-01 2.047976779623803534e-01 5.777896404763063209e-01 2.700412319081178514e-01 5.283773089598103878e-01 1.835180178617664692e-01 5.078594463319312524e-01 5.078594463319312524e-01
4.764106521551884632e-01 4.764106521551884632e-01 1.920672315877347547e-01 4.899301267607787391e-01 3.137064104366147355e-01 5.953076393240702702e-01 1.840985605040639239e-01 5.865521108377157455e-01 1.915022152317170101e-01 5.673328524681551244e-01 1.724457871438233036e-01 5.762371200734848209e-01 1.724458011941241153e-01 5.673328473251880721e-01 1.915022067406108586e-01 5.865520993124574423e-01 1.840985428656786160e-01 5.953076308272271522e-01 3.137064176670059656e-01 4.899301213114983788e-01 1.920672360987509819e-01 4.764106527081740650e-01 4.764106527081740650e-01
4.208477795294551793e-01 4.208477795294551793e-01 2.172245817968292969e-01 4.516028069099934372e-01 3.393939437490751665e-01 6.056458541297301545e-01 1.846822289841519305e-01 5.727768610220611567e-01 1.954092591653369126e-01 5.779880481172856577e-01 1.683907965616644464e-01 5.713519049635620295e-01 1.683908056988931978e-01 5.779880440649814988e-01 1.954092470256769687e-01 5.727768518318432367e-01 1.846822044393152118e-01 6.056458378457741931e-01 3.393939436888662731e-01 4.516028006958009433e-01 2.172245785588020062e-01 4.208477887940710871e-01 4.208477887940710871e-01
3.530226813895213089e-01 3.530226813895213089e-01 2.414481731065972192e-01 4.216784065394956205e-01 3.395163962377957256e-01 5.958156169855204354e-01 2.023026238878458116e-01 5.599221551200086466e-01 1.860719160491706159e-01 5.925638513635470561e-01 1.749929585591854519e-01 5.686216379895336903e-01 1.749929571151465635e-01 5.925638520895738504e-01 1.860719055682438228e-01 5.599221484954364225e-01 2.023026110913560549e-01 5.958155915175625816e-01 3.395163980165298856e-01 4.216784017652708827e-01 2.414481693018295516e-01 3.530226975595171512e-01 3.530226975595171512e-01
2.923134920114990321e-01 2.923134920114990321e-01 2.678834386970613823e-01 4.025939066366864827e-01 3.184969231282039903e-01 5.553724950182019615e-01 2.339236485228469720e-01 5.580336133494143702e-01 1.810436687963749014e-01 5.958016472830571786e-01 1.846376044273643213e-01 5.777110155820073256e-01 1.846375974664850039e-01 5.958016481501572370e-01 1.810436743762054990e-01 5.580336101119525161e-01 2.339236591484661343e-01 5.553724647954155769e-01 3.184969238960622673e-01 4.025939030178568578e-01 2.678834325880416478e-01 2.923135098783928854e-01 2.923135098783928854e-01
2.513468510013067148e-01 2.513468510013067148e-01 2.878129922663985596e-01 3.856885867547459323e-01 2.766530427044274765e-01 4.934662246188916690e-01 2.752717304153051714e-01 5.672056453279573640e-01 1.804325407307125206e-01 5.821095601734905811e-01 1.943816600591859456e-01 5.948398798720362368e-01 1.943816541425199551e-01 5.821095570248743245e-01 1.804325495327304685e-01 5.672056412111546875e-01 2.752717392769409854e-01 4.934662030634792695e-01 2.766530283814196967e-01 3.856885821419839822e-01 2.878129815722949014e-01 2.513468687674716984e-01 2.513468687674716984e-01
2.307815832655275012e-01 2.307815832655275012e-01 2.879564024641863007e-01 3.664619782126074532e-01 2.263930831231219520e-01 4.338865999999971801e-01 3.156418500374915670e-01 5.691392930405154704e-01 1.791223373271554342e-01 5.606228330120672787e-01 2.056091375261650533e-01 6.057985583044214195e-01 2.056091317598774948e-01 5.606228311017784627e-01 1.791223275974033191e-01 5.691392815939213534e-01 3.156418419363566930e-01 4.338865980893036323e-01 2.263930670239525655e-01 3.664619796945770558e-01 2.879564007872466580e-01 2.307816039347510007e-01 2.307816039347510007e-01
