0.000000000000000000e+00 0.000000000000000000e+00 0.000000000000000000e+00 0.000000000000000000e+00 0.000000000000000000e+00 0.000000000000000000e+00 1.000000000000000000e+00 1.000000000000000000e+00 1.000000000000000000e+00 0.000000000000000000e+00 0.000000000000000000e+00 0.000000000000000000e+00 0.000000000000000000e+00 0.000000000000000000e+00 0.000000000000000000e+00
2.497917360984702739e-03 2.497917360984702739e-03 2.497917360984702739e-03 2.497917360984702739e-03 2.497917360984536206e-03 2.497917360984536206e-03 9.975020826390155193e-01 9.975020826390155193e-01 2.497917360984480695e-03 2.497917360984480695e-03 2.497917360984536206e-03 2.497917360984536206e-03 2.497917360984480695e-03 2.497917360984480695e-03 -2.664535259100375697e-15
2.497917360984924784e-03 2.497917360984924784e-03 4.983355539687484015e-03 2.497917360985035806e-03 4.983355539687595037e-03 2.497917360985257851e-03 4.983355539687761571e-03 2.497917360985257851e-03 9.950166444603121274e-01 2.497917360985257851e-03 4.983355539687706059e-03 2.497917360985257851e-03 4.983355539687650548e-03 2.497917360985202340e-03 2.497917360985146829e-03
5.069456419310114370e-03 5.069456419310114370e-03 1.000269366988748576e-02 5.069045014758410961e-03 1.000269260728209320e-02 5.069045015406170585e-03 9.899973078236486979e-01 9.949309550384104472e-01 9.901605992074334894e-01 4.905753601025852895e-03 1.000269258790259519e-02 5.069045396002336279e-03 1.000276716810266642e-02 5.069119633845764472e-03 4.983353513774990695e-03
9.404893480654152871e-03 9.404893480654152871e-03 1.402853700789080671e-02 9.394526700386818252e-03 1.210084733550759184e-02 7.448772920398083475e-03 9.861110025732020556e-01 9.907451427693085844e-01 1.251325966743221940e-02 7.347124763850521045e-03 1.402779189090974654e-02 9.394531719344290099e-03 1.404305926881305178e-02 9.409191502153302356e-03 4.712634689455985626e-03
8.806986440532016402e-03 8.806986440532016402e-03 1.783409722677464782e-02 8.795944943365108237e-03 1.417730422841156912e-02 5.092311845587671471e-03 1.987849639489774889e-02 1.295272087273491302e-02 9.834524499410555176e-01 6.834468537203763905e-03 1.563700288832653440e-02 8.792334698106862856e-03 1.784542332279537291e-02 8.817830002931847933e-03 9.161126035990674321e-03
1.310823576610176122e-02 1.310823576610176122e-02 2.614727788345938553e-02 1.308174999429928542e-02 2.217127316203160170e-02 9.048076997407228372e-03 9.754348754024193546e-01 9.826522603891798546e-01 9.771557843068430227e-01 7.087546618440687674e-03 2.213101881927936887e-02 1.307608276313310114e-02 2.616018976826450793e-02 1.311895000456447802e-02 1.328677941516542838e-02
1.360843202709716149e-02 1.360843202709716149e-02 2.519487432077899269e-02 1.356019530333019141e-02 1.654952093531897317e-02 4.827429250131798355e-03 9.771899268846706565e-01 9.836029865416120455e-01 2.786448115675194126e-02 6.376496723181412918e-03 2.010004715472119008e-02 1.354756820800201433e-02 2.523515731869224732e-02 1.363414815739766306e-02 1.180789121669939545e-02
1.186024449661521318e-02 1.186024449661521318e-02 2.430607397061895769e-02 1.180783966308901478e-02 1.641166000903482303e-02 3.909109918147579688e-03 3.979304424138663254e-02 3.442043906719072233e-02 9.766553822296198950e-01 3.787951992649252198e-03 1.566975580203489038e-02 1.179166110246643306e-02 2.431531212104504069e-02 1.188254395254889628e-02 1.262362272850886535e-02
1.277909134884258613e-02 1.277909134884258613e-02 2.601066226363440981e-02 1.270616544175384721e-02 1.662916422262672445e-02 3.343879635642921233e-03 9.660732018405365773e-01 9.677506810577860552e-01 9.710415645014416341e-01 1.865040105053283881e-03 1.599374117822688346e-02 1.268498020126518355e-02 2.601303586236342058e-02 1.280167258793984963e-02 1.342216908518167884e-02
9.096799119113707643e-03 9.096799119113707643e-03 1.999055938259070020e-02 9.028439602583260282e-03 1.123049225870692558e-02 3.012404017824765745e-04 9.758031866814874666e-01 9.772226358725326634e-01 5.083063202557058791e-02 1.763124089822043494e-03 1.056857101127728349e-02 9.007352122266831795e-03 1.999621961997172237e-02 9.124498140325343343e-03 1.104513231415632513e-02
7.149649099781663075e-03 7.149649099781663075e-03 1.470404268867070430e-02 7.088835460952735978e-03 1.143697167678092708e-02 3.856389368644741467e-03 6.718399357106591419e-02 6.568473294469784340e-02 9.676713661253757426e-01 2.946443013291388802e-04 7.317182692012758061e-03 7.068355397596315370e-03 1.469305712022411781e-02 7.161903015706017062e-03 7.693015385177526255e-03
4.688626298872733411e-03 4.688626298872733411e-03 9.724895084307294546e-03 4.634623431924278503e-03 5.511656801326980659e-03 4.361292001433536569e-04 9.471749568925448282e-01 9.496036545633058656e-01 9.593604942319383655e-01 2.643413375018000000e-03 5.049357688127698029e-03 4.620944716337338498e-03 9.711717225348304172e-03 4.699651956924566498e-03 5.177146230691431761e-03
2.354147760216307450e-03 2.354147760216307450e-03 6.032663827030104731e-03 2.338993981458814542e-03 9.726905602374047444e-03 6.045273055282240904e-03 9.647138017509332419e-01 9.671563927791722026e-01 8.832373199163057187e-02 3.805636939058942847e-03 4.964684796527729649e-03 2.327550946958301115e-03 5.997177006642318009e-03 2.362167166191753154e-03 3.740246327088248002e-03
1.461095429346581653e-03 1.461095429346581653e-03 3.008114373827808219e-03 1.452755709364206282e-03 5.310507045181267483e-03 3.761999548535621685e-03 1.076221427151846100e-01 1.047246160138317062e-01 9.420204606371872513e-01 5.773170094989010792e-03 7.384833492758036133e-03 1.450157165072352150e-03 3.001816364854414942e-03 1.458135919660319413e-03 1.584600249816270345e-03
3.443545609467246749e-04 3.443545609467246749e-04 4.805538493868888317e-04 3.656461062934157624e-04 5.929677259351451291e-03 5.776923061837135887e-03 9.172608598770501942e-01 9.232756803594330819e-01 9.423299884236091550e-01 6.144122243609551060e-03 6.742540994568058110e-03 3.665210145180064494e-04 4.787889284564861292e-04 3.452714864186079424e-04 1.583477469412342131e-04
3.301254925870245049e-03 3.301254925870245049e-03 3.533614564593778873e-03 3.339462803876203090e-03 8.605837294300033857e-03 8.393855306581932130e-03 9.453712617889475922e-01 9.505623280910329154e-01 1.339567987552915951e-01 7.437532262140000849e-03 9.031797926205342719e-03 3.338532409304206805e-03 3.517879734233952949e-03 3.301324950561956850e-03 2.242444450132885514e-04
2.742180402712457443e-03 2.742180402712457443e-03 6.194957056800343143e-03 2.778102024067807818e-03 6.090515720513001163e-03 2.593082144490554963e-03 1.559318355954550928e-01 1.509895104381867581e-01 9.089595081499225460e-01 6.452210235992350551e-03 9.896875063490351287e-03 2.773663274069970708e-03 6.212284077087015799e-03 2.756065562408316350e-03 3.481318390929244444e-03
5.902974598866739253e-03 5.902974598866739253e-03 1.149794167155804292e-02 5.947501559761314560e-03 1.309191621106514658e-02 7.425795122731282394e-03 8.825114988394213711e-01 8.860946278872015025e-01 9.258393055079778833e-01 4.477464023535548954e-03 1.344390476984907989e-02 5.933382254928898369e-03 1.151030378610362614e-02 5.917214132275194771e-03 5.658833490400860811e-03
1.099963461325448311e-02 1.099963461325448311e-02 1.581296871331766551e-02 1.102364007313205718e-02 6.764566083684420139e-03 1.870034702566247820e-03 9.285231726566378629e-01 9.314255662116232015e-01 1.823913183588412035e-01 4.399685657556828833e-03 1.441615560159692500e-02 1.098728736846416032e-02 1.584841934266473240e-02 1.103955732389938493e-02 4.894819685168527723e-03
8.637719831471990517e-03 8.637719831471990517e-03 1.958501716715588259e-02 8.653539231867624082e-03 1.587153652833966921e-02 4.933531935048196537e-03 2.085379428905451138e-01 2.053923319051640939e-01 8.715707210678532713e-01 9.684077435348492635e-04 9.982111407885074783e-03 8.610528402623274236e-03 1.958593168826294750e-02 8.680152864394052870e-03 1.102729666541174547e-02
1.353272566103269625e-02 1.353272566103269625e-02 2.763853547948363909e-02 1.353492782399157157e-02 1.664249986473431697e-02 2.465339469122862504e-03 8.383479545689809243e-01 8.409065311228678397e-01 9.072512199634718000e-01 3.779705572350688936e-03 1.528581666936607020e-02 1.347116572698320303e-02 2.763395246004807237e-02 1.358790354304079129e-02 1.427699347479094438e-02
1.469576574276576508e-02 1.469576574276576508e-02 2.479319385919698249e-02 1.464900715526418207e-02 1.279070683972066691e-02 2.551691951293011407e-03 9.138619926695699114e-01 9.165734267693669279e-01 2.394876455578402452e-01 1.481163352791303733e-03 1.781031107539865488e-02 1.457833045382339598e-02 2.484854040790057672e-02 1.476486832309942265e-02 1.032270607557866926e-02
1.017110867221415749e-02 1.017110867221415749e-02 2.339126098442118051e-02 1.014986361315528551e-02 1.873702978519853346e-02 5.476736040397167660e-03 2.682592761334039455e-01 2.674082377945771194e-01 8.238193267309396051e-01 3.437641560941506746e-03 1.331211248036984207e-02 1.007600243149925356e-02 2.335791011250520910e-02 1.023465962399977558e-02 1.343696681760014888e-02
1.260942941454162858e-02 1.260942941454162858e-02 2.646203543356689947e-02 1.253902944037521561e-02 1.513086312681466428e-02 1.145081814669102194e-03 7.889754527279111418e-01 7.923106484586169840e-01 8.910941187652337003e-01 4.750585626085601643e-03 1.390915814139531692e-02 1.247606776598803036e-02 2.644376003285686672e-02 1.266746647360794675e-02 1.415487700895867729e-02
9.013289302874927245e-03 9.013289302874927245e-03 1.724617507531650551e-02 8.938189410909624932e-03 1.598481877664958972e-02 7.703053703801587826e-03 9.035750724041690107e-01 9.075816277260519982e-01 3.070074984845784227e-01 4.090839211513819240e-03 1.368359006509101139e-02 8.879086604008712413e-03 1.727429990233392276e-02 9.067300272317169174e-03 8.453013577240209298e-03
4.982711819452423363e-03 4.982711819452423363e-03 1.184090265843218415e-02 4.938916820845962175e-03 8.940957835260832098e-03 2.078667293190894494e-03 3.347495627009304808e-01 3.333052814406366471e-01 7.747433609178056013e-01 7.016811817932788742e-03 1.221863666822398109e-02 4.899684137507687165e-03 1.180371630003740346e-02 5.017021688247025324e-03 7.016405948510051616e-03
4.673282872930173415e-03 4.673282872930173415e-03 1.002228969713847562e-02 4.597308750357964602e-03 1.073806487401202103e-02 5.347861545589305265e-03 7.392481529192088674e-01 7.411958930427893222e-01 8.806518429126373171e-01 4.191330125151160324e-03 1.018873396140268506e-02 4.580763389357977999e-03 1.000028707423339380e-02 4.687241406587938641e-03 5.523919921438635861e-03
1.890465346546299497e-03 1.890465346546299497e-03 4.099107018097902788e-03 1.876439043037414489e-03 7.686948595464149214e-03 5.515356580871544345e-03 8.967613834137441176e-01 8.995635033499628230e-01 3.762582842508927494e-01 5.892386193085463741e-03 5.477482280883128052e-03 1.852559882729531981e-03 4.080229127484846785e-03 1.909097544078586228e-03 2.241925521432874824e-03
6.995864235408433274e-04 6.995864235408433274e-04 1.576634178099722838e-03 6.923483236439542665e-04 4.432197609392785065e-03 3.563389987123188885e-03 4.023298380666260887e-01 3.991657870338020664e-01 7.248552881890545363e-01 3.506284946092286248e-03 5.264603689122515640e-03 7.015612756658407001e-04 1.558525371890995270e-03 6.890050496415334180e-04 8.963245978568790129e-04
1.106215242019092937e-03 1.106215242019092937e-03 1.540635389735256489e-03 1.132678165740697018e-03 7.097008831273843299e-03 6.662592912865139549e-03 6.818076792580474166e-01 6.846615616948256156e-01 8.699802878678564166e-01 5.308808455067204335e-03 6.731447987226080176e-03 1.128713615282883609e-03 1.529519326003259128e-03 1.108095240867246201e-03 4.378820342344491579e-04
3.510174279369060457e-03 3.510174279369060457e-03 4.505312360294777552e-03 3.588683161172112612e-03 3.683670278073536419e-03 2.722936543170795254e-03 8.857777428562869648e-01 8.888680306054719260e-01 4.406449146797908889e-01 3.776978060165414597e-03 7.573447831390800467e-03 3.575656388604575575e-03 4.482190254941731400e-03 3.525362127661635370e-03 9.357869571567922762e-04
3.577904727847081023e-03 3.577904727847081023e-03 7.738705410793522699e-03 3.636391362991486798e-03 1.074257442254938910e-02 6.556193031181378750e-03 4.668672577964879111e-01 4.650509058501567927e-01 6.625104129903868211e-01 2.515719044984099373e-03 6.819388480251542539e-03 3.631727125896599961e-03 7.759564517666572847e-03 3.584958133602766939e-03 4.144401012420140251e-03
6.916744514333439398e-03 6.916744514333439398e-03 1.274801369104344717e-02 7.030043034366273424e-03 8.710490113599089756e-03 2.807312607213618971e-03 6.182843805375374258e-01 6.214010784868516657e-01 8.605626528849711354e-01 5.768402570257291639e-03 9.411340305384652272e-03 6.976276702013728404e-03 1.276340335957604211e-02 6.972515586996574921e-03 5.846745886938287118e-03
1.171802241512809317e-02 1.171802241512809317e-02 1.788077246470398673e-02 1.179791402572039072e-02 1.044919567659047255e-02 4.220463838603694118e-03 8.752699344654462088e-01 8.788010328996669340e-01 5.055268372816481559e-01 2.022162991549891764e-03 1.661698386292392859e-02 1.174225649154608808e-02 1.789455065210499018e-02 1.177618590842216539e-02 6.255665718838510081e-03
9.245592345346942409e-03 9.245592345346942409e-03 2.167055857291283472e-02 9.324089301549709496e-03 1.623510577259179577e-02 3.713373598845048917e-03 5.330347218144420030e-01 5.332842455369785073e-01 5.940818252753824469e-01 4.918840148539604940e-03 1.418007274705446186e-02 9.229785856781691500e-03 2.169356355254459245e-02 9.339732732172201235e-03 1.256585739228005538e-02
1.380659346023138667e-02 1.380659346023138667e-02 2.762045515245586946e-02 1.386491724491623057e-02 1.541048503684405713e-02 1.494159259719241017e-03 5.545974904038273312e-01 5.546182036078030064e-01 8.566660960926740787e-01 3.416323409554000712e-03 1.563363961543778879e-02 1.375877027604782699e-02 2.764140014863597505e-02 1.391244536392166609e-02 1.398537816742517759e-02
1.485842269628911971e-02 1.485842269628911971e-02 2.464171117008301382e-02 1.484932565429192275e-02 1.539085329498918187e-02 5.508302721988544981e-03 8.732431556754108870e-01 8.755149073444166152e-01 5.770782694774723165e-01 3.555153762261342720e-03 1.790858742463102837e-02 1.473696941116775516e-02 2.468512708342240902e-02 1.496457415847490813e-02 1.000063112186438952e-02
9.224330582981610238e-03 9.224330582981610238e-03 2.335487625898519104e-02 9.224021170383234214e-03 1.662367714577311917e-02 2.471029286554571325e-03 6.041885181460822096e-01 6.029783822326278964e-01 5.287319306962559029e-01 4.632579005190040622e-03 1.409707224740497367e-02 9.110469687317879206e-03 2.332884380253991141e-02 9.337453441857490599e-03 1.432928314267672976e-02
1.216058983879092503e-02 1.216058983879092503e-02 2.534865413887638086e-02 1.209797172823395828e-02 1.903290095853948927e-02 5.768049470362579534e-03 4.877256350982159816e-01 4.885162475961449813e-01 8.561342182028549574e-01 4.315929300557963533e-03 1.684440738812686966e-02 1.200766507867312427e-02 2.533911823918583162e-02 1.224006056767384942e-02 1.345719731553846055e-02
8.314204882122144813e-03 8.314204882122144813e-03 1.455112094641719533e-02 8.233631385056672247e-03 1.208617708633719090e-02 5.784861139060515356e-03 8.771963171451575558e-01 8.801059254160681355e-01 6.480155126312165947e-01 6.054100235551695963e-03 1.188813178383552049e-02 8.149190223699920299e-03 1.459258417605746594e-02 8.396166944938610044e-03 6.456140153306921814e-03
3.510525291819666105e-03 3.510525291819666105e-03 1.015020876053579491e-02 3.458102366573845288e-03 1.193135345907597733e-02 5.314872602342535224e-03 6.709911776183942189e-01 6.690934195191265976e-01 4.633303158505208130e-01 3.982163197104815477e-03 8.733284559310383610e-03 3.420361800088256299e-03 1.007774656414933689e-02 3.544917750412213131e-03 6.806478048182851293e-03
4.573442769290891885e-03 4.573442769290891885e-03 9.569604172845913581e-03 4.496726948744589336e-03 1.209182664352514980e-02 7.070308274942982418e-03 4.217100444070586152e-01 4.243371455113185697e-01 8.599162749830748798e-01 6.659861823059665120e-03 1.073829764261929887e-02 4.471300818878587435e-03 9.543723779372459415e-03 4.595106541397775413e-03 5.211083163284724318e-03
1.136793107181677254e-03 1.136793107181677254e-03 2.067327159706033868e-03 1.112715117570162171e-03 5.092641583611612344e-03 4.157327371210606248e-03 8.844698449010123253e-01 8.873660510532654921e-01 7.098481610100914052e-01 4.785038026229815333e-03 6.086109168710884809e-03 1.101697441320992343e-03 2.081733951962261298e-03 1.152164472350281077e-03 9.923500556441866571e-04
6.398728103285677982e-04 6.398728103285677982e-04 1.095791932303247229e-03 6.501665926032518250e-04 5.232752582518762630e-03 4.789644730728570554e-03 7.271713727361572843e-01 7.273787799632169815e-01 3.991286403146560025e-01 3.369221965231816718e-03 5.324185016344407106e-03 6.685606159794188486e-04 1.053067909796479018e-03 6.202093782890494289e-04 4.712680938445679146e-04
1.873992531719104182e-03 1.873992531719104182e-03 2.705161726192562011e-03 1.919256056216456230e-03 3.496071140567380553e-03 2.674350590406993078e-03 3.611156160597805975e-01 3.612153322930523602e-01 8.678185790285728451e-01 4.534356974857600697e-03 5.146613360256513392e-03 1.906954868994559238e-03 2.690855596547248041e-03 1.888194990472935597e-03 8.177436959816430928e-04
3.336477118995984092e-03 3.336477118995984092e-03 5.520221769990896199e-03 3.464097890165551696e-03 4.865735031988172032e-03 2.712295739548120643e-03 8.913342001904084322e-01 8.924552165778655288e-01 7.643642113645570113e-01 2.069058721933858536e-03 6.427926050580567985e-03 3.442753676857035483e-03 5.484983466483350778e-03 3.352920257509273139e-03 2.102530391630497153e-03
5.168119430195794450e-03 5.168119430195794450e-03 9.471619030353151114e-03 5.285458553124122716e-03 7.395870731648379603e-03 3.008373608050785020e-03 7.785153313878614423e-01 7.785432399871887732e-01 3.370632250233491778e-01 2.939288308224208279e-03 8.340014961856656583e-03 5.247574796628518001e-03 9.504898821702689737e-03 5.201987841194799511e-03 4.282949008356351506e-03
7.674890132271128262e-03 7.674890132271128262e-03 1.382138173881047871e-02 7.864128331107611558e-03 8.518367213768363033e-03 2.373173687931051656e-03 2.998994477575246953e-01 2.992706350246557845e-01 8.749035926642104721e-01 3.323853395646558795e-03 9.815273710230887350e-03 7.762866711854277124e-03 1.382814209877747391e-02 7.770236167192690058e-03 6.059873664539583427e-03
1.172047392106168040e-02 1.172047392106168040e-02 2.038727382859301107e-02 1.190207694427597440e-02 1.448495691095186277e-02 5.833595545516934155e-03 8.943697771791996320e-01 8.972323425859338730e-01 8.129893502371464686e-01 4.338594733881595555e-03 1.484051862607793648e-02 1.179326182552209445e-02 2.034515195721081637e-02 1.181488083489767860e-02 8.642348674462452252e-03
1.075831527151144273e-02 1.075831527151144273e-02 2.367362033425240986e-02 1.088154985266126529e-02 1.727001890972679199e-02 4.267920810899827888e-03 8.270103019464087879e-01 8.264154941316379510e-01 2.741790631989101668e-01 5.018040063037798593e-03 1.618655128473600602e-02 1.074693114943287009e-02 2.374383891991926898e-02 1.089421266959617052e-02 1.299475018024631723e-02
1.349144226214166187e-02 1.349144226214166187e-02 2.640762670734114748e-02 1.363955815716422215e-02 1.960716638023352054e-02 6.635360352932384576e-03 2.404215714540913762e-01 2.410497979103693456e-01 8.845992131244684309e-01 5.729932694135408955e-03 1.942146710283648714e-02 1.347284232974843565e-02 2.642990580301768366e-02 1.364752183665235430e-02 1.302478172441323689e-02
1.433309345465944018e-02 1.433309345465944018e-02 2.520940364647983323e-02 1.436019788488157589e-02 1.805506452955202290e-02 7.098520727180701595e-03 9.033658612143904421e-01 9.072108491210540970e-01 8.567090498882328209e-01 6.907359168247806380e-03 1.916577129780772104e-02 1.422244843779585377e-02 2.522635910926818159e-02 1.446876337995828266e-02 1.113920600949291906e-02
9.299268282341122127e-03 9.299268282341122127e-03 2.342404154124033688e-02 9.304608442858242068e-03 1.870238078479069532e-02 4.479217180172023749e-03 8.705299220773712321e-01 8.716929309714069873e-01 2.162742880463010553e-01 4.806294032420110884e-03 1.548650887323033132e-02 9.159142867764535900e-03 2.343414155395417975e-02 9.452730526554042889e-03 1.442307015248378566e-02
1.103915614797273959e-02 1.103915614797273959e-02 2.240987955043344249e-02 1.098892917189031593e-02 1.739788674996239903e-02 5.909602379980283260e-03 1.901049609433806409e-01 1.895583224165719449e-01 9.021498219695218701e-01 5.345546174785109628e-03 1.718520476571583355e-02 1.087667398614000636e-02 2.242201310932956382e-02 1.114781964832456396e-02 1.172097350259410087e-02
7.307734543658239712e-03 7.307734543658239712e-03 1.270359879264382208e-02 7.179020800446800354e-03 8.530919011027426890e-03 3.014021193839200308e-03 9.224130987238292612e-01 9.229873385627833660e-01 8.984575758520787492e-01 4.079638221597292613e-03 1.049532064480501736e-02 7.102030236932677099e-03 1.275638608670159879e-02 7.393245124936664858e-03 5.715719487115689112e-03
2.903846022447753583e-03 2.903846022447753583e-03 9.218036454379796574e-03 2.834375681253831214e-03 9.716177539692061327e-03 3.465678584514575444e-03 9.085780656202229189e-01 9.094868164601008775e-01 1.683067700894719243e-01 1.933241885521685965e-03 5.632794004300223367e-03 2.782325040315392073e-03 9.127339616665008926e-03 2.955756501705320005e-03 6.491340993738881071e-03
3.951232629553047548e-03 3.951232629553047548e-03 8.003615381208084578e-03 3.842705128697110339e-03 6.666227622150189269e-03 2.625312502898713429e-03 1.462496797782864566e-01 1.455555562378743062e-01 9.193507685591268963e-01 3.641321802264174678e-03 6.340420997681117665e-03 3.824846545930682407e-03 7.981087362299521537e-03 3.969440696726334039e-03 4.204747029737720965e-03
4.243332291591350725e-04 4.243332291591350725e-04 6.497061377279123029e-04 3.856354780978343832e-04 3.464383141214333328e-03 3.223202805089586676e-03 9.371394301937781002e-01 9.384466138376652555e-01 9.319195761049974269e-01 2.966619663815894814e-03 3.002743633023108316e-03 3.776750543951767902e-04 6.674771999814477219e-04 4.323661980458193277e-04 2.779751476496006291e-04
1.187047732780555087e-03 1.187047732780555087e-03 1.415636889147309230e-03 1.235588684347310728e-03 4.833056293232995682e-03 4.677041111536495155e-03 9.350068044509518561e-01 9.350923698596991240e-01 1.282582322619054138e-01 3.669623527275789332e-03 5.160904820780964908e-03 1.248719311077894911e-03 1.326823758161788103e-03 1.169061413408334360e-03 1.875673461209093063e-04
2.298590030981373378e-03 2.298590030981373378e-03 3.705089226445856809e-03 2.388690799891846073e-03 5.064792295696785018e-03 3.707314268305950122e-03 1.091585811689880225e-01 1.085470872730310288e-01 9.297261613346409215e-01 5.357871464069408063e-03 6.066626465581315131e-03 2.366487637010139533e-03 3.684170466524860910e-03 2.323340226298764577e-03 1.324537934896508062e-03
3.239062520703273051e-03 3.239062520703273051e-03 6.754434120091135085e-03 3.439818388065674082e-03 1.089945431479960591e-02 7.433319063060717102e-03 9.435249090239732350e-01 9.487028182219128247e-01 9.499969091854920666e-01 5.485203611589106742e-03 8.381503581672611336e-03 3.406759506452861075e-03 6.731680991312938289e-03 3.264790111815685236e-03 3.357490858201139794e-03
7.236951410556691222e-03 7.236951410556691222e-03 1.135832212180049039e-02 7.443934707609012325e-03 9.303293838570314556e-03 5.122983151790050371e-03 9.482100418493109029e-01 9.503466546354053524e-01 9.580262040823744885e-02 6.337096739698677705e-03 1.436967475649963966e-02 7.383638260828717659e-03 1.139727884230912203e-02 7.302529601557528061e-03 4.031608414521103967e-03
8.025294568001550832e-03 8.025294568001550832e-03 1.498016032549487342e-02 8.287174821270781866e-03 1.218057112854842305e-02 5.220507356204884264e-03 8.191199047126601629e-02 7.989201094208381315e-02 9.404402726608345198e-01 5.721562030549298683e-03 1.432064513572456343e-02 8.155552525585807455e-03 1.499903626126752876e-02 8.158692828814817499e-03 6.864860169253250710e-03
1.159218185141019930e-02 1.159218185141019930e-02 2.290958846294710582e-02 1.183792177767117870e-02 1.757369129521979545e-02 6.202405426120216614e-03 9.519721086112740149e-01 9.552325768152767349e-01 9.593024120383113473e-01 4.802352661089914765e-03 1.637567479363827294e-02 1.170022585128954740e-02 2.288424018218310207e-02 1.172202331771476924e-02 1.134551655624443933e-02
1.279543889759038322e-02 1.279543889759038322e-02 2.487536639249376957e-02 1.294832257703759648e-02 1.554433435694146937e-02 3.241132632372245581e-03 9.587356731402478793e-01 9.611894261027844610e-01 7.039782049084225557e-02 3.967206662612243750e-03 1.704158164626878857e-02 1.276495806761929197e-02 2.499833251798516676e-02 1.298809624195518264e-02 1.225882571184910841e-02
1.246618044679664861e-02 1.246618044679664861e-02 2.468764939270845504e-02 1.262968851435108952e-02 1.660438661583768516e-02 4.294071063098980900e-03 6.283029880908602705e-02 6.161249853382061437e-02 9.547559913426904021e-01 3.316160116772937094e-03 1.611567384527834434e-02 1.241644447110162863e-02 2.471217949208948106e-02 1.267366396940283746e-02 1.237989851123677543e-02
1.357734851321368286e-02 1.357734851321368286e-02 2.639900408358658579e-02 1.359063027391232970e-02 1.587282905233627917e-02 2.958182009497323239e-03 9.615089163382950499e-01 9.621000283181244672e-01 9.661726610990586384e-01 3.572834209952246987e-03 1.620510731760860246e-02 1.342127557357480905e-02 2.638916207174046846e-02 1.374523824971923824e-02 1.312971071417162738e-02
9.974138310659852458e-03 9.974138310659852458e-03 2.283119164446767435e-02 9.926467126727678281e-03 1.695460186085046006e-02 4.003794439782548675e-03 9.691225140655794767e-01 9.698631073088149757e-01 5.407990019726571784e-02 2.687999638000204694e-03 1.282171681919547224e-02 9.748092340537195533e-03 2.288647317576242290e-02 1.015735605733231184e-02 1.316633806193318046e-02
9.097217195017326397e-03 9.097217195017326397e-03 1.854703937125745661e-02 9.037092262179802216e-03 1.329232230003141169e-02 3.807428538841695076e-03 5.434438647803635503e-02 5.356745437572785207e-02 9.651389193722714754e-01 4.672187774572456043e-03 1.208071400265603446e-02 8.897542657707147029e-03 1.853966916417765232e-02 9.233065775857529633e-03 9.723109077541369771e-03
6.429415561192641793e-03 6.429415561192641793e-03 1.206807695533662628e-02 6.249550395055980534e-03 1.045554769172768461e-02 4.695105832699220105e-03 9.663280604956084874e-01 9.694500410126779544e-01 9.694128397548165132e-01 4.935705206698282055e-03 1.041547924175889595e-02 6.182757149869766433e-03 1.207222353797438030e-02 6.498849677525786461e-03 6.036016484953332650e-03
2.844802415196134859e-03 2.844802415196134859e-03 8.251622017612036952e-03 2.774948476362282257e-03 1.209823810915272579e-02 6.760658120354701150e-03 9.709691866902260271e-01 9.722911966204006440e-01 5.222470458659272952e-02 5.277925411214468010e-03 8.939495550660370160e-03 2.702517525244696461e-03 8.168501359486490809e-03 2.918877369882721950e-03 5.603948061310370932e-03
2.807935299510899707e-03 2.807935299510899707e-03 5.576563043380500240e-03 2.708607844255694896e-03 6.391823083337966338e-03 3.619848493705279946e-03 5.709181558413889412e-02 5.451405055474223271e-02 9.695466433376851434e-01 7.211657066535148708e-03 8.250527996418621779e-03 2.705839440771407034e-03 5.556048151031722782e-03 2.813855638104656443e-03 2.917920515108141100e-03
2.309119865921416270e-04 2.309119865921416270e-04 2.963177436226538397e-04 1.975361460437863315e-04 7.381830883553264222e-03 7.282922453951734543e-03 9.678247229085248371e-01 9.726332759230729152e-01 9.663584904282542798e-01 4.179963156771271393e-03 6.132443677342391819e-03 2.010056819761185665e-04 3.068673568475399627e-04 2.241296215194643615e-04 1.426563785517087624e-04
1.937946007646573765e-03 1.937946007646573765e-03 2.159603532277620808e-03 2.060647662994186113e-03 5.310354469580169656e-03 5.223526898147534681e-03 9.617858478602840933e-01 9.639743800467054369e-01 5.995040573704935039e-02 5.952719564991937329e-03 7.794736485699227391e-03 2.050531715499293028e-03 2.040135342946447494e-03 1.946915906219925940e-03 1.166174900424366001e-04
2.481953038955264645e-03 2.481953038955264645e-03 4.592262747301290027e-03 2.605129827992103131e-03 5.737456326692758068e-03 3.629968424544438577e-03 6.644162443949852559e-02 6.467293736609464050e-02 9.706437832354140038e-01 4.396664749072187739e-03 6.503026933741218318e-03 2.584403124600453960e-03 4.587317141462543546e-03 2.499837193613241304e-03 2.022078826997342205e-03
3.634068255069233810e-03 3.634068255069233810e-03 8.091504931118931321e-03 3.896698008867216512e-03 1.005322320157892024e-02 5.562601409272116548e-03 9.645126887771255930e-01 9.672341906530310673e-01 9.527656472010683775e-01 3.139786112200504409e-03 8.183181329087130251e-03 3.830173497802402682e-03 8.100515622491699652e-03 3.691067896439303997e-03 4.292323898996974751e-03
9.115150931470084039e-03 9.115150931470084039e-03 1.316294786612248746e-02 9.402215412045278331e-03 6.512430160378168686e-03 2.436107623865979566e-03 9.454371789224407241e-01 9.471887302671397890e-01 7.293614693045291641e-02 3.996357515299531205e-03 1.288220474634155233e-02 9.298181381864112360e-03 1.315768537491585066e-02 9.214278714580137475e-03 3.906757787626669032e-03
8.122050085859477964e-03 8.122050085859477964e-03 1.663408171585573081e-02 8.433079052167724576e-03 1.308102886732731562e-02 4.596157101663111977e-03 8.631785860790852638e-02 8.548015542996967309e-02 9.638304123922267763e-01 2.624448438373339076e-03 1.083307099680252961e-02 8.250378360391052990e-03 1.665095037326963512e-02 8.298937387155036483e-03 8.373173471182326910e-03
1.169783837485061095e-02 1.169783837485061095e-02 2.501956630471441345e-02 1.200003534689397799e-02 1.643909036244706190e-02 3.058165816601066123e-03 9.528329123077494689e-01 9.542194346858676735e-01 9.313667782014395380e-01 5.004929983925210379e-03 1.477243190977617360e-02 1.181613703648298763e-02 2.501895621644711909e-02 1.187470490811670665e-02 1.329667508728094028e-02
1.456269668973453335e-02 1.456269668973453335e-02 2.534163536375150239e-02 1.474675361319632838e-02 1.616523451157725333e-02 5.206063323254794817e-03 9.281439103933839530e-01 9.294583853432073495e-01 9.888549086767989271e-02 3.597137476130496392e-03 1.939441683231912794e-02 1.451632401424823859e-02 2.547199791083065712e-02 1.479260890735811795e-02 1.092930879498077434e-02
1.109239678493934012e-02 1.109239678493934012e-02 2.351593119053252412e-02 1.128501993892233601e-02 1.705817132608677955e-02 4.574265629972151803e-03 1.195363346422856909e-01 1.174285690089529877e-01 9.491483256921585676e-01 6.549188443963738226e-03 1.641058668319322900e-02 1.102571532520696396e-02 2.352284266520926481e-02 1.135299322019178714e-02 1.260082686190100443e-02
1.303646473548053519e-02 1.303646473548053519e-02 2.744328463928585871e-02 1.305156414865826786e-02 1.935614402845947657e-02 4.777190352741100821e-03 9.355785589266849556e-01 9.376380928723979657e-01 9.121995613247082524e-01 5.097763656121856446e-03 1.775097883907988949e-02 1.286977759610513639e-02 2.741773544796854978e-02 1.321773333137110651e-02 1.483385231486289424e-02
1.056757474923425422e-02 1.056757474923425422e-02 2.112787826164436167e-02 1.052190638181660365e-02 1.875642397861915223e-02 8.033642704769972109e-03 9.141001357567846153e-01 9.144142085230105854e-01 1.382564590382969749e-01 5.316179770374296343e-03 1.623527717866668496e-02 1.029220820300330574e-02 2.124578488269113219e-02 1.080263355849331308e-02 1.095534610418991139e-02
6.833652816822355369e-03 6.833652816822355369e-03 1.489332274725596594e-02 6.764729495556065508e-03 1.187778944072187537e-02 3.800435580218974874e-03 1.592742345631243950e-01 1.581086264137424591e-01 9.348460979589711117e-01 7.240260591723057804e-03 1.204523067164320338e-02 6.628445484090916828e-03 1.486092095802971080e-02 6.973082315479439686e-03 8.349027752029503091e-03
5.926748061062081518e-03 5.926748061062081518e-03 1.222600649406058171e-02 5.731111388459442235e-03 1.345651267077496716e-02 7.114873755918627030e-03 9.152012416008588058e-01 9.181206638113413865e-01 8.944212314634577554e-01 3.559012800358252182e-03 1.182919378657676379e-02 5.660757089016366095e-03 1.218089248839993033e-02 5.994243548454014636e-03 6.711072924102778892e-03
2.765782872142963367e-03 2.765782872142963367e-03 6.743470032864906649e-03 2.679817508989768005e-03 8.507418523040710667e-03 4.630885328127665179e-03 8.974994349007303640e-01 8.979796474205887780e-01 1.821717463176475427e-01 5.600775162131366169e-03 7.677596698362321170e-03 2.603137198847249589e-03 6.705139977427110320e-03 2.850622921218959327e-03 4.127286266986218699e-03
1.499505094352093781e-03 1.499505094352093781e-03 3.167453523539975890e-03 1.418286205710550529e-03 5.784190804124678120e-03 4.132630477856280571e-03 2.045805312447867008e-01 2.037791385739213257e-01 9.171073197852958048e-01 3.227938176430578121e-03 4.298666251382254888e-03 1.428995739572058721e-03 3.128448203764899738e-03 1.482217979566102795e-03 1.772330047679515630e-03
6.285409378601891639e-04 6.285409378601891639e-04 8.774705914746938618e-04 6.063118144282175770e-04 4.967072650774562170e-03 4.710251027698120208e-03 8.901702090500777098e-01 8.921903393426073858e-01 8.723738166120706961e-01 4.284685226405682279e-03 4.214683163876742356e-03 6.144865510522290464e-04 8.688810609651098638e-04 6.236840148342026602e-04 2.982572557365115173e-04
2.373027279171768811e-03 2.373027279171768811e-03 2.915198649250161367e-03 2.566629997750535797e-03 2.804505024192771589e-03 2.465953590149283503e-03 8.738168354310866803e-01 8.758061522413345124e-01 2.293856461852365469e-01 3.594626569747960687e-03 7.064620790958819896e-03 2.542251558790509236e-03 2.764404357825378522e-03 2.392600671125344469e-03 3.304482162230226727e-04
2.778957210657517773e-03 2.778957210657517773e-03 5.665906157592548453e-03 2.963003568581201730e-03 7.793436969757983057e-03 4.922704294663016178e-03 2.559160514681019238e-01 2.539049961047763482e-01 8.854489224237522826e-01 3.838262738427244969e-03 6.967260236117323036e-03 2.937442057414252350e-03 5.685443698545289415e-03 2.798713360206372958e-03 2.716143227335876542e-03
4.621253321509810608e-03 4.621253321509810608e-03 9.517957272885790854e-03 4.958056676054534151e-03 7.503049348676293917e-03 2.542667275608645472e-03 8.575052018266888787e-01 8.576374926147840583e-01 8.491065624224327646e-01 5.328213955325844520e-03 7.536566860285365266e-03 4.865080139920985314e-03 9.562869814330132723e-03 4.713727298307823776e-03 4.683584852839262069e-03
1.023882445981932898e-02 1.023882445981932898e-02 1.504686009023276094e-02 1.065003016220877896e-02 1.103705342584770932e-02 6.286685859282159505e-03 8.498013713605634400e-01 8.505841785044170322e-01 2.828912102897744862e-01 3.627327840858007857e-03 1.540816947452100516e-02 1.049531142483833834e-02 1.497400170260348995e-02 1.037736636564645654e-02 4.595688621410354280e-03
8.553339720054065065e-03 8.553339720054065065e-03 1.880425283592151997e-02 8.904737714340693611e-03 1.585568812544674300e-02 5.483669644948840904e-03 3.111033487135327347e-01 3.110365544447240005e-01 8.443089872864462109e-01 7.319430998406206701e-03 1.488007669160590352e-02 8.692212318282210859e-03 1.886609048710685688e-02 8.769321338384705733e-03 1.021605877653841699e-02
1.212331062405364035e-02 1.212331062405364035e-02 2.600610295399052863e-02 1.250259551142662851e-02 1.914837494295684728e-02 5.124592125701210588e-03 8.154473440000449269e-01 8.160417657926413160e-01 8.262447267165479170e-01 5.332369721295082687e-03 1.781457201613856345e-02 1.225811220826888981e-02 2.605004402523503071e-02 1.235828611108591435e-02 1.390379179863260317e-02
1.538111047430817946e-02 1.538111047430817946e-02 2.533156721761858909e-02 1.562176263036957335e-02 1.815833227438001796e-02 8.040652093836031522e-03 8.299579760807533901e-01 8.292590399879492535e-01 3.450730974447510646e-01 5.578360159618878100e-03 2.127638456355201990e-02 1.533078179559271836e-02 2.543800206789120777e-02 1.566889919204372816e-02 1.011767329553470152e-02
1.004763547080272934e-02 1.004763547080272934e-02 2.341724137434775255e-02 1.022009852320726608e-02 1.822926104697930594e-02 4.843195858701798695e-03 3.747109317595088696e-01 3.750687622655367037e-01 8.017495793718594221e-01 6.086180577947686299e-03 1.513834693946414234e-02 9.932075272532814303e-03 2.342861585907857203e-02 1.034247741460220249e-02 1.355415539574178485e-02
1.257406141263023303e-02 1.257406141263023303e-02 2.740574419610924961e-02 1.260322191659868363e-02 2.137542908321182766e-02 6.470564323207028679e-03 7.686356118256246761e-01 7.704967472368363657e-01 8.052771180537825479e-01 4.853396929427711282e-03 1.773441339250703130e-02 1.237692969173115332e-02 2.738956022518185263e-02 1.279827255396648322e-02 1.520389988691756011e-02
1.048756207142642616e-02 1.048756207142642616e-02 1.870967576736815019e-02 1.037654931594300667e-02 1.287894038083853276e-02 4.510396568989549770e-03 8.141599691242840109e-01 8.151358758417591721e-01 4.142077278331426360e-01 4.669905364238224887e-03 1.551145696231170934e-02 1.015163567933019539e-02 1.886764978971755546e-02 1.072672258846396609e-02 8.622307129955320004e-03
4.884127451367903383e-03 4.884127451367903383e-03 1.232827749069298484e-02 4.787891494294538308e-03 1.115134712423865304e-02 3.741651516296184976e-03 4.434321777586283653e-01 4.412482626119096918e-01 7.573788728177228702e-01 3.518349303915313531e-03 8.440129140820096243e-03 4.652720185168879308e-03 1.225516709464935516e-02 5.025504847527062502e-03 7.762551995243727188e-03
