5.000000000000000000e-01 5.000000000000000000e-01 5.000000000000000000e-01 5.000000000000000000e-01 5.000000000000000000e-01 5.000000000000000000e-01 5.000000000000000000e-01 5.000000000000000000e-01 5.000000000000000000e-01 5.000000000000000000e-01 5.000000000000000000e-01 5.000000000000000000e-01 5.000000000000000000e-01 5.000000000000000000e-01 5.000000000000000000e-01 5.000000000000000000e-01 5.000000000000000000e-01 5.000000000000000000e-01 5.000000000000000000e-01 5.000000000000000000e-01 5.000000000000000000e-01 5.000000000000000000e-01 5.000000000000000000e-01
5.646625796843122158e-01 5.031222771568867325e-01 6.165627360129578571e-01 5.031222771568866214e-01 6.165627360129583012e-01 5.031222771568866214e-01 6.165627360129583012e-01 5.031222771568866214e-01 6.165627360129583012e-01 5.031222771568866214e-01 6.165627360129584122e-01 5.031222771568866214e-01 6.165627360129584122e-01 5.031222771568866214e-01 6.165627360129584122e-01 5.031222771568866214e-01 6.165627360129584122e-01 5.031222771568866214e-01 6.165627360129584122e-01 5.031222771568866214e-01 6.165627360129590784e-01 5.031222771568867325e-01 5.646625796843119938e-01
6.654805954133278245e-01 5.065056972065917762e-01 7.518913156422674104e-01 5.067971221817867411e-01 7.582684478455075094e-01 5.067971222945214516e-01 7.582684482742958476e-01 5.067971222516322038e-01 7.582684474421266252e-01 5.067971222504261686e-01 7.582684474139269604e-01 5.067971222504138451e-01 7.582684474139569364e-01 5.067971222504278339e-01 7.582684474430545496e-01 5.067971222516776120e-01 7.582684482743469179e-01 5.067971222945711895e-01 7.582684478788219717e-01 5.067971221991695030e-01 7.518913155787950719e-01 5.065056972270207680e-01 6.654805954640644616e-01
6.850335864198580094e-01 5.064909960375618692e-01 7.025630600656828095e-01 5.075803242694834072e-01 7.381805711374670453e-01 5.076045592921470950e-01 7.387169246651189569e-01 5.076045592571811760e-01 7.387169243298985499e-01 5.076045592548049656e-01 7.387169242330462460e-01 5.076045592551543528e-01 7.387169242329713059e-01 5.076045592548019680e-01 7.387169243280859998e-01 5.076045592571062359e-01 7.387169246611822171e-01 5.076045592882896251e-01 7.381805712415518972e-01 5.075803228516020393e-01 7.025630598374730251e-01 5.064909960608101613e-01 6.850335865194088214e-01
6.560060431862934083e-01 5.106312859251087577e-01 6.258648080885774734e-01 5.102658877525189096e-01 6.906107042301357080e-01 5.104848091833840140e-01 6.969897433161119649e-01 5.104868686807457756e-01 6.970329630674600985e-01 5.104868687950920858e-01 6.970329646628783404e-01 5.104868687669900096e-01 6.970329647153435948e-01 5.104868687947766714e-01 6.970329630966086709e-01 5.104868686772503494e-01 6.969897431417877431e-01 5.104848091311776637e-01 6.906107028005177284e-01 5.102658787654007488e-01 6.258648075252113419e-01 5.106312855091414971e-01 6.560060438176165132e-01
6.559395952387225837e-01 5.204807703763537630e-01 6.355915754859700062e-01 5.148553806300392166e-01 6.781171634951221883e-01 5.152216328278519386e-01 7.034757756503345894e-01 5.152552841073930745e-01 7.043547686515778672e-01 5.152554427218715150e-01 7.043581335150793654e-01 5.152554426116714437e-01 7.043581335415566302e-01 5.152554427182830521e-01 7.043547686920529349e-01 5.152552841454781651e-01 7.034757763783481277e-01 5.152216351779868031e-01 6.781171624576708412e-01 5.148553604780773396e-01 6.355915768988907866e-01 5.204807687499080071e-01 6.559395961483788229e-01
6.803720717073868940e-01 5.275515619493129638e-01 6.368395235183974545e-01 5.202757091724272698e-01 6.393565054330787589e-01 5.189945998392047066e-01 6.844798536428269298e-01 5.191351745242004379e-01 6.904923965134652786e-01 5.191393016703618191e-01 6.905965718712019363e-01 5.191393142451087295e-01 6.905965721691360582e-01 5.191393016618887080e-01 6.904923964161941985e-01 5.191351756783165738e-01 6.844798575204624758e-01 5.189946140676278130e-01 6.393565042658373443e-01 5.202756922663415162e-01 6.368395284568948433e-01 5.275515605217139248e-01 6.803720722872139692e-01
6.951326157707141684e-01 5.287019658391731713e-01 6.178218237783807965e-01 5.286937472763415524e-01 6.195662450493739648e-01 5.232819813861716574e-01 6.544560959676132272e-01 5.232598264555269330e-01 6.739837279300384676e-01 5.232926262094695913e-01 6.750702699959956199e-01 5.232931224483353683e-01 6.750702704419264677e-01 5.232926260108390348e-01 6.739837260043888278e-01 5.232598323605123225e-01 6.544561027085425975e-01 5.232820237074813363e-01 6.195662423593422119e-01 5.286937551859883788e-01 6.178218303055589278e-01 5.287019632712479655e-01 6.951326136313635828e-01
6.975711052137918422e-01 5.276975718701297779e-01 6.397126492090148275e-01 5.358028237920635650e-01 6.348078393691476418e-01 5.288712750841533250e-01 6.411844946904881049e-01 5.272694632420059646e-01 6.741488422053364404e-01 5.273663173131570847e-01 6.796575894524173878e-01 5.273728631186807014e-01 6.796575901559108734e-01 5.273663166749671394e-01 6.741488405560840391e-01 5.272694760559023530e-01 6.411845288808435406e-01 5.288713590002908083e-01 6.348076540531976120e-01 5.358028775015039047e-01 6.397123787603021805e-01 5.276975612664045467e-01 6.975711021431652004e-01
6.958918512413070356e-01 5.265103516206622869e-01 6.710924990996622874e-01 5.361669504444114276e-01 6.276946139782781930e-01 5.351316739193957561e-01 6.303879446886702098e-01 5.303427028814740041e-01 6.571272282595612690e-01 5.302822635945303453e-01 6.725876012941340854e-01 5.303216634871336099e-01 6.725876004103860106e-01 5.302822637726092303e-01 6.571272298248430621e-01 5.303427257178646714e-01 6.303882341814613932e-01 5.351318480262816646e-01 6.276940781256443724e-01 5.361667581442697283e-01 6.710913359333584571e-01 5.265095571159857935e-01 6.958918702021265057e-01
6.937529783890090673e-01 5.255384651579388944e-01 6.768357104408138092e-01 5.334984323307947474e-01 6.288385420811439808e-01 5.401086518474854659e-01 6.336897728651322836e-01 5.341274906853343829e-01 6.401526997995945489e-01 5.328849074323369628e-01 6.645561400068638047e-01 5.329855777511042225e-01 6.645561360193530387e-01 5.328849159521860113e-01 6.401528875140494179e-01 5.341275951287733914e-01 6.336914251523207975e-01 5.401091090806480199e-01 6.288388975503964584e-01 5.334983182697266013e-01 6.768342691471870287e-01 5.255358262314766549e-01 6.937533483538877999e-01
6.942855128737749348e-01 5.254855093954495793e-01 6.781967013196331662e-01 5.324888931751182719e-01 6.642489788575585141e-01 5.395830367795596549e-01 6.395473935521340803e-01 5.386596488377826120e-01 6.427132315764813031e-01 5.349873817685836253e-01 6.614443505948656155e-01 5.349355068774022115e-01 6.614442799792434879e-01 5.349874457848353693e-01 6.427132945695163135e-01 5.386597799177296197e-01 6.395505045483892426e-01 5.395835139549000070e-01 6.642506839757420511e-01 5.324896584673097788e-01 6.781963180171597383e-01 5.254825927651887163e-01 6.942866300951520131e-01
6.961083680510984362e-01 5.258083556194098618e-01 6.799089769147513840e-01 5.328438339818610814e-01 6.806752756864007381e-01 5.345587785493663979e-01 6.367109422761624282e-01 5.415015014379964686e-01 6.461153943416497736e-01 5.368215455331184494e-01 6.471122323981010060e-01 5.357823790740748882e-01 6.471120887513963638e-01 5.368214878689184788e-01 6.461141594872878979e-01 5.415010376234528078e-01 6.367127666529959207e-01 5.345580390380886282e-01 6.806747399104129403e-01 5.328451643835416807e-01 6.799083998767280201e-01 5.258082828391188457e-01 6.961097537173381866e-01
6.961904230004751781e-01 5.258417223316773637e-01 6.766309731293553842e-01 5.338235055777411642e-01 6.763188839818204956e-01 5.314649222434829623e-01 6.560997824529213318e-01 5.400666178230095760e-01 6.451400376329357034e-01 5.394946094187107466e-01 6.387880271730203008e-01 5.367444909652844265e-01 6.387879811405403618e-01 5.394942836545741915e-01 6.451375640730236949e-01 5.400656225509945507e-01 6.561001920590316949e-01 5.314627638085913652e-01 6.763148606712823252e-01 5.338242183524148921e-01 6.766286678331339122e-01 5.258455223735092332e-01 6.961911301263816743e-01
6.956076618768143316e-01 5.259488820304853984e-01 6.769764467907437577e-01 5.347578040938759658e-01 6.819166269166105909e-01 5.319000390414141410e-01 6.808101057432208725e-01 5.347221289193602178e-01 6.431230815115395183e-01 5.411115434484394804e-01 6.413473552090125374e-01 5.386158603350081897e-01 6.413469450182798237e-01 5.411118041745460738e-01 6.431203347235439072e-01 5.347215035446992726e-01 6.808131814572995211e-01 5.318984234382575504e-01 6.819144215671920639e-01 5.347576433424279241e-01 6.769746585189431176e-01 5.259562685210429356e-01 6.956077229283321728e-01
6.956419525176131824e-01 5.261925348428785343e-01 6.783368432940037884e-01 5.348371289011893959e-01 6.826303068352865822e-01 5.331316727470909456e-01 6.769808670566153097e-01 5.306653176769425828e-01 6.469942771799731540e-01 5.389581261251368272e-01 6.373148929815243280e-01 5.415694125128993619e-01 6.373132601536163344e-01 5.389593524655388324e-01 6.469911687913989518e-01 5.306648642786826464e-01 6.769862665893874309e-01 5.331312697766941167e-01 6.826313086783877271e-01 5.348364092334787490e-01 6.783368655116874812e-01 5.262023384812484217e-01 6.956419528607100666e-01
6.957329307749147151e-01 5.262810221302667291e-01 6.763814241644381386e-01 5.349065805571455723e-01 6.763804092600194107e-01 5.340619733174101214e-01 6.728335745556466296e-01 5.311690048635676620e-01 6.599072168285725626e-01 5.345515455066256472e-01 6.341734979221613777e-01 5.432685095499555361e-01 6.341716454043819784e-01 5.345526990861035888e-01 6.599052923658228487e-01 5.311682781361549699e-01 6.728367171936925351e-01 5.340613667447252633e-01 6.763794382139558525e-01 5.349046885829567000e-01 6.763806279109135788e-01 5.262889660586695939e-01 6.957329522814791334e-01
6.955326496407490122e-01 5.262472500301269562e-01 6.766079870381078720e-01 5.354525681485822197e-01 6.770989733038484948e-01 5.344710771361069757e-01 6.773169086386054971e-01 5.332062427264226967e-01 6.631151560752770457e-01 5.323164172400179917e-01 6.383883863629729039e-01 5.392251584843337220e-01 6.383876399110874900e-01 5.323167133388831962e-01 6.631164807755018931e-01 5.332059888954767679e-01 6.773175791753878183e-01 5.344693970621358092e-01 6.770962845464006952e-01 5.354488345298920038e-01 6.766060804825253516e-01 5.262494641624982927e-01 6.955329012612279094e-01
6.948655221910339241e-01 5.261616827453510226e-01 6.777253128895747158e-01 5.356350504748428332e-01 6.744777490489733962e-01 5.348506543224468279e-01 6.686813438896150874e-01 5.343412967144136605e-01 6.588968867011714137e-01 5.334964341443451108e-01 6.408619811028553048e-01 5.312909345612145673e-01 6.408606437554467128e-01 5.334961728673505155e-01 6.588986076651591750e-01 5.343420366333750948e-01 6.686818320364160684e-01 5.348480171055967070e-01 6.744784354194904852e-01 5.356302319326614603e-01 6.777245538195866281e-01 5.261600332721417805e-01 6.948664209848622875e-01
6.940686786328087443e-01 5.261279013290308670e-01 6.763214161969368643e-01 5.354171457899599140e-01 6.682307749445679512e-01 5.362191973293869429e-01 6.631882848203056735e-01 5.353756578844760528e-01 6.626813167161429430e-01 5.341066115250685531e-01 6.428500554506132447e-01 5.283476098968801216e-01 6.428471095872393404e-01 5.341066017474216387e-01 6.626806002115341876e-01 5.353767005802892998e-01 6.631883732588028657e-01 5.362163005326822107e-01 6.682342005841275245e-01 5.354123453778809605e-01 6.763208198789363301e-01 5.261265628958086138e-01 6.940698551198997146e-01
6.937515255532858971e-01 5.262678727063642148e-01 6.741049507917860062e-01 5.353295702627707264e-01 6.687240741598704519e-01 5.377281159337401473e-01 6.670801897628841903e-01 5.361657908207398959e-01 6.572995101652696626e-01 5.317396116334831557e-01 6.485214235427494422e-01 5.327971084555070957e-01 6.485196642135804268e-01 5.317398324014224187e-01 6.572987323956771544e-01 5.361660117350601773e-01 6.670793302579234307e-01 5.377261085744388103e-01 6.687265254470156073e-01 5.353258868297631201e-01 6.741032124544676929e-01 5.262676614879675530e-01 6.937524351036692405e-01
6.931007345708249945e-01 5.264494706184426054e-01 6.704022049709235098e-01 5.355564511752897161e-01 6.697707652535245249e-01 5.383450002310796734e-01 6.594663951298965765e-01 5.357879013124275946e-01 6.446677333601198434e-01 5.301931794218219807e-01 6.551142484890454254e-01 5.374112368411491092e-01 6.551152504448691793e-01 5.301930281883407980e-01 6.446675916932491646e-01 5.357870334186024541e-01 6.594646010822625692e-01 5.383442144420677034e-01 6.697715849925148790e-01 5.355548352552085278e-01 6.704007866808675553e-01 5.264486624364815848e-01 6.931015251880623396e-01
6.908782028586104573e-01 5.266256888573512818e-01 6.661006736850993981e-01 5.362864860858778115e-01 6.677800055356173381e-01 5.382755212603638206e-01 6.485897315105134675e-01 5.343363417382075431e-01 6.492028318162701428e-01 5.325044542148720250e-01 6.588703594222340421e-01 5.379596086288339629e-01 6.588726209199662343e-01 5.325044048924378881e-01 6.492010230510839586e-01 5.343349485400489263e-01 6.485870089737671984e-01 5.382751015278364193e-01 6.677792209668053092e-01 5.362859855266491893e-01 6.660992497988182937e-01 5.266231909339429418e-01 6.908789998024487122e-01
6.877073829205970767e-01 5.269850245449420045e-01 6.653050458293870983e-01 5.371491382010016302e-01 6.641046889108915829e-01 5.370482228782100798e-01 6.490189417631637703e-01 5.334673544998427275e-01 6.542375088532945693e-01 5.360967090924920742e-01 6.621470308855328391e-01 5.373285204006130744e-01 6.621496847938272978e-01 5.360971704440448127e-01 6.542351214234531920e-01 5.334657734832147780e-01 6.490165847096639462e-01 5.370475358401167743e-01 6.641024793473006005e-01 5.371475416048310247e-01 6.653024977468023904e-01 5.269822229581594408e-01 6.877082343303690948e-01
6.862615540785033108e-01 5.274490352406553395e-01 6.679247218905517425e-01 5.370186659346732894e-01 6.582440867016998709e-01 5.347588751870677726e-01 6.565103285205713401e-01 5.352829267019882931e-01 6.519127077469906162e-01 5.376505380311733528e-01 6.728763173808780529e-01 5.379151094402382371e-01 6.728788678102199938e-01 5.376507993569720201e-01 6.519117646000425204e-01 5.352812955919783455e-01 6.565092455041507957e-01 5.347580768257790274e-01 6.582420388884221429e-01 5.370154734110895722e-01 6.679234509408464859e-01 5.274490490131458209e-01 6.862628201501557168e-01
