0.000000000000000000e+00 0.000000000000000000e+00 0.000000000000000000e+00 0.000000000000000000e+00 0.000000000000000000e+00 0.000000000000000000e+00 1.000000000000000000e+00 1.000000000000000000e+00 1.000000000000000000e+00 0.000000000000000000e+00 0.000000000000000000e+00 0.000000000000000000e+00 0.000000000000000000e+00 0.000000000000000000e+00 0.000000000000000000e+00
2.497917360987200741e-03 2.497917360987200741e-03 4.983355539689870994e-03 2.497917360987200741e-03 4.983355539689870994e-03 2.497917360987200741e-03 9.950166444603101290e-01 9.975020826390128548e-01 9.950166444603101290e-01 2.497917360987200741e-03 4.983355539689759972e-03 2.497917360987200741e-03 4.983355539689704461e-03 2.497917360987200741e-03 2.497917360987200741e-03
9.554725876403435958e-03 9.554725876403435958e-03 1.891808336680950164e-02 9.555751930492517587e-03 1.932747382682076243e-02 9.964501603970388199e-03 9.806721417736197211e-01 9.904442481650242991e-01 9.806721417736232738e-01 9.964501603966890997e-03 1.932747382681715420e-02 9.555751930492573099e-03 1.891808336680950164e-02 9.554725876403324936e-03 9.554725876403324936e-03
1.994587115770812824e-02 1.994587115770812824e-02 3.898743963678857893e-02 1.996152922901411886e-02 4.134031011200872685e-02 2.230403999509344981e-02 9.586546738130252709e-01 9.800383258369882444e-01 9.586546738195523831e-01 2.230403999247743130e-02 4.134031010949607010e-02 1.996152922901223148e-02 3.898743963678669155e-02 1.994587115770823926e-02 1.994587115770823926e-02
3.189954122055488339e-02 3.189954122055488339e-02 6.120617985282128526e-02 3.199146776016181803e-02 6.859127275997428663e-02 3.931701445191815303e-02 9.313801126131258101e-01 9.680063982996844896e-01 9.313801126173355538e-01 3.931701444764229558e-02 6.859127275600485074e-02 3.199146776014510918e-02 6.120617985280479845e-02 3.189954122055477237e-02 3.189954122055477237e-02
4.343969351729465300e-02 4.343969351729465300e-02 8.130641795763310364e-02 4.377948640885337417e-02 9.839848495550046481e-02 6.066250284797214398e-02 9.014950164951565093e-01 9.562065510292728776e-01 9.014950164980489733e-01 6.066250284291269113e-02 9.839848494800840228e-02 4.377948640583345652e-02 8.130641795497911550e-02 4.343969351703208526e-02 4.343969351703208526e-02
5.275954824504919261e-02 5.275954824504919261e-02 9.566742513850429175e-02 5.370511293290880506e-02 1.283419084005406607e-01 8.584083439303286100e-02 8.713537709728871317e-01 9.462351227161375222e-01 8.713537709893168781e-01 8.584083438369299879e-02 1.283419083890236512e-01 5.370511293617868942e-02 9.566742514126752583e-02 5.275954824500400653e-02 5.275954824500400653e-02
5.854853259099962459e-02 5.854853259099962459e-02 1.020740644760335103e-01 6.071190614787769224e-02 1.566848629909622370e-01 1.142133860780661925e-01 8.425892940771740891e-01 9.390940752936722813e-01 8.425892941462678198e-01 1.142133861103609149e-01 1.566848630132481324e-01 6.071190615217730846e-02 1.020740644700717792e-01 5.854853259417958089e-02 5.854853259417958089e-02
6.020821624794514548e-02 6.020821624794514548e-02 1.001350497331195410e-01 6.448911139683333182e-02 1.826117621838102556e-01 1.450636548138822812e-01 8.158704242964774922e-01 9.349948552338690488e-01 8.158704243642261877e-01 1.450636548628380096e-01 1.826117621985128836e-01 6.448911138337221072e-02 1.001350497104301907e-01 6.020821624742239697e-02 6.020821624742239697e-02
5.791898444993276440e-02 5.791898444993276440e-02 9.127844154037434432e-02 6.548563785045197205e-02 2.062370582267891717e-01 1.776886604486839771e-01 7.908912330911194166e-01 9.333368295615949162e-01 7.908912332036994730e-01 1.776886604721425456e-01 2.062370582073160263e-01 6.548563781381988580e-02 9.127844149466735058e-02 5.791898444015403102e-02 5.791898444015403102e-02
5.255287511165279701e-02 5.255287511165279701e-02 7.834569414879227756e-02 6.476742126726736659e-02 2.283974533013031216e-01 2.114981984559360373e-01 7.665804493619348126e-01 9.328566958409545418e-01 7.665804494963057714e-01 2.114981984775449186e-01 2.283974532703154092e-01 6.476742119079281768e-02 7.834569405666802488e-02 5.255287509477346575e-02 5.255287509477346575e-02
4.546069515058637212e-02 4.546069515058637212e-02 6.489975200924014143e-02 6.376456824732817941e-02 2.502908323032155824e-01 2.460936416508422986e-01 7.414682469664081177e-01 9.319077112559313036e-01 7.414682471148065224e-01 2.460936416638882518e-01 2.502908322551875564e-01 6.376456812935599183e-02 6.489975185772772770e-02 4.546069513125938766e-02 4.546069513125938766e-02
3.818649978551191815e-02 3.818649978551191815e-02 5.442500539898104117e-02 6.397600642606782184e-02 2.730593891161417486e-01 2.813013925874910948e-01 7.141139672193387300e-01 9.288005572222077788e-01 7.141139673893758255e-01 2.813013926056561198e-01 2.730593890546603175e-01 6.397600624432603356e-02 5.442500517641107871e-02 3.818649975379850847e-02 3.818649975379850847e-02
3.217370524403717624e-02 3.217370524403717624e-02 4.961190673249304961e-02 6.670120561024855954e-02 2.974219902506690660e-01 3.171465074383068572e-01 6.834908568915271099e-01 9.221290876116527979e-01 6.834908570252502535e-01 3.171465074743295975e-01 2.974219902091260193e-01 6.670120539144752669e-02 4.961190644970658870e-02 3.217370521781443005e-02 3.217370521781443005e-02
2.852354677175572562e-02 2.852354677175572562e-02 5.188614149037124035e-02 7.285337523301027574e-02 3.234419907245006942e-01 3.537674425526536881e-01 6.492416864866616955e-01 9.110137935972240086e-01 6.492416867014181303e-01 3.537674425539675260e-01 3.234419906954237867e-01 7.285337499522609450e-02 5.188614116656203867e-02 2.852354676324025951e-02 2.852354676324025951e-02
2.784965473586109574e-02 2.784965473586109574e-02 6.127142215295555694e-02 8.288143327131997085e-02 3.504773285913326819e-01 3.912896268416077294e-01 6.117568751350577205e-01 8.952204456630044049e-01 6.117568752994427816e-01 3.912896268667927502e-01 3.504773286336505533e-01 8.288143299553080157e-02 6.127142178478200973e-02 2.784965475047579408e-02 2.784965475047579408e-02
3.024725629938979088e-02 3.024725629938979088e-02 7.658657246920108630e-02 9.679770115080676973e-02 3.773109325879369091e-01 4.296880894480539781e-01 5.720737614993759435e-01 8.751440777946266625e-01 5.720737616504820711e-01 4.296880894661604944e-01 3.773109326802558949e-01 9.679770085997174700e-02 7.658657209210151251e-02 3.024725634991048961e-02 3.024725634991048961e-02
3.536859812466647268e-02 3.536859812466647268e-02 9.589503824983253155e-02 1.142833222334223575e-01 4.024146987063613734e-01 4.686753032236409267e-01 5.316388227024227975e-01 8.516795007134818629e-01 5.316388228969382013e-01 4.686753032016341969e-01 4.024146988025047444e-01 1.142833219561610325e-01 9.589503790270942352e-02 3.536859822386778651e-02 3.536859822386778651e-02
4.257409370237541513e-02 4.257409370237541513e-02 1.170692378112970222e-01 1.348292554076502836e-01 4.242703309449977755e-01 5.076463070327573712e-01 4.920036312305318682e-01 8.260224411399510469e-01 4.920036312960548996e-01 5.076463070926109378e-01 4.242703311638998942e-01 1.348292551327680000e-01 1.170692374959940718e-01 4.257409385219235176e-02 4.257409385219235176e-02
5.111576509074483576e-02 5.111576509074483576e-02 1.383155414639558600e-01 1.578701628950136548e-01 4.416625003818391293e-01 5.456998537094019941e-01 4.545338661562043914e-01 7.994546083275257953e-01 4.545338663102064247e-01 5.456998536804456013e-01 4.416625005479017929e-01 1.578701626248043555e-01 1.383155411818635105e-01 5.111576528738098757e-02 5.111576528738098757e-02
6.030871566923784455e-02 6.030871566923784455e-02 1.585305498820298586e-01 1.828798911528764504e-01 4.538745321260506671e-01 5.817353873967543443e-01 4.201984187942353621e-01 7.731600285322852706e-01 4.201984187649377978e-01 5.817353875063396851e-01 4.538745324072222531e-01 1.828798909348133828e-01 1.585305496759320532e-01 6.030871591751679750e-02 6.030871591751679750e-02
6.965546428196611739e-02 6.965546428196611739e-02 1.774156105022326457e-01 2.094148649403328455e-01 4.607485300199589684e-01 6.146059276655987391e-01 3.894773909998783257e-01 7.481042069543015760e-01 3.894773909508761345e-01 6.146059277633149076e-01 4.607485302886185075e-01 2.094148647575857503e-01 1.774156103371670179e-01 6.965546457091015276e-02 6.965546457091015276e-02
7.890480317802794907e-02 7.890480317802794907e-02 1.953479701100621635e-01 2.371107216493003600e-01 4.626113779175717866e-01 6.432924239970118085e-01 3.623932196929204874e-01 7.249856357464120604e-01 3.623932196303566444e-01 6.432924240723620901e-01 4.626113781354695975e-01 2.371107214839936472e-01 1.953479699638973055e-01 7.890480348224532259e-02 7.890480348224532259e-02
8.804510205251853128e-02 8.804510205251853128e-02 2.130725162601287415e-01 2.656503909893624393e-01 4.601035014155619995e-01 6.670599742779915742e-01 3.386374064076488333e-01 7.042487997751951667e-01 3.386374064331460487e-01 6.670599741930294257e-01 4.601035015009420914e-01 2.656503907797110875e-01 2.130725160594222345e-01 8.804510234169726779e-02 8.804510234169726779e-02
9.724807122328799069e-02 9.724807122328799069e-02 2.313213876544283343e-01 2.947268185720687828e-01 4.539697093931723271e-01 6.855614954600177668e-01 3.177448197897273507e-01 6.861346837581920877e-01 3.177448197851219236e-01 6.855614953441995230e-01 4.539697094172516767e-01 2.947268183560925459e-01 2.313213874275636961e-01 9.724807148741837493e-02 9.724807148741837493e-02
1.067879391110519438e-01 1.067879391110519438e-01 2.504788286709376255e-01 3.240193782293340208e-01 4.448750597008413465e-01 6.988682953417457711e-01 2.992622522591552592e-01 6.707410655648219366e-01 2.992622521864488072e-01 6.988682952956548622e-01 4.448750596899459508e-01 3.240193780376955379e-01 2.504788284465783166e-01 1.067879393394691734e-01 1.067879393394691734e-01
1.169624012728849860e-01 1.169624012728849860e-01 2.703857419610528057e-01 3.531932931126953168e-01 4.332941632548300004e-01 7.074251615346373034e-01 2.828676475402811530e-01 6.580706121423074428e-01 2.828676474756352532e-01 7.074251614453083148e-01 4.332941631854502207e-01 3.531932929062112647e-01 2.703857417025834486e-01 1.169624014535328160e-01 1.169624014535328160e-01
1.280354210418209182e-01 1.280354210418209182e-01 2.903307543265749580e-01 3.819201661110904755e-01 4.194950532384591479e-01 7.119450351948004574e-01 2.684161585199871247e-01 6.480562067135824389e-01 2.684161584655777588e-01 7.119450350689434659e-01 4.194950531270070782e-01 3.819201658858207282e-01 2.903307540469383663e-01 1.280354211699604727e-01 1.280354211699604727e-01
1.402113479903562832e-01 1.402113479903562832e-01 3.092174073457650274e-01 4.099093416185393135e-01 4.036076291524909876e-01 7.132705933051119995e-01 2.559131645015840784e-01 6.405658565090520673e-01 2.559131644184413079e-01 7.132705930706323416e-01 4.036076290222248009e-01 4.099093413181025269e-01 3.092174070228532745e-01 1.402113480584969984e-01 1.402113480584969984e-01
1.536380488944942835e-01 1.536380488944942835e-01 3.258468046410746277e-01 4.369366066736587451e-01 3.857413868647648902e-01 7.122345268977094968e-01 2.454349293118103792e-01 6.353982946545191357e-01 2.454349292086598355e-01 7.122345266561609378e-01 3.857413867448097333e-01 4.369366063632344477e-01 3.258468043516158930e-01 1.536380489190294352e-01 1.536380489190294352e-01
1.684277040426650496e-01 1.684277040426650496e-01 3.392255452982000374e-01 4.628590031963706330e-01 3.661047684319032047e-01 7.095467659009282446e-01 2.370296994827538195e-01 6.322835571563013568e-01 2.370296994323111139e-01 7.095467657346072876e-01 3.661047683087706450e-01 4.628590029514058068e-01 3.392255451264888366e-01 1.684277040461103492e-01 1.684277040461103492e-01
1.846797654408478540e-01 1.846797654408478540e-01 3.488068968846492757e-01 4.876103325125057397e-01 3.450820672774814191e-01 7.057272065677515638e-01 2.306334737273743052e-01 6.308991896917210962e-01 2.306334736603554703e-01 7.057272064088614405e-01 3.450820671656160132e-01 4.876103322837308518e-01 3.488068968045823226e-01 1.846797654267673394e-01 1.846797654267673394e-01
2.024921418356239178e-01 2.024921418356239178e-01 3.545978670748000106e-01 5.111787429101128932e-01 3.232413098214743652e-01 7.010898772916704935e-01 2.260262479710521966e-01 6.309047785243127038e-01 2.260262478773357175e-01 7.010898771458051737e-01 3.232413097127511126e-01 5.111787427142563400e-01 3.545978671014365924e-01 2.024921418155778974e-01 2.024921418155778974e-01
2.219528625475448158e-01 2.219528625475448158e-01 3.571075183534245800e-01 5.335731765446392050e-01 3.012716823470751870e-01 6.957724449939093336e-01 2.228397465895878837e-01 6.319885232209556669e-01 2.228397463508482446e-01 6.957724448062062583e-01 3.012716822757862678e-01 5.335731763150679541e-01 3.571075184201103481e-01 2.219528625096597318e-01 2.219528625096597318e-01
2.431129128824793262e-01 2.431129128824793262e-01 3.571593657029557001e-01 5.547880124572072136e-01 2.798735049700363797e-01 6.897963104493340936e-01 2.206112874144939839e-01 6.339130432580387664e-01 2.206112871357710503e-01 6.897963102831601301e-01 2.798735048794228630e-01 5.547880122859482066e-01 3.571593658692580053e-01 2.431129128503684012e-01 2.431129128503684012e-01
2.659487355703231137e-01 2.659487355703231137e-01 3.556291453787808199e-01 5.747747479087585987e-01 2.596395858107848897e-01 6.831387148194187908e-01 2.188651881953582734e-01 6.365458375929800017e-01 2.188651879979282011e-01 6.831387147039916785e-01 2.596395856287561643e-01 5.747747478887077488e-01 3.556291456857249011e-01 2.659487355648409990e-01 2.659487355648409990e-01
2.903275525726841666e-01 2.903275525726841666e-01 3.531880687848915623e-01 5.934267084104828394e-01 2.409690803240936985e-01 6.757992613751463429e-01 2.171963539812433730e-01 6.398632937553001554e-01 2.171963537534374877e-01 6.757992612657114373e-01 2.409690801002334903e-01 5.934267084499789124e-01 3.531880691480224765e-01 2.903275525664009149e-01 2.903275525664009149e-01
3.159887162074544453e-01 3.159887162074544453e-01 3.501263249422547075e-01 6.105788312206323898e-01 2.240431936137615709e-01 6.678478955452220589e-01 2.153317118325380752e-01 6.439245409939554632e-01 2.153317115840932550e-01 6.678478954410822510e-01 2.240431933520729557e-01 6.105788313067087580e-01 3.501263253335982206e-01 3.159887161913460529e-01 3.159887161913460529e-01
3.425499258275132575e-01 3.425499258275132575e-01 3.463048573342402126e-01 6.260207246409623671e-01 2.088703195292693771e-01 6.594478713119020785e-01 2.131530211644622197e-01 6.488199980641820019e-01 2.131530207585435877e-01 6.594478711962235007e-01 2.088703192757097593e-01 6.260207246983036100e-01 3.463048576874322992e-01 3.425499257814368370e-01 3.425499257814368370e-01
3.695398057338081244e-01 3.695398057338081244e-01 3.412439187239635352e-01 6.395185657116648770e-01 1.953838518924434497e-01 6.508538646521421223e-01 2.106765950406735421e-01 6.546071962687325385e-01 2.106765946104547371e-01 6.508538645524745148e-01 1.953838516234449596e-01 6.395185657669824053e-01 3.412439190689423030e-01 3.695398056535362796e-01 3.695398056535362796e-01
3.964502228831814357e-01 3.964502228831814357e-01 3.343165643184271563e-01 6.508405185852753627e-01 1.835569500119368369e-01 6.423905256991575552e-01 2.079982933539538115e-01 6.612496389082374026e-01 2.079982930439441269e-01 6.423905256402333563e-01 1.835569497330080679e-01 6.508405186816199617e-01 3.343165646624010057e-01 3.964502227609433271e-01 3.964502227609433271e-01
4.227956125582423841e-01 4.227956125582423841e-01 3.249859673530561266e-01 6.597810393863494660e-01 1.734916046534067946e-01 6.344197928113942675e-01 2.052220927348442636e-01 6.685742440380968432e-01 2.052220922660300539e-01 6.344197927659038783e-01 1.734916044023305237e-01 6.597810393422354203e-01 3.249859676600667102e-01 4.227956123699849744e-01 4.227956123699849744e-01
4.481641858111562460e-01 4.481641858111562460e-01 3.130151234363520163e-01 6.661812533918807233e-01 1.654468737464011574e-01 6.273056809662022060e-01 2.023949400838417345e-01 6.762580589794664476e-01 2.023949397098478986e-01 6.273056809914292486e-01 1.654468735296091841e-01 6.661812533979947215e-01 3.130151237205023307e-01 4.481641856192456475e-01 4.481641856192456475e-01
4.722479990703705166e-01 4.722479990703705166e-01 2.985884128381972591e-01 6.699445824970666763e-01 1.597909410244656714e-01 6.213835310863720096e-01 1.994684149791513539e-01 6.838479278467158862e-01 1.994684144666916126e-01 6.213835311472792888e-01 1.597909408249521546e-01 6.699445823359240215e-01 2.985884131013363807e-01 4.722479988221259806e-01 4.722479988221259806e-01
4.948448449291049100e-01 4.948448449291049100e-01 2.823125509557639079e-01 6.710482033248492684e-01 1.568874745268715731e-01 6.169375721112063671e-01 1.962995831318098405e-01 6.908092464940009947e-01 1.962995826619783890e-01 6.169375722601307954e-01 1.568874744127090604e-01 6.710482031941612524e-01 2.823125511916434460e-01 4.948448446908868537e-01 4.948448446908868537e-01
5.158329806406556362e-01 5.158329806406556362e-01 2.651007991738841829e-01 6.695512823791660573e-01 1.569502867150995851e-01 6.141871443671402808e-01 1.926915863741874846e-01 6.965937513225148869e-01 1.926915858696853778e-01 6.141871445871067703e-01 1.569502866339658187e-01 6.695512821821429927e-01 2.651007994006291391e-01 5.158329804023860099e-01 5.158329804023860099e-01
5.351274682262763260e-01 5.351274682262763260e-01 2.479780154853919449e-01 6.656003529882829062e-01 1.599137169195841701e-01 6.132791065832208233e-01 1.884622368124709846e-01 7.007127855895824986e-01 1.884622362567488496e-01 6.132791068300533777e-01 1.599137167980588803e-01 6.656003526524190139e-01 2.479780156558202275e-01 5.351274679422549641e-01 5.351274679422549641e-01
5.526320820057060157e-01 5.526320820057060157e-01 2.318654812709808888e-01 6.594311488470949723e-01 1.653647591677417372e-01 6.142825631325665725e-01 1.835196705517098681e-01 7.028022091170258445e-01 1.835196699979790846e-01 6.142825634763342535e-01 1.653647592080960127e-01 6.594311485171356901e-01 2.318654814196295932e-01 5.526320817971632771e-01 5.526320817971632771e-01
5.682018548575553663e-01 5.682018548575553663e-01 2.174077152311178485e-01 6.513653339275720100e-01 1.725665916422988166e-01 6.171824705111480514e-01 1.779207141371352829e-01 7.026678761109556026e-01 1.779207136091384145e-01 6.171824708524161762e-01 1.725665915879182610e-01 6.513653335506206510e-01 2.174077153095589909e-01 5.682018546090635835e-01 5.682018546090635835e-01
5.816280830688272951e-01 5.816280830688272951e-01 2.048884356522284733e-01 6.418003472262989728e-01 1.805764379618496895e-01 6.218707395416421813e-01 1.718912961513243687e-01 7.003055129455963979e-01 1.718912956265825631e-01 6.218707399780165623e-01 1.805764380912739941e-01 6.418003468344708473e-01 2.048884357117664035e-01 5.816280828968116712e-01 5.816280828968116712e-01
5.926509585585240103e-01 5.926509585585240103e-01 1.942545833892324603e-01 6.311911654430064633e-01 1.884315995123665433e-01 6.281364637453563660e-01 1.657983191682262936e-01 6.958945401316002366e-01 1.657983186937228570e-01 6.281364642119965369e-01 1.884315996815120187e-01 6.311911650336328172e-01 1.942545833783350107e-01 5.926509584056984803e-01 5.926509584056984803e-01
6.009968867816287696e-01 6.009968867816287696e-01 1.852346518951717425e-01 6.200240127095083542e-01 1.953549743708366537e-01 6.356598489006066721e-01 1.600763372212604674e-01 6.897704352453450927e-01 1.600763368833698075e-01 6.356598493358468493e-01 1.953549744412746425e-01 6.200240123153082372e-01 1.852346517957084715e-01 6.009968866287178635e-01 6.009968866287178635e-01
6.064303053494365381e-01 6.064303053494365381e-01 1.775102622635627014e-01 6.087835467606351747e-01 2.009226250707509820e-01 6.440161127075514358e-01 1.551263344713848524e-01 6.823833932056727614e-01 1.551263341365191062e-01 6.440161132278416911e-01 2.009226253143978069e-01 6.087835463243435052e-01 1.775102621108000656e-01 6.064303052451718301e-01 6.064303052451718301e-01
6.088055020824860719e-01 6.088055020824860719e-01 1.708858144828904746e-01 5.979164750230562264e-01 2.051441059957845869e-01 6.526951503256590570e-01 1.512137767242784925e-01 6.742517188362725511e-01 1.512137765382189358e-01 6.526951508108003175e-01 2.051441061292436085e-01 5.979164745635681122e-01 1.708858142512179046e-01 6.088055019866229767e-01 6.088055019866229767e-01
6.081037383099977545e-01 6.081037383099977545e-01 1.654038455871855162e-01 5.877956501752427121e-01 2.084294263362797550e-01 6.611397779763740212e-01 1.483957279743612356e-01 6.659167764398005174e-01 1.483957277816780884e-01 6.611397785428225760e-01 2.084294266007123975e-01 5.877956496953554710e-01 1.654038453065365677e-01 6.081037382670171354e-01 6.081037382670171354e-01
6.044449302170291638e-01 6.044449302170291638e-01 1.613720209793138571e-01 5.786893221795504916e-01 2.114482390509608289e-01 6.688003784552954967e-01 1.465009025803760134e-01 6.579033180909915624e-01 1.465009024492793799e-01 6.688003790432683893e-01 2.114482393192744780e-01 5.786893216511479476e-01 1.613720206471111474e-01 6.044449301970835631e-01 6.044449301970835631e-01
5.980700819622961628e-01 5.980700819622961628e-01 1.592955345004390399e-01 5.707403070569260217e-01 2.149179334120989715e-01 6.751981415013250665e-01 1.451731983089711298e-01 6.506859144703313058e-01 1.451731982823245559e-01 6.751981420739042727e-01 2.149179335772875565e-01 5.707403064418057337e-01 1.592955341266661384e-01 5.980700819470774476e-01 5.980700819470774476e-01
5.892986292702246942e-01 5.892986292702246942e-01 1.597375101010350962e-01 5.639592330537993581e-01 2.193786129184021050e-01 6.799846412643862914e-01 1.439718837811902463e-01 6.446601998536023448e-01 1.439718837422433451e-01 6.799846418955677319e-01 2.193786131514869342e-01 5.639592324261734069e-01 1.597375097040923952e-01 5.892986293077017157e-01 5.892986293077017157e-01
5.784716242373076911e-01 5.784716242373076911e-01 1.631511609827479004e-01 5.582345909134516226e-01 2.250179995554044132e-01 6.829839613292971734e-01 1.425049676249752206e-01 6.401174620177795260e-01 1.425049676713875391e-01 6.829839619546129725e-01 2.250179996890456779e-01 5.582345901657422838e-01 1.631511605098491247e-01 5.784716242531062758e-01 5.784716242531062758e-01
5.658954271176368511e-01 5.658954271176368511e-01 1.697348771882704610e-01 5.533599466338540163e-01 2.315963212173805519e-01 6.842059027598389465e-01 1.405612002148531325e-01 6.372227607363546431e-01 1.405612002867228094e-01 6.842059034099550185e-01 2.315963213997883630e-01 5.533599458848539321e-01 1.697348767368625500e-01 5.658954272123792872e-01 5.658954272123792872e-01
5.518002952823896079e-01 5.518002952823896079e-01 1.793532618328310124e-01 5.490754884194285479e-01 2.384936558131792728e-01 6.838247131315877692e-01 1.382041632772130768e-01 6.359994978487343298e-01 1.382041634206151448e-01 6.838247137654343000e-01 2.384936559762292907e-01 5.490754876116348271e-01 1.793532613505058881e-01 5.518002953960987611e-01 5.518002953960987611e-01
5.363241330636703275e-01 5.363241330636703275e-01 1.915462907623858291e-01 5.451176027509814226e-01 2.448677359814447341e-01 6.821257883341810269e-01 1.358000707034174859e-01 6.363258912587490546e-01 1.358000709249617133e-01 6.821257889255936124e-01 2.448677360847976714e-01 5.451176018960832703e-01 1.915462901889573022e-01 5.363241331635708598e-01 5.363241331635708598e-01
5.195248774918017620e-01 5.195248774918017620e-01 2.056218577193065777e-01 5.412672674653411509e-01 2.498787057841660997e-01 6.794306805183004672e-01 1.339674241409296584e-01 6.379495948116026272e-01 1.339674244422049965e-01 6.794306810518688788e-01 2.498787059346119777e-01 5.412672665260322979e-01 2.056218571216595903e-01 5.195248776170762195e-01 5.195248776170762195e-01
5.014174317774428014e-01 5.014174317774428014e-01 2.208022459160572382e-01 5.373868073193499573e-01 2.529178368339813909e-01 6.760163043841648234e-01 1.334572587740796568e-01 6.405246171968976832e-01 1.334572591408281772e-01 6.760163048415099851e-01 2.529178369299908136e-01 5.373868064305162839e-01 2.208022452270635427e-01 5.014174318909364603e-01 5.014174318909364603e-01
4.820247451985890663e-01 4.820247451985890663e-01 2.363799468727043607e-01 5.334358491848543160e-01 2.537754787541517398e-01 6.720459880520732732e-01 1.349917486353980900e-01 6.436694956781081611e-01 1.349917491036023431e-01 6.720459884276035467e-01 2.537754788633316272e-01 5.334358482014722735e-01 2.363799461144965863e-01 4.820247453309280949e-01 4.820247453309280949e-01
4.614291844735141646e-01 4.614291844735141646e-01 2.518370568243103458e-01 5.294613721703982367e-01 2.527001827444211868e-01 6.675276032049783925e-01 1.391010375556107070e-01 6.470384597400338222e-01 1.391010380823956560e-01 6.675276034927093427e-01 2.527001828404058514e-01 5.294613711886152485e-01 2.518370559914671070e-01 4.614291846110934459e-01 4.614291846110934459e-01
4.398105468141467744e-01 4.398105468141467744e-01 2.668952062023263738e-01 5.255629512167482309e-01 2.503313354533961976e-01 6.623081919275544127e-01 1.459997360479722284e-01 6.503903981303231774e-01 1.459997365384023138e-01 6.623081920997904160e-01 2.503313355267507423e-01 5.255629503379446454e-01 2.668952053334547325e-01 4.398105469343591700e-01 4.398105469343591700e-01
4.174607036585501474e-01 4.174607036585501474e-01 2.814854063616114010e-01 5.218410740829696470e-01 2.475231502266100336e-01 6.561067131357665172e-01 1.555348672588822700e-01 6.536366647459668222e-01 1.555348677935471380e-01 6.561067132105359301e-01 2.475231502501065717e-01 5.218410731432794325e-01 2.814854054169546593e-01 4.174607038055755392e-01 4.174607038055755392e-01
3.947708529752069206e-01 3.947708529752069206e-01 2.956522478574545310e-01 5.183418319469537128e-01 2.451083532567843726e-01 6.485784922565155375e-01 1.672185888481985683e-01 6.568504581647285345e-01 1.672185892704463051e-01 6.485784922294912658e-01 2.451083533024669414e-01 5.183418311169034620e-01 2.956522469332344416e-01 3.947708530970289176e-01 3.947708530970289176e-01
3.721940568729793508e-01 3.721940568729793508e-01 3.094268576013886052e-01 5.150135300126436055e-01 2.436667290625762483e-01 6.393982637970191396e-01 1.803367276792630092e-01 6.602283872562851874e-01 1.803367280832066655e-01 6.393982636590050950e-01 2.436667290237072847e-01 5.150135291592004005e-01 3.094268566181513913e-01 3.721940570030531914e-01 3.721940570030531914e-01
3.501914479290917370e-01 3.501914479290917370e-01 3.227119410786478682e-01 5.116888349907341427e-01 2.433621818417815996e-01 6.283446094841422802e-01 1.941042075930081712e-01 6.640074008807941297e-01 1.941042078925410141e-01 6.283446092387758863e-01 2.433621817988878555e-01 5.116888342041574500e-01 3.227119401168041524e-01 3.501914480821050057e-01 3.501914480821050057e-01
3.291738873199615556e-01 3.291738873199615556e-01 3.352176228490242882e-01 5.081002066607808176e-01 2.438927622011627938e-01 6.153679733841973531e-01 2.078264479422181066e-01 6.683541007683232449e-01 2.078264480770439238e-01 6.153679730545311699e-01 2.438927622706988374e-01 5.081002059760810763e-01 3.352176219888748920e-01 3.291738874520967473e-01 3.291738874520967473e-01
3.094513221466776431e-01 3.094513221466776431e-01 3.464703427792238388e-01 5.039278572926224609e-01 2.445668796943196166e-01 6.006274855270802293e-01 2.210252523824591253e-01 6.732542074859940717e-01 2.210252524367137816e-01 6.006274850651962538e-01 2.445668796832531355e-01 5.039278566372653589e-01 3.464703418938429591e-01 3.094513223332777119e-01 3.094513223332777119e-01
2.911997873392788705e-01 2.911997873392788705e-01 3.558940064255027291e-01 4.988705366194694513e-01 2.444846397802288851e-01 5.844880893761261742e-01 2.334988325365011663e-01 6.784338024547945656e-01 2.334988324516727998e-01 5.844880888713939182e-01 2.444846399383833191e-01 4.988705360519993248e-01 3.558940056263394380e-01 2.911997874597634373e-01 2.911997874597634373e-01
2.744517458850074809e-01 2.744517458850074809e-01 3.629400529465392489e-01 4.927223972059471824e-01 2.427755114403761239e-01 5.674776800990370962e-01 2.453052662298644271e-01 6.833389571814829644e-01 2.453052660410730557e-01 5.674776794599195595e-01 2.427755115355075266e-01 4.927223966987606674e-01 3.629400521363816967e-01 2.744517460782239238e-01 2.744517460782239238e-01
2.591104627759346357e-01 2.591104627759346357e-01 3.672279085090984774e-01 4.854360354823464285e-01 2.388298050957627372e-01 5.502123010135576697e-01 2.566811393168386690e-01 6.871871554500537105e-01 2.566811390182500707e-01 5.502123003000009005e-01 2.388298052448621922e-01 4.854360350280693126e-01 3.672279077110500722e-01 2.591104629580787133e-01 2.591104629580787133e-01
2.449845350552803391e-01 2.449845350552803391e-01 3.686539139103279239e-01 4.771536658043094570e-01 2.324650086365244728e-01 5.333040419863712689e-01 2.679256721109284922e-01 6.890857649478577818e-01 2.679256717440861024e-01 5.333040412793408347e-01 2.324650089407679920e-01 4.771536653926585769e-01 3.686539131754618115e-01 2.449845351677271132e-01 2.449845351677271132e-01
2.318355166369515108e-01 2.318355166369515108e-01 3.674360653590971193e-01 4.681951535850665258e-01 2.239872497954343844e-01 5.172696283208728651e-01 2.792896179316684546e-01 6.881945505399807983e-01 2.792896174338707072e-01 5.172696275104058383e-01 2.239872500253420884e-01 4.681951532073589384e-01 3.674360645444788576e-01 2.318355167759893476e-01 2.318355167759893476e-01
2.194299778925473676e-01 2.194299778925473676e-01 3.640807776733174794e-01 4.590019030686224299e-01 2.141368959306986786e-01 5.024572720458231334e-01 2.909051480322542016e-01 6.838966205943072252e-01 2.909051474993019637e-01 5.024572712854934453e-01 2.141368962474979876e-01 4.590019027175465949e-01 3.640807769261394378e-01 2.194299779729763644e-01 2.194299779729763644e-01
2.075876959127318511e-01 2.075876959127318511e-01 3.592805378509950631e-01 4.500469716691625766e-01 2.039375938087698015e-01 4.890052911100976618e-01 3.027771471663687763e-01 6.759366593627047504e-01 3.027771465042722321e-01 4.890052902483140729e-01 2.039375940426561562e-01 4.500469712658409782e-01 3.592805369514357472e-01 2.075876959501633534e-01 2.075876959501633534e-01
1.962188769955451884e-01 1.962188769955451884e-01 3.537708374859757088e-01 4.417310827158245079e-01 1.944909360623473527e-01 4.768394874018591634e-01 3.148355210608745347e-01 6.644930279568439513e-01 3.148355203087631615e-01 4.768394865545868555e-01 1.944909362753845516e-01 4.417310823198537517e-01 3.537708365824790979e-01 1.962188770072288424e-01 1.962188770072288424e-01
1.853454493567972539e-01 1.853454493567972539e-01 3.481854266140574361e-01 4.342888917822908534e-01 1.867691852311025302e-01 4.657084813502858633e-01 3.270249365008855991e-01 6.501636424177544837e-01 3.270249357553095537e-01 4.657084806595672144e-01 1.867691854440280963e-01 4.342888914540204981e-01 3.481854258473039976e-01 1.853454493499112066e-01 1.853454493499112066e-01
1.751036301092593894e-01 1.751036301092593894e-01 3.429477316350801330e-01 4.277282912692593753e-01 1.814538400863650591e-01 4.552486818477515795e-01 3.393934698437715003e-01 6.338656691856545677e-01 3.393934690477636851e-01 4.552486812084010626e-01 1.814538402580593290e-01 4.277282909382928433e-01 3.429477308829121940e-01 1.751036300674362334e-01 1.751036300674362334e-01
1.657270936116986837e-01 1.657270936116986837e-01 3.382240207600262227e-01 4.218180491953463784e-01 1.788510482448088523e-01 4.450647367597543869e-01 3.521387333972065825e-01 6.166687119542483275e-01 3.521387324501434879e-01 4.450647360452484325e-01 1.788510483400506113e-01 4.218180488147962870e-01 3.382240199571509565e-01 1.657270935669625800e-01 1.657270935669625800e-01
1.575121007309063792e-01 1.575121007309063792e-01 3.339447024364632366e-01 4.161276949285260818e-01 1.788918395444781262e-01 4.348084278430278116e-01 3.655815304954091460e-01 5.995963721879820074e-01 3.655815295196123138e-01 4.348084271818724034e-01 1.788918396038558511e-01 4.161276945469536415e-01 3.339447016997736384e-01 1.575121006673190771e-01 1.575121006673190771e-01
1.507680151920501865e-01 1.507680151920501865e-01 3.298801424297270746e-01 4.101114272031341490e-01 1.812031527483520255e-01 4.242398852742793602e-01 3.800603439179046084e-01 5.834384216913122145e-01 3.800603429367381825e-01 4.242398846635377363e-01 1.812031527719487611e-01 4.101114268226132564e-01 3.298801417689426474e-01 1.507680151074735075e-01 1.507680151074735075e-01
1.457588096320687199e-01 1.457588096320687199e-01 3.257427396666935371e-01 4.032180934658788352e-01 1.852208958924657090e-01 4.132597661776804543e-01 3.957684106510617195e-01 5.686138628267283224e-01 3.957684098743576850e-01 4.132597657539725522e-01 1.852208959512231523e-01 4.032180931197782425e-01 3.257427391280669493e-01 1.457588094411303992e-01 1.457588094411303992e-01
1.426433103766947541e-01 1.426433103766947541e-01 3.212819614725132000e-01 3.950041768578854695e-01 1.903121389312390499e-01 4.019087011924440955e-01 4.125799053480940226e-01 5.551144254223628893e-01 4.125799046299986617e-01 4.019087008079951229e-01 1.903121389507318462e-01 3.950041765163015972e-01 3.212819610132627846e-01 1.426433101507085244e-01 1.426433101507085244e-01
1.414236444102713319e-01 1.414236444102713319e-01 3.163446830819526268e-01 3.852269542245241318e-01 1.958795634828667254e-01 3.903388928366184896e-01 4.299242560473708896e-01 5.425409393807233416e-01 4.299242551952705549e-01 3.903388923504677033e-01 1.958795633622735233e-01 3.852269538802514104e-01 3.163446826721682537e-01 1.414236442393422277e-01 1.414236442393422277e-01
1.419120002630275268e-01 1.419120002630275268e-01 3.108872097384670075e-01 3.738999027737091030e-01 2.014338414451083414e-01 3.787698055108532635e-01 4.467623617601517161e-01 5.302252583589226465e-01 4.467623609881003488e-01 3.787698050644053294e-01 2.014338412465718209e-01 3.738999024586499020e-01 3.108872094038522826e-01 1.419120000515045055e-01 1.419120000515045055e-01
1.437247632612971282e-01 1.437247632612971282e-01 3.049429323642087186e-01 3.613005056926845149e-01 2.066333346881183974e-01 3.674432199552407630e-01 4.616950731859031931e-01 5.174123055561886675e-01 4.616950725079660423e-01 3.674432195531651679e-01 2.066333343913070442e-01 3.613005054161432250e-01 3.049429320968012336e-01 1.437247630035988766e-01 1.437247630035988766e-01
1.463099272491387159e-01 1.463099272491387159e-01 2.985648929349489222e-01 3.479300152518233213e-01 2.113003708998060781e-01 3.565914145741173602e-01 4.731980575914444542e-01 5.034642838953764521e-01 4.731980572008785968e-01 3.565914143423832838e-01 2.113003705361190532e-01 3.479300150042154427e-01 2.985648927888701620e-01 1.463099269014084269e-01 1.463099269014084269e-01
1.490084883417099881e-01 1.490084883417099881e-01 2.917707027844171352e-01 3.344337322581215077e-01 2.154263504030454190e-01 3.464262858498523556e-01 4.799379462532772367e-01 4.880446866821547824e-01 4.799379459682551197e-01 3.464262856755733200e-01 2.154263499034094753e-01 3.344337320514059742e-01 2.917707026939278525e-01 1.490084879605176882e-01 1.490084879605176882e-01
1.511439814962189931e-01 1.511439814962189931e-01 2.845157218063006921e-01 3.214974380278527999e-01 2.191739791024754358e-01 3.371487130363793883e-01 4.810941312442323370e-01 4.712440347775805338e-01 4.810941309349350270e-01 3.371487128263596644e-01 2.191739784243377787e-01 3.214974379036684704e-01 2.845157216839725445e-01 1.511439810724297117e-01 1.511439810724297117e-01
1.521276516548668023e-01 1.521276516548668023e-01 2.767097463610559416e-01 3.097395560039025164e-01 2.228766497834450133e-01 3.289692594670642900e-01 4.765988582756419678e-01 4.536208839194457720e-01 4.765988580949744868e-01 3.289692593698864131e-01 2.228766489873416634e-01 3.097395559515129793e-01 2.767097462801970664e-01 1.521276511751856186e-01 1.521276511751856186e-01
1.515615310138916372e-01 1.515615310138916372e-01 2.682761410507257249e-01 2.996186813557498718e-01 2.270266605043043118e-01 3.221262648712775456e-01 4.672206870275631974e-01 4.361479074761787089e-01 4.672206869911790794e-01 3.221262648992334610e-01 2.270266596105556256e-01 2.996186813746780642e-01 2.682761410043997818e-01 1.515615304796183449e-01 1.515615304796183449e-01
1.493194293329290767e-01 1.493194293329290767e-01 2.592356935997064404e-01 2.913722842707363592e-01 2.322397927069336232e-01 3.168874823882461556e-01 4.544516113169470017e-01 4.200706407410389476e-01 4.544516115305228254e-01 3.168874826599511474e-01 2.322397918163346398e-01 2.913722843105560067e-01 2.592356936525485600e-01 1.493194287942184451e-01 1.493194287942184451e-01
1.455875744670528382e-01 1.455875744670528382e-01 2.497859850021634243e-01 2.849955593215988681e-01 2.391863717520901766e-01 3.135269296666458594e-01 4.402079897916157947e-01 4.067028717858335307e-01 4.402079901640613691e-01 3.135269300634858647e-01 2.391863708473670469e-01 2.849955594179756080e-01 2.497859850643126545e-01 1.455875738800031516e-01 1.455875738800031516e-01
1.408525828534371582e-01 1.408525828534371582e-01 2.403447597396590751e-01 2.802612467769315385e-01 2.484882382701067982e-01 3.122779119186375740e-01 4.264068674284837157e-01 3.971952325913099546e-01 4.264068678900272968e-01 3.122779123044535643e-01 2.484882372699539488e-01 2.802612469638097181e-01 2.403447597613425080e-01 1.408525821776607789e-01 1.408525821776607789e-01
1.358337967922950695e-01 1.358337967922950695e-01 2.315338925262216963e-01 2.767737834314482059e-01 2.605942627622239716e-01 3.132731368977884623e-01 4.145177738552141555e-01 3.923202321033573692e-01 4.145177744757297944e-01 3.132731373597240077e-01 2.605942617898603375e-01 2.767737836476740765e-01 2.315338925641452494e-01 1.358337960825973245e-01 1.358337960825973245e-01
1.313680788051687087e-01 1.313680788051687087e-01 2.240970748528864354e-01 2.740459899053508397e-01 2.756594514793847539e-01 3.164899229827525806e-01 4.052038542975793800e-01 3.923161650335119655e-01 4.052038550540340012e-01 3.164899234825583330e-01 2.756594505566292153e-01 2.740459901333138770e-01 2.240970749087000113e-01 1.313680780713659124e-01 1.313680780713659124e-01
