-3.989855025476884975e-06 -2.883490357152851402e-06 9.999979676968451248e-01 9.999983758988213456e-01 1.000002676588077399e+00 -6.137276665763025107e-07 -1.320761612966236953e-06
5.434688551568650494e-02 5.435463726856332167e-02 8.972031734608638676e-01 9.456516889047127394e-01 8.972064280062537200e-01 5.434921293146399712e-02 5.434379216160817316e-02
2.055728175937128754e-01 2.055829607451618024e-01 6.733569841336702888e-01 7.944191794001501661e-01 6.733707054237293432e-01 2.055858080230983931e-01 2.055767607252748097e-01
4.208292356684477098e-01 4.208211351669425282e-01 5.125385828352213569e-01 5.791897805699914858e-01 5.125418639798402509e-01 4.208248492277858466e-01 4.208115231738326356e-01
6.532763124444742608e-01 6.532744205042019248e-01 5.469839389576303113e-01 3.467305871434166464e-01 5.469914531662876112e-01 6.532686035387671453e-01 6.532593484015946084e-01
8.524057190998830524e-01 8.524049467288081772e-01 7.483824973151486093e-01 1.476052821632798384e-01 7.483769917010173467e-01 8.523964983540778251e-01 8.524006478878907167e-01
9.749317060848621264e-01 9.749267734311072298e-01 9.511010478378727484e-01 2.507627418717228718e-02 9.510891319009162626e-01 9.749212853268481860e-01 9.749192434564553089e-01
9.941927269362473840e-01 9.941900573587980627e-01 9.884608058474272374e-01 5.811878196766262494e-03 9.884487735648908036e-01 9.941967277837231443e-01 9.941912950345679345e-01
9.060382164432414509e-01 9.060365050015282140e-01 8.297215543140505911e-01 9.396604695930327322e-02 8.297273612305369195e-01 9.060365156317866653e-01 9.060253923009069510e-01
7.296010449484455762e-01 7.295994874815121545e-01 6.054407467465203752e-01 2.703951716986812692e-01 6.054341207697210292e-01 7.296075441028598840e-01 7.296041739849865593e-01
5.032626970203514238e-01 5.032527138138006562e-01 5.000190381632840797e-01 4.967496560819179008e-01 5.000169918197399088e-01 5.032532368695425973e-01 5.032589840865067110e-01
2.761947027417128719e-01 2.761975571983045219e-01 6.001861779673340891e-01 7.237942941667558916e-01 6.001801667587579603e-01 2.762120365635112318e-01 2.761965582445390921e-01
9.779286452028479459e-02 9.779441038166836186e-02 8.235279133524644468e-01 9.022173972951501586e-01 8.235326188078084808e-01 9.779776775041343351e-02 9.779763549578990300e-02
6.838003267074677094e-03 6.837186727353117277e-03 9.864293181223736662e-01 9.931656702437035023e-01 9.864264555862782835e-01 6.842055942981539740e-03 6.836161086124947772e-03
2.308327495015993769e-02 2.308345218409457722e-02 9.549026353512026777e-01 9.769158452177237884e-01 9.548970445606744795e-01 2.307847000253882008e-02 2.307796653036114920e-02
1.430163743500418305e-01 1.430124275070192574e-01 7.548860492575775183e-01 8.569929582877910956e-01 7.548774079827014205e-01 1.430150663466060457e-01 1.430101990950927715e-01
3.405461292723941380e-01 3.405439544815123121e-01 5.508534750396169022e-01 6.594567556024695243e-01 5.508529579695193856e-01 3.405484823572467734e-01 3.405491287132590972e-01
5.727371557959441972e-01 5.727504119052753140e-01 5.105847320936101053e-01 4.272498079551770300e-01 5.105762094831519660e-01 5.727475493277245366e-01 5.727623441399729565e-01
7.891297005505040207e-01 7.891370876332585160e-01 6.672011337048344704e-01 2.108692218284375364e-01 6.671952519673567394e-01 7.891387367742557224e-01 7.891311431802536802e-01
9.426742713880095215e-01 9.426612108227740983e-01 8.919018150707944681e-01 5.733696257728310153e-02 8.919007908016095554e-01 9.426680264891764693e-01 9.426592847051953328e-01
9.999534602176116671e-01 9.999552231136297209e-01 9.999175414278942409e-01 4.305962259482098986e-05 9.999198064875527425e-01 9.999597758669018788e-01 9.999515102334668448e-01
9.485675824626267350e-01 9.485708566239667849e-01 9.024100234879730564e-01 5.144127356515693084e-02 9.024140739645696296e-01 9.485543874859823088e-01 9.485607198570535914e-01
7.996479411589005881e-01 7.996566581114555872e-01 6.795919038233230181e-01 2.003472728969903915e-01 6.795861720273870255e-01 7.996559624740526839e-01 7.996495793683365827e-01
5.855978478168593071e-01 5.855958424122240658e-01 5.146631900080413935e-01 4.143958356316355673e-01 5.146564750451821935e-01 5.856037953210488922e-01 5.855974573661221205e-01
3.529422594324649332e-01 3.529350357767642166e-01 5.432544398865709612e-01 6.470658798898439867e-01 5.432566970469384637e-01 3.529319448847778040e-01 3.529336018569522171e-01
1.522540317423212719e-01 1.522481985857749853e-01 7.418752115423404847e-01 8.477555036139987621e-01 7.418707470312863039e-01 1.522413632101136671e-01 1.522366501694233376e-01
2.715875354390995255e-02 2.716236571211017026e-02 9.471598162487504524e-01 9.728472942749109009e-01 9.471672999855988984e-01 2.715650612230641192e-02 2.715865525441685246e-02
4.863458581895407917e-03 4.858088293867246499e-03 9.903381318488421181e-01 9.951487405361774119e-01 9.903307919633363987e-01 4.857079218465565340e-03 4.862242496296409477e-03
9.020768645702470501e-02 9.020956105756905430e-02 8.358562774916016291e-01 9.098001787382974381e-01 8.358610923969963524e-01 9.020101740471664353e-02 9.020308898882201110e-02
2.646447686763336860e-01 2.646338816286988860e-01 6.107790823430078175e-01 7.353537869707116315e-01 6.107853039971689046e-01 2.646437242922922706e-01 2.646394432412939035e-01
4.902442301346600639e-01 4.902352845455294483e-01 5.001867596622681100e-01 5.097548473441139150e-01 5.001913944760433273e-01 4.902424319526690888e-01 4.902340223678967046e-01
7.179657341504006585e-01 7.179553174379895708e-01 5.950140957971977729e-01 2.820284330708494047e-01 5.950198154835073527e-01 7.179682375015947748e-01 7.179564601355692410e-01
8.983038984660791648e-01 8.983059225381164747e-01 8.172882960590118762e-01 1.016984770162074891e-01 8.172803360306684084e-01 8.983014370258044501e-01 8.982947497190569841e-01
9.920486845530591680e-01 9.920471042709930742e-01 9.842238630562297752e-01 7.946956080795930522e-03 9.842258433981327936e-01 9.920529775346150769e-01 9.920647251601242278e-01
