0.000000000000000000e+00 0.000000000000000000e+00 0.000000000000000000e+00 0.000000000000000000e+00 0.000000000000000000e+00 0.000000000000000000e+00 0.000000000000000000e+00 0.000000000000000000e+00 0.000000000000000000e+00 0.000000000000000000e+00 1.000000000000000000e+00 1.000000000000000000e+00 1.000000000000000000e+00 0.000000000000000000e+00 0.000000000000000000e+00 0.000000000000000000e+00 0.000000000000000000e+00 0.000000000000000000e+00 0.000000000000000000e+00 0.000000000000000000e+00 0.000000000000000000e+00 0.000000000000000000e+00 0.000000000000000000e+00
4.150164285498766925e-01 4.150164285498766925e-01 4.855555851671639056e-01 4.150164285498764150e-01 4.855555851671638501e-01 4.150164285498764150e-01 4.855555851671638501e-01 4.150164285498763039e-01 4.855555851671639611e-01 4.150164285498766925e-01 5.144444148328360944e-01 5.849835714501239181e-01 5.144444148328362054e-01 4.150164285498764705e-01 4.855555851671638501e-01 4.150164285498765260e-01 4.855555851671639056e-01 4.150164285498764150e-01 4.855555851671638501e-01 4.150164285498764150e-01 4.855555851671640166e-01 4.150164285498761374e-01 4.150164285498761374e-01
5.227882350069688044e-01 5.227882350069688044e-01 3.295952168347613398e-01 5.639185093351816169e-01 4.007705219948336506e-01 5.639185093351811728e-01 4.007705219948333730e-01 5.639185093351801736e-01 4.299198819500050228e-01 5.807631321822737114e-01 5.823848551580751431e-01 4.360814906648186606e-01 5.823848551580759203e-01 5.807631321822733783e-01 4.299198819500047453e-01 5.639185093351818390e-01 4.007705219948333175e-01 5.639185093351815059e-01 4.007705219948331510e-01 5.639185093351813949e-01 3.295952168347612843e-01 5.227882350069683604e-01 5.227882350069683604e-01
5.003121427101144825e-01 5.003121427101144825e-01 4.554532336173513496e-01 5.754072626472468421e-01 3.058176048408762782e-01 5.285211459692857883e-01 3.867694079647255867e-01 5.093192572068138135e-01 4.877390291160997871e-01 4.870546309061891121e-01 4.969962874269686637e-01 5.016614272589187129e-01 4.969962874307520817e-01 4.870546308982328099e-01 4.877390291164613312e-01 5.093192572038711674e-01 3.867694079655962791e-01 5.285211459656018462e-01 3.058176048441436645e-01 5.754072626547843683e-01 4.554532336219629385e-01 5.003121427063569326e-01 5.003121427063569326e-01
5.221649282089720900e-01 5.221649282089720900e-01 4.264694985071343369e-01 5.700330221207897674e-01 4.699921285665530357e-01 4.917658551302317993e-01 4.021841804869674131e-01 5.007270371231983264e-01 4.591347109594960951e-01 4.990208136638451530e-01 4.328621912286321760e-01 5.033068312458445215e-01 4.328621912275856798e-01 4.990208136542669259e-01 4.591347109537453064e-01 5.007270371264271880e-01 4.021841804856703950e-01 4.917658551193982985e-01 4.699921285717708619e-01 5.700330221231206806e-01 4.264694985025648810e-01 5.221649281969591438e-01 5.221649281969591438e-01
5.155092616502611191e-01 5.155092616502611191e-01 4.426344691195130410e-01 5.524056200907463410e-01 4.729058126157635322e-01 5.106025389203711073e-01 5.269211553813004656e-01 5.084414225045477131e-01 3.800425788012428696e-01 4.975271961920423869e-01 4.186852231826020954e-01 4.979853007739981074e-01 4.186852231770626931e-01 4.975271961953169897e-01 3.800425788118103609e-01 5.084414224974461716e-01 5.269211553667193515e-01 5.106025389148850513e-01 4.729058126168325660e-01 5.524056200776954473e-01 4.426344691152981348e-01 5.155092616560115193e-01 5.155092616560115193e-01
5.430610177683726780e-01 5.430610177683726780e-01 5.044962019444917400e-01 5.224137801664244796e-01 4.817686966452556785e-01 5.183525446614992704e-01 4.332806531912521408e-01 5.125362779920996648e-01 4.903607719417433231e-01 4.971623808532902866e-01 3.820684051195272213e-01 4.909783368712402063e-01 3.820684051245492041e-01 4.971623808549645029e-01 4.903607719311350310e-01 5.125362779945306091e-01 4.332806531871319367e-01 5.183525446620337318e-01 4.817686966430115292e-01 5.224137801641696166e-01 5.044962019513865581e-01 5.430610177764016999e-01 5.430610177764016999e-01
4.798141271962459431e-01 4.798141271962459431e-01 4.441020024017574008e-01 5.098266728639190282e-01 4.477853234702303675e-01 5.139326604392777664e-01 4.434518109679631559e-01 5.142865047801915557e-01 4.156973084314743438e-01 5.041675664197349249e-01 4.497737938464701490e-01 4.922809562243060655e-01 4.497737938478115205e-01 5.041675664172792226e-01 4.156973084327495460e-01 5.142865047715967641e-01 4.434518109689014054e-01 5.139326604404156340e-01 4.477853234572784502e-01 5.098266728715378227e-01 4.441020023998732968e-01 4.798141271796141361e-01 4.798141271796141361e-01
4.448020570907836868e-01 4.448020570907836868e-01 4.754324128967207796e-01 5.217979227346551951e-01 3.876917691190962523e-01 5.129138212733654889e-01 4.258301069869955824e-01 5.021009358546091317e-01 4.012211880600519698e-01 5.146454215428635237e-01 4.517836315255824298e-01 5.312264867784141087e-01 4.517836315267832470e-01 5.146454215294276047e-01 4.012211880561561417e-01 5.021009358539109124e-01 4.258301069839270925e-01 5.129138212650609097e-01 3.876917691271467570e-01 5.217979227213328519e-01 4.754324128782492775e-01 4.448020570635884408e-01 4.448020570635884408e-01
5.306529281036508339e-01 5.306529281036508339e-01 4.934688815434574716e-01 4.837630970444231071e-01 4.374547721052717275e-01 5.064498635486499589e-01 3.738066709804076515e-01 5.082554518386663833e-01 4.600213253910934164e-01 5.312174247792361692e-01 3.970537692565498933e-01 5.576819888320071472e-01 3.970537692577014166e-01 5.312174247858132414e-01 4.600213253820830128e-01 5.082554518290773871e-01 3.738066709863664405e-01 5.064498635492817868e-01 4.374547721119833588e-01 4.837630970249856555e-01 4.934688815269062112e-01 5.306529281136430631e-01 5.306529281136430631e-01
