0.000000000000000000e+00 0.000000000000000000e+00 0.000000000000000000e+00 0.000000000000000000e+00 0.000000000000000000e+00 0.000000000000000000e+00 0.000000000000000000e+00 0.000000000000000000e+00 0.000000000000000000e+00 0.000000000000000000e+00 1.000000000000000000e+00 1.000000000000000000e+00 1.000000000000000000e+00 0.000000000000000000e+00 0.000000000000000000e+00 0.000000000000000000e+00 0.000000000000000000e+00 0.000000000000000000e+00 0.000000000000000000e+00 0.000000000000000000e+00 0.000000000000000000e+00 0.000000000000000000e+00 0.000000000000000000e+00
7.637244449329350093e-02 7.637244449329350093e-02 1.410793884308235713e-01 7.637244449329388951e-02 1.410793884308237933e-01 7.637244449329388951e-02 1.410793884308236268e-01 7.637244449329377849e-02 1.410793884308235713e-01 7.637244449329377849e-02 8.589206115691764287e-01 9.236275555067063880e-01 8.589206115691763177e-01 7.637244449329388951e-02 1.410793884308236823e-01 7.637244449329377849e-02 1.410793884308236268e-01 7.637244449329388951e-02 1.410793884308236268e-01 7.637244449329383400e-02 1.410793884308235713e-01 7.637244449329372298e-02 7.637244449329372298e-02
1.428349721700157282e-01 1.428349721700157282e-01 2.006872004995681746e-01 1.526535144901665086e-01 2.102670365348605075e-01 1.526535144901628449e-01 2.102670365348385806e-01 1.526535144901296492e-01 3.165431299272594146e-01 2.615777504321039615e-01 6.808087275226563095e-01 8.473464855091996650e-01 6.808087275238461356e-01 2.615777504320899727e-01 3.165431299110679775e-01 1.526535145063532828e-01 2.102670365495748483e-01 1.526535144903465313e-01 2.102670365350395865e-01 1.526535144901665642e-01 2.006872004995683967e-01 1.428349721700162278e-01 1.428349721700162278e-01
1.115506943451856636e-01 1.115506943451856636e-01 1.049137054997510421e-01 1.625272678139647597e-01 1.482687348716646980e-01 1.638244274489236707e-01 1.665367542424692759e-01 1.782148482285921265e-01 3.962222030117977245e-01 4.339779222570427364e-01 5.799425169104930333e-01 8.128740430763199409e-01 5.799425168967544675e-01 4.339779222718372909e-01 3.962222030783419946e-01 1.782148482515813481e-01 1.665367542642421372e-01 1.638244274093942909e-01 1.482687348559463825e-01 1.625272677980267311e-01 1.049137054762956378e-01 1.115506943387447603e-01 1.115506943387447603e-01
1.070660825417042439e-01 1.070660825417042439e-01 1.119581200269994525e-01 1.658887810315344269e-01 1.441267185919042904e-01 1.834358261151025071e-01 2.446660169553815933e-01 2.641518490855829793e-01 4.734335764076140207e-01 5.675074694679012044e-01 4.355785755799596592e-01 7.078641973455350733e-01 4.355785755927721326e-01 5.675074697021125214e-01 4.734335760827529382e-01 2.641518493628441933e-01 2.446660170488005881e-01 1.834358260962823395e-01 1.441267186699195513e-01 1.658887810333483648e-01 1.119581201606720811e-01 1.070660823752038193e-01 1.070660823752038193e-01
1.305444200017055745e-01 1.305444200017055745e-01 1.030221513674631217e-01 1.521124756304121917e-01 1.250260965307567473e-01 2.139603702770135896e-01 3.137795036545927840e-01 3.897034241977124225e-01 4.580291140174640452e-01 6.660520211389719947e-01 3.378836035661032522e-01 6.009577812670117147e-01 3.378836045662672039e-01 6.660520150865552047e-01 4.580291111899214007e-01 3.897034219585490122e-01 3.137795059698700317e-01 2.139603703449599048e-01 1.250260967855598704e-01 1.521124756909600362e-01 1.030221514829708362e-01 1.305444198998252370e-01 1.305444198998252370e-01
1.386922559713194003e-01 1.386922559713194003e-01 1.090378438856371979e-01 1.742953051269532927e-01 1.855855494076019130e-01 2.819578260983103268e-01 3.671699968686325533e-01 5.098856663574387049e-01 3.619487985863079627e-01 6.641975589880094732e-01 3.056576040483224288e-01 5.688523430706925454e-01 3.056576062876927846e-01 6.641975443872509821e-01 3.619487958343723388e-01 5.098856786010126374e-01 3.671700039207669297e-01 2.819578249270660586e-01 1.855855493877738849e-01 1.742953051938642695e-01 1.090378439317468695e-01 1.386922560735247001e-01 1.386922560735247001e-01
1.390681846464950633e-01 1.390681846464950633e-01 1.725467620806284130e-01 2.338342755410299789e-01 2.627172494437873818e-01 3.894384842043128181e-01 3.690436978642630539e-01 5.997470656004498801e-01 2.738069536863753095e-01 6.011100150667985087e-01 2.860655503552398393e-01 6.032872915209203102e-01 2.860655497405981684e-01 6.011100182671877956e-01 2.738069528852745127e-01 5.997471100723851256e-01 3.690436998651998035e-01 3.894384788728721958e-01 2.627172506391142193e-01 2.338342752330717644e-01 1.725467616112712488e-01 1.390681849004416493e-01 1.390681849004416493e-01
1.462290427210267696e-01 1.462290427210267696e-01 2.304024323290894682e-01 3.027359530529490361e-01 3.228460639781120523e-01 4.991576971387067796e-01 3.056287592008637977e-01 6.221811055875797747e-01 2.230363077785070258e-01 5.625206657160445323e-01 2.748982587719835946e-01 6.302144559730203932e-01 2.748982517480855758e-01 5.625206999507702532e-01 2.230362958364042747e-01 6.221811292410110994e-01 3.056287442824945355e-01 4.991576927184372958e-01 3.228460658479435641e-01 3.027359495250324106e-01 2.304024277791305031e-01 1.462290430907235428e-01 1.462290430907235428e-01
1.827434235277152208e-01 1.827434235277152208e-01 2.947614826698247148e-01 3.872795694783901510e-01 3.618053800900486450e-01 5.681628351398411159e-01 2.375763159662708790e-01 5.895818975483120283e-01 2.261105050444277564e-01 5.709505696261272245e-01 2.486712860712274598e-01 6.088928222938164714e-01 2.486712740228155250e-01 5.709506144854815668e-01 2.261104934900571850e-01 5.895818696108843238e-01 2.375762998037863616e-01 5.681628330991366216e-01 3.618053645530180384e-01 3.872795547539054084e-01 2.947614731413094047e-01 1.827434242713861789e-01 1.827434242713861789e-01
2.480930794175348897e-01 2.480930794175348897e-01 3.381469134951240463e-01 4.770191341003716112e-01 3.097994891557800390e-01 5.886337348329522268e-01 2.023000117573929280e-01 5.584201297185754642e-01 2.406271070571442960e-01 5.947760687911339827e-01 2.190470784765746193e-01 5.789582284148182545e-01 2.190470527576756643e-01 5.947761063635117473e-01 2.406271142040745104e-01 5.584201061538083266e-01 2.023000083751287370e-01 5.886337052757089072e-01 3.097994698353356835e-01 4.770191103911622377e-01 3.381469227569945390e-01 2.480930812314930400e-01 2.480930812314930400e-01
3.281380761804504331e-01 3.281380761804504331e-01 3.383214488585887247e-01 5.516126110998812448e-01 2.512150067953395904e-01 5.763835177423659584e-01 2.188593575229008659e-01 5.542963021912100663e-01 2.277724941554898352e-01 5.940382338788844363e-01 2.066584372632988553e-01 5.677899041292922000e-01 2.066583980351727190e-01 5.940382561885921842e-01 2.277724951436217449e-01 5.542963010640256094e-01 2.188593651284891362e-01 5.763834807119212478e-01 2.512150382351628908e-01 5.516126367357445659e-01 3.383214844458521942e-01 3.281380759605799780e-01 3.281380759605799780e-01
4.179867977722481198e-01 4.179867977722481198e-01 3.038682523088176435e-01 5.881093551946480202e-01 2.100579642018067794e-01 5.586423247384312285e-01 2.256501551494508595e-01 5.658973185893142466e-01 2.146219674528255239e-01 5.783911978981711721e-01 1.986956520086151645e-01 5.735419016724530028e-01 1.986956398616517849e-01 5.783912077140120900e-01 2.146219610674464651e-01 5.658973128308649736e-01 2.256501486991736583e-01 5.586423543390244273e-01 2.100579785329090843e-01 5.881094251484209057e-01 3.038682588843471533e-01 4.179867949813020900e-01 4.179867949813020900e-01
4.957812193761336750e-01 4.957812193761336750e-01 2.509109821642019900e-01 5.838895125301046818e-01 2.020454539226327340e-01 5.552109986249249562e-01 2.299279521994311848e-01 5.766904371557133313e-01 2.066893256175307281e-01 5.673406311360567056e-01 1.904613170845473880e-01 5.744041764881566703e-01 1.904613348916633919e-01 5.673406512029559590e-01 2.066893354888460488e-01 5.766904428475045918e-01 2.299279250979036071e-01 5.552110705327770734e-01 2.020454030292088143e-01 5.838895188777871725e-01 2.509109738330648209e-01 4.957812228929507348e-01 4.957812228929507348e-01
5.267037575140739447e-01 5.267037575140739447e-01 2.016548736390992858e-01 5.529306756137188916e-01 2.450561292350248999e-01 5.670476934470241037e-01 2.233347954168489746e-01 5.839475234057971420e-01 1.890539356316894848e-01 5.615455580945325487e-01 1.887973391211525964e-01 5.687160774861377277e-01 1.887973297945825246e-01 5.615455582566187820e-01 1.890539275581585299e-01 5.839475620929995836e-01 2.233347896822384659e-01 5.670477282270752761e-01 2.450561296414802692e-01 5.529306754295375548e-01 2.016548965043021835e-01 5.267037583023653768e-01 5.267037583023653768e-01
5.047292783037167219e-01 5.047292783037167219e-01 1.988620907686086681e-01 5.117838288641368694e-01 2.986786204912649789e-01 5.874504570839953477e-01 1.942483299803148267e-01 5.836764255105966193e-01 1.931611781408161255e-01 5.599923940287385715e-01 1.815559823608333678e-01 5.678141989172970083e-01 1.815559867798950400e-01 5.599923720734679700e-01 1.931611475119140442e-01 5.836764915524227382e-01 1.942483151291538590e-01 5.874504451681533679e-01 2.986786328582263228e-01 5.117838844046844748e-01 1.988620799347763923e-01 5.047292702876571280e-01 5.047292702876571280e-01
4.397766904471667182e-01 4.397766904471667182e-01 2.370551173733765893e-01 4.672532710331492312e-01 3.321543807999714493e-01 6.027375695388695886e-01 1.916446911927300878e-01 5.712738088004595260e-01 1.990328431797309117e-01 5.692181574961368007e-01 1.739433602491809450e-01 5.629198297434855336e-01 1.739434210865486996e-01 5.692181735636283602e-01 1.990328245610712421e-01 5.712738719120874498e-01 1.916446594255135083e-01 6.027375850582005201e-01 3.321543668148494444e-01 4.672533195525269689e-01 2.370551122965471325e-01 4.397767053646877145e-01 4.397767053646877145e-01
3.507301225638877473e-01 3.507301225638877473e-01 2.723532048547416817e-01 4.333147056238243477e-01 3.290346054577866775e-01 5.907012568331471147e-01 2.173215718982038358e-01 5.590733270975152269e-01 1.834099708937256823e-01 5.857417623817668950e-01 1.823528181625222455e-01 5.611223284096340524e-01 1.823528327869878840e-01 5.857417981937955709e-01 1.834099325653621437e-01 5.590733587779651570e-01 2.173215822134457742e-01 5.907013206255999904e-01 3.290346383293897281e-01 4.333147858853861889e-01 2.723532307469108682e-01 3.507301427773180658e-01 3.507301427773180658e-01
2.769914493014731249e-01 2.769914493014731249e-01 3.065791799959978747e-01 4.125136654109142209e-01 3.011648924483636414e-01 5.327235687655595964e-01 2.606813616709164894e-01 5.634331033561336133e-01 1.795871204783712760e-01 5.854243252553894550e-01 1.927603385586389995e-01 5.784559095175231258e-01 1.927603001006150119e-01 5.854243346204239806e-01 1.795870546452528749e-01 5.634331277866887477e-01 2.606813615261481254e-01 5.327236186634717319e-01 3.011648894022949663e-01 4.125137675659021341e-01 3.065791359964462615e-01 2.769914426608013347e-01 2.769914426608013347e-01
2.372929164767457744e-01 2.372929164767457744e-01 3.152379031493868222e-01 3.871374335813365652e-01 2.451244670511847912e-01 4.570389684935624031e-01 3.053805505374836970e-01 5.764483142469323251e-01 1.804381040639447820e-01 5.681343075482283567e-01 2.038867796083514983e-01 6.002982937207715919e-01 2.038867727389388484e-01 5.681342764414262225e-01 1.804380610366923543e-01 5.764483747935602587e-01 3.053805470232595631e-01 4.570390304722304897e-01 2.451244483090667670e-01 3.871374823032649459e-01 3.152378676118797740e-01 2.372929264151242279e-01 2.372929264151242279e-01
