-1.285315007537590759e-06 1.036511593943689746e-06 -6.668640310403262106e-06 1.056594171877645039e-06 1.409770469418258898e-06 -3.520642945398222423e-06 9.999958341952113194e-01 1.000006313359143029e+00 1.000003069801281841e+00 3.572051392009001347e-06 -2.240636730044265335e-06 -1.498415045042555960e-06 2.242609575264786770e-07 2.158162023480070246e-06 -1.242084732289150395e-06
2.118925034843843758e-03 2.122746525840824017e-03 4.233461450520614733e-03 2.118031032365408350e-03 4.224755170705307705e-03 2.114006220393649382e-03 9.957714784428297605e-01 9.978871156092972150e-01 9.957835805086507897e-01 2.114558309604996911e-03 4.233372458412210104e-03 2.116018548501796825e-03 4.222945959613810807e-03 2.117129650831939269e-03 2.123688274410340249e-03
7.085626395592681259e-03 7.096908400331503053e-03 1.405657151449923870e-02 7.082812598075027832e-03 1.512955369035245967e-02 8.173224015227908978e-03 9.848569979616497161e-01 9.929104631683067783e-01 9.848465054788424489e-01 8.171600947927515346e-03 1.514339865543334884e-02 7.090545347595289538e-03 1.405851559091747527e-02 7.085543227374424546e-03 7.090612489131398188e-03
1.255069145967030453e-02 1.255437901433931192e-02 2.466314133645947093e-02 1.257755553171024943e-02 2.955760671448615096e-02 1.753599513706000090e-02 9.703502101333718599e-01 9.874168068919114694e-01 9.703549210672998138e-01 1.752372205181768061e-02 2.955589246441364670e-02 1.258286773139899450e-02 2.467796830204077585e-02 1.255888619954159680e-02 1.256115103534849453e-02
1.352569835483607985e-02 1.352880896273017663e-02 2.630757558884344594e-02 1.366471755039355696e-02 4.070873939633989913e-02 2.837865874348105555e-02 9.588567129699895331e-01 9.863361269345154447e-01 9.588523457737729849e-01 2.837320951442717787e-02 4.070560876378165327e-02 1.366594181378860684e-02 2.630972560750227673e-02 1.353092044927778348e-02 1.352956164342233869e-02
1.123018842214057456e-02 1.122802028189101575e-02 2.165306564889724061e-02 1.163392584121564211e-02 4.923456835925082986e-02 3.995938978813651232e-02 9.497292650484721044e-01 9.883560752381195247e-01 9.497250798527846483e-01 3.996482660871170101e-02 4.923640564281783760e-02 1.163163282031615120e-02 2.164696282379419134e-02 1.122540558867768379e-02 1.121916743946399508e-02
6.137324527405341179e-03 6.142446299135462251e-03 1.185175323011239401e-02 6.999976354039594284e-03 5.434012704581009379e-02 5.056314930152033815e-02 9.440424870362775778e-01 9.929164726049322098e-01 9.440544834213380199e-01 5.054949212543913273e-02 5.434203703983420120e-02 6.988073849538922744e-03 1.184190885839814245e-02 6.148751976308541867e-03 6.134782252654680246e-03
1.294157388595840175e-03 1.291446510228499989e-03 2.916196360193357151e-03 2.591564537450685712e-03 5.674366613172682206e-02 5.736245558977265402e-02 9.417873412421589041e-01 9.969896417814417822e-01 9.417828803721967068e-01 5.735688441177727581e-02 5.674622553445701767e-02 2.586161417775567628e-03 2.916736280825393823e-03 1.294086184265963446e-03 1.308810039603036657e-03
9.122671790148806359e-04 9.151844664826436215e-04 2.263322529953926132e-03 2.372408045196394699e-03 6.152893442503604149e-02 6.180677136860962539e-02 9.379650494911360159e-01 9.964225811262241717e-01 9.379792973117941912e-01 6.181545581138442325e-02 6.151768991492018168e-02 2.364152761028193162e-03 2.260372040654601289e-03 9.174370921419816582e-04 9.227563802496896450e-04
4.738406291020513805e-03 4.739143908428888885e-03 9.289179096435229432e-03 5.683557271798866939e-03 6.507790441427274697e-02 6.089984392213049214e-02 9.356030747476213882e-01 9.916654173869865474e-01 9.356023685173737725e-01 6.089816284420873638e-02 6.507941643782738650e-02 5.688464213206623210e-03 9.288825245044596279e-03 4.730667148670764099e-03 4.742728083332981015e-03
1.094625897327178299e-02 1.094768130626189162e-02 2.036205238872251799e-02 1.086861724223375791e-02 6.713442323267837519e-02 5.689448442128736128e-02 9.339339998067840432e-01 9.843572808252476491e-01 9.339371103081636205e-01 5.689139570390738809e-02 6.712947595557394731e-02 1.086436971782850369e-02 2.034925212987592769e-02 1.093873770668207790e-02 1.093797777950689110e-02
1.581673228433710943e-02 1.582692962465742648e-02 2.882519531917937528e-02 1.447566975209002571e-02 6.324536066346808649e-02 4.914405168984320449e-02 9.365797694072000024e-01 9.783058117163780931e-01 9.365768194180443817e-01 4.914531498765517536e-02 6.323417634603045734e-02 1.448356336102085695e-02 2.882677990762866349e-02 1.581393451926971228e-02 1.580897577847290014e-02
1.460632135152833966e-02 1.459349961702627319e-02 2.621619751785264629e-02 1.266022487219986559e-02 4.949465392474855507e-02 3.776857632140268040e-02 9.480890837713797925e-01 9.788548383375889061e-01 9.480992818806430744e-01 3.776603727737382066e-02 4.948859565060848009e-02 1.265555922531763633e-02 2.620450428323806147e-02 1.459490786756878489e-02 1.460903736315660728e-02
1.027280914628081465e-02 1.027043505602687201e-02 1.827736819143893632e-02 8.659379278324497164e-03 3.328645102822624935e-02 2.669168969440843808e-02 9.626081182307947293e-01 9.824391750673260315e-01 9.626068999033422502e-01 2.669098758156113194e-02 3.329706318078573535e-02 8.654369927512506333e-03 1.826841911923110517e-02 1.026986267763363436e-02 1.027347604085521171e-02
4.141990568721443111e-03 4.145332450770478072e-03 7.757579509849843458e-03 3.997934671268355000e-03 1.761523087915239927e-02 1.682709189540437800e-02 9.784648852022905796e-01 9.881823261607205477e-01 9.784525297633887009e-01 1.682294569943748597e-02 1.760853358039815575e-02 3.999431171610945412e-03 7.747186141719375474e-03 4.144263452535157377e-03 4.140468017247156407e-03
2.797762758016686391e-04 2.732921448282410459e-04 1.981440172812931610e-03 1.941157807217375186e-03 7.641088400571816042e-03 9.285248485474739688e-03 9.905618320889764128e-01 9.925981932210810044e-01 9.905717867591908865e-01 9.290609301889907190e-03 7.635769141952353234e-03 1.944103056862156453e-03 1.988205133498344157e-03 2.774372787752721337e-04 2.874066825863108576e-04
1.752284326091535505e-03 1.744449711430673400e-03 6.045484380561794158e-03 4.497498079296391449e-03 6.734946003172981310e-03 5.971722169417270631e-03 9.931703561163138794e-01 9.913415185108526151e-01 9.931829918420664871e-01 5.981245640893473325e-03 6.732713597601247546e-03 4.503687209595319541e-03 6.042543352478779717e-03 1.748063692543266878e-03 1.742603925841912371e-03
7.743566000521340253e-03 7.746076208902219484e-03 1.757564585925641687e-02 1.010716276802031688e-02 1.293863540210987706e-02 6.733721628766842215e-03 9.867494938548145855e-01 9.855540460026223082e-01 9.867446368508616672e-01 6.747586525013060665e-03 1.294224162257601174e-02 1.010389847268577945e-02 1.757484386347335503e-02 7.744239409972042409e-03 7.745104641710298665e-03
1.363877813576513942e-02 1.363297408660402166e-02 2.722238211164967892e-02 1.408722109205834405e-02 2.066545415165910171e-02 1.075165673666678146e-02 9.764740426073995616e-01 9.803671583552535651e-01 9.764793841446581801e-01 1.074028098009233156e-02 2.065496648290116033e-02 1.409141104640604381e-02 2.723277185077327411e-02 1.363381588779372100e-02 1.363781623706916690e-02
1.696692293043233768e-02 1.696994261899742451e-02 3.165936410654740518e-02 1.554914645174521048e-02 2.860506427306430677e-02 1.860397219056908469e-02 9.648410378557219502e-01 9.770500005378208730e-01 9.648356808027005460e-01 1.861416348870148507e-02 2.860744842330209536e-02 1.553900823064813252e-02 3.166615213969969922e-02 1.697052369196311306e-02 1.697874711186136976e-02
1.508360566639083133e-02 1.508058818099133891e-02 2.695544124797927266e-02 1.302781905832733900e-02 3.476133533190617353e-02 2.904342716592245299e-02 9.559325710228609996e-01 9.785810729231756433e-01 9.559267876043886503e-01 2.905034182668031484e-02 3.475790631797204266e-02 1.301884620384347047e-02 2.695756474326482799e-02 1.507486050967593583e-02 1.507373188242644435e-02
8.197302927239136228e-03 8.194003865962362632e-03 1.486103497759905245e-02 7.787496421652939649e-03 3.981862237672695315e-02 4.011393919877870307e-02 9.516382505956362259e-01 9.849505123738788726e-01 9.516254019855800994e-01 4.012007878360501767e-02 3.982169192180085027e-02 7.775198235369040756e-03 1.486461667771954431e-02 8.201943662630772902e-03 8.196369593032937217e-03
2.549842664791690527e-03 2.558418487075886372e-03 6.351537537099216646e-03 4.923117807779819888e-03 4.881764555756601398e-02 5.208245107107578598e-02 9.456028770217197454e-01 9.887350746375667132e-01 9.456040702713370827e-01 5.209255605473739337e-02 4.881954092178730775e-02 4.925732629961876441e-03 6.361436529849384680e-03 2.554376975803129834e-03 2.553805538931919195e-03
7.878664306054661282e-04 8.065066408524113051e-04 5.061139066004860521e-03 5.472949851750952277e-03 6.133210385538362397e-02 6.281284834322076183e-02 9.375537824093872485e-01 9.877875539704950025e-01 9.375433793925498360e-01 6.281547631120931729e-02 6.133689306565326405e-02 5.466644623078498189e-03 5.059504156480210124e-03 7.972100863492537215e-04 8.066901795819036991e-04
4.277855446504219561e-03 4.282434079604879873e-03 1.155230778597049479e-02 8.499960574574472183e-03 7.326214682428855429e-02 6.922089058681374363e-02 9.288639937845561967e-01 9.819295497909195092e-01 9.288542906854042602e-01 6.921172387564444861e-02 7.326276957781291399e-02 8.499619804433311554e-03 1.154762100467632280e-02 4.282807639437002933e-03 4.274354723805606771e-03
1.114157206655669308e-02 1.114335058297816206e-02 2.209800477777085215e-02 1.231613552258398192e-02 8.241559561849187698e-02 7.259291264015349521e-02 9.196130090215641761e-01 9.716400394637837445e-01 9.196050018168795415e-01 7.259148660823694366e-02 8.241668041511462928e-02 1.231746425091684305e-02 2.209964425334015603e-02 1.114030518240782808e-02 1.115037009333075257e-02
1.724563638884368810e-02 1.724808010586093010e-02 2.977785241233787961e-02 1.379520283380358814e-02 8.332793928794990368e-02 7.107184474569300248e-02 9.147158933685637372e-01 9.618497362061263489e-01 9.147314424604110483e-01 7.107704535445763527e-02 8.332203214424444004e-02 1.378917614272390235e-02 2.976484443161681037e-02 1.724104518261887486e-02 1.723792124247386370e-02
1.724291658238785718e-02 1.725081883064982780e-02 2.707534442588904744e-02 1.069364060803040806e-02 7.220349818182791868e-02 6.333872634148635106e-02 9.204136417341304277e-01 9.593538980548188544e-01 9.204241374155207600e-01 6.332185469234213882e-02 7.221116830146062648e-02 1.069716698872363869e-02 2.707583900121490750e-02 1.725175379046817170e-02 1.724728252463281208e-02
1.307752984624738213e-02 1.307670206229871734e-02 1.913775976948384194e-02 6.653310351618424434e-03 5.733512999457263115e-02 5.406071305635945512e-02 9.317557054661583793e-01 9.600913888443616262e-01 9.317496609230888627e-01 5.406259061998891502e-02 5.734279652054163900e-02 6.650871818213832665e-03 1.913380203857961703e-02 1.307535013907479282e-02 1.307815340802975790e-02
6.155949838920427020e-03 6.161918156561529969e-03 9.374581220142064186e-03 3.651385143631780128e-03 4.218766462685180629e-02 4.370346568817157218e-02 9.481861773963224937e-01 9.643049517114843372e-01 9.481891397403459099e-01 4.371187338328802463e-02 4.218726325935384658e-02 3.636685803268535633e-03 9.371585203944432507e-03 6.164935077553113096e-03 6.154337482268179560e-03
1.033720463423482006e-03 1.033469394729591428e-03 5.035970970983072448e-03 4.312789928115290383e-03 3.209713515363465941e-02 3.421439113420937650e-02 9.640543543622749345e-01 9.678011852868377840e-01 9.640447534816223296e-01 3.420663896327019726e-02 3.209885954677449416e-02 4.321181867555035083e-03 5.037624345644642343e-03 1.029382471332163096e-03 1.035335839585593831e-03
1.325030707833962929e-03 1.342679318630635166e-03 9.621684950880116105e-03 8.478075764909664969e-03 2.764699702844741758e-02 2.551409717859998150e-02 9.747779512203789132e-01 9.688845170257580630e-01 9.747875118741970990e-01 2.551714672858507171e-02 2.764869879431852695e-02 8.485008465902776909e-03 9.622256348314872643e-03 1.336880073052104656e-03 1.333380570233411166e-03
7.041935312772973354e-03 7.036465140853598310e-03 2.086062182194609038e-02 1.401426912515785217e-02 2.884048025426000361e-02 2.075812916196084768e-02 9.753730261062137918e-01 9.633190514086985567e-01 9.753745331143447439e-01 2.075438815862162834e-02 2.884012773181005018e-02 1.399682401910268270e-02 2.086498994002100593e-02 7.042499319211414921e-03 7.043606375196798108e-03
1.468394476551343475e-02 1.469626944601415408e-02 3.150170111372707638e-02 1.722887457368371678e-02 3.083859589986726046e-02 1.908798581445836362e-02 9.691253077647261627e-01 9.559367212262936953e-01 9.691315964247496639e-01 1.908386108937415448e-02 3.084510029247050644e-02 1.721450586848244368e-02 3.150095462260404933e-02 1.469944971256270660e-02 1.468723076079264667e-02
1.822363871653659428e-02 1.823337264414714998e-02 3.219263172894704095e-02 1.473093120873769646e-02 2.921738121826522594e-02 1.952994023778270583e-02 9.632095985992754628e-01 9.544159656135806635e-01 9.631947536227121187e-01 1.953795328952651067e-02 2.922031831263055546e-02 1.473589176242956489e-02 3.218984309477351813e-02 1.823119568149494940e-02 1.824060102351804380e-02
1.714426502216287451e-02 1.714964483001846229e-02 2.621966384163670893e-02 1.013971211791209193e-02 2.941019053593063592e-02 2.483174646820052178e-02 9.571037169206478845e-01 9.555462631031090837e-01 9.571065177272872759e-01 2.484690753151747034e-02 2.939743392324395410e-02 1.014006658310134812e-02 2.622489143056444538e-02 1.714952014141896131e-02 1.714457889620796260e-02
1.127021992592791566e-02 1.126238206301544142e-02 1.570494114011611320e-02 5.551320721770391931e-03 3.307029930821431263e-02 3.374736444535075819e-02 9.531270280292354347e-01 9.609074166039119902e-01 9.531275544496684571e-01 3.375397073853153573e-02 3.305448502345942341e-02 5.558615213727080562e-03 1.568668900679964784e-02 1.126851789240668200e-02 1.127066364415130195e-02
4.349861433702528757e-03 4.349600369357720098e-03 7.612197713733726001e-03 4.328894040413644451e-03 4.355021196446939857e-02 4.564358048212230345e-02 9.486329058566407291e-01 9.662350090898652599e-01 9.486242662901065437e-01 4.564991929619988120e-02 4.354843713635209168e-02 4.322896543095700039e-03 7.609808846576360253e-03 4.339674214845434808e-03 4.342747099998323090e-03
8.405528020762331742e-04 8.503973077917947876e-04 7.109928554473121665e-03 7.253071293771451433e-03 5.960292672316547247e-02 5.774018016751886195e-02 9.418458438894985463e-01 9.687445645552992257e-01 9.418528057274808685e-01 5.773153647318429726e-02 5.959980672469222807e-02 7.258080787859444438e-03 7.096512944080479723e-03 8.460510143441513087e-04 8.409457477736581588e-04
3.575421155693370157e-03 3.585044385513047605e-03 1.512074180702849269e-02 1.281128409195386730e-02 7.945340061818267907e-02 7.064736132057819473e-02 9.285458909439766595e-01 9.619249140262506881e-01 9.285446605444032109e-01 7.064687897812804707e-02 7.945263696882809423e-02 1.281277513335754570e-02 1.510956251644834936e-02 3.583240197269077498e-03 3.589006190425958476e-03
1.087761704207096392e-02 1.087620004568989884e-02 2.647827280849579523e-02 1.715621873234712824e-02 9.579022519003110858e-02 8.105646892286061389e-02 9.128661729822385995e-01 9.495285513216488171e-01 9.128747451959031700e-01 8.105078418617800429e-02 9.577531826654478442e-02 1.715875269947586546e-02 2.647944292712900438e-02 1.087753081815151512e-02 1.089112407330689036e-02
1.743315719044807866e-02 1.743837334786246807e-02 3.212927645097846119e-02 1.610640700968585248e-02 9.988322710821678774e-02 8.501354649849196532e-02 9.022090246719312034e-01 9.394312673016764759e-01 9.022128512682863200e-01 8.501484210459592239e-02 9.988175774218827074e-02 1.610535414767899631e-02 3.212089913827498311e-02 1.743152691117083597e-02 1.743575846850764499e-02
2.024237430296366158e-02 2.025032885667532589e-02 3.098198422506903693e-02 1.179487809246959618e-02 9.649314061301594858e-02 8.583953221816520429e-02 8.965767355049376608e-01 9.301120545011163365e-01 8.965804671683276217e-01 8.583045166720465469e-02 9.649405862289411884e-02 1.179540861204370072e-02 3.097555814182983980e-02 2.025419333140732192e-02 2.024738384497787314e-02
1.687719893791911341e-02 1.687050274375057057e-02 2.208999803020905706e-02 5.849571643269768639e-03 8.623336061043401779e-02 8.217582789652216890e-02 9.002099238438661111e-01 9.263680380812550075e-01 9.002164151934543002e-01 8.217205637126762108e-02 8.623332809586514713e-02 5.852103193793090075e-03 2.207874765378325943e-02 1.686704224747564984e-02 1.687547985530635231e-02
9.291919328173636750e-03 9.296319725432100611e-03 1.115780059994325724e-02 2.266118723313170769e-03 7.507046181503684856e-02 7.551923971942336999e-02 9.118937470022079328e-01 9.269642399204642835e-01 9.119042916283307543e-01 7.551924788186076265e-02 7.506406316932079381e-02 2.258165959876268225e-03 1.115640287524510832e-02 9.288614485752688665e-03 9.296955186011479633e-03
2.044856112461523878e-03 2.061942966872176708e-03 5.472978400258177167e-03 3.713060709856552677e-03 6.601053803854306512e-02 6.552553861859811146e-02 9.298400172495256966e-01 9.321047509852944390e-01 9.298405201338361126e-01 6.553807543743594977e-02 6.600644446683651134e-02 3.704160877768480908e-03 5.468553784336083190e-03 2.054533904796151944e-03 2.053452994527082964e-03
9.069173638380778613e-04 9.085058532073420068e-04 1.035941554697178413e-02 9.752597911651283979e-03 6.384241064408574529e-02 5.742893805747034675e-02 9.421185705861666593e-01 9.298363996082723570e-01 9.421146551867236596e-01 5.743711026303860434e-02 6.384297817089418237e-02 9.739562808000978844e-03 1.036709463648122220e-02 9.074876922781083266e-04 9.008486884428124064e-04
6.162274984835125480e-03 6.160520596116936254e-03 2.253104212182449606e-02 1.666500970522116765e-02 6.357071898878191574e-02 4.993521069762418829e-02 9.478124508979708374e-01 9.229049764178991477e-01 9.478150985974049814e-01 4.993489146612084539e-02 6.357999808206121761e-02 1.664862739275341230e-02 2.253384020396481668e-02 6.161344540324686925e-03 6.163672134088582499e-03
1.485680974813408106e-02 1.484805056236609966e-02 3.458581006236849387e-02 2.012278910401166243e-02 6.111293060942218913e-02 4.356329062368702321e-02 9.467934196517606704e-01 9.136176717021950999e-01 9.467932662575093694e-01 4.356341106475669633e-02 6.111243997944998396e-02 2.011920236929815031e-02 3.459398330169466407e-02 1.485609507320184708e-02 1.485308465095580566e-02
2.033476228772224115e-02 2.032663901438619414e-02 3.620174403730624935e-02 1.647012207609777068e-02 5.135816670967247033e-02 3.689983502468363596e-02 9.457720848637403144e-01 9.118482311110371885e-01 9.457733030276054276e-01 3.690844015378841325e-02 5.135965295519218099e-02 1.646900772614073860e-02 3.619517182980963588e-02 2.033810879281272577e-02 2.033375617298166516e-02
2.065727465482208869e-02 2.065529881607819362e-02 2.990762022562443168e-02 1.012105461662943240e-02 4.407524811830376699e-02 3.582208534532205224e-02 9.432040636148288915e-01 9.115617529418187370e-01 9.432051143815365357e-01 3.581439237431216505e-02 4.408950013840828852e-02 1.012757965451271946e-02 2.989265877456204201e-02 2.065834653521803066e-02 2.066044544745815337e-02
1.488978885892194848e-02 1.490585383767012440e-02 1.787089668309432833e-02 4.017411234568279976e-03 4.141048056183443959e-02 3.920891039382384813e-02 9.428242141671072662e-01 9.171442096973820846e-01 9.428385471147835428e-01 3.920702448681406826e-02 4.140625238967732269e-02 4.024958012993962164e-03 1.787368883858547752e-02 1.489797919600288623e-02 1.489566421457588774e-02
6.721388194974919905e-03 6.731047824989233597e-03 7.931858449154893798e-03 2.295799578188706391e-03 4.789839347479207809e-02 4.748538806789542877e-02 9.421443435384065923e-01 9.245320742627520794e-01 9.421485114604173372e-01 4.750002486573523530e-02 4.790505789469595710e-02 2.296857563527987534e-03 7.933452106178795482e-03 6.727891668278362935e-03 6.713900581878373686e-03
1.222104248643718361e-03 1.238022343929057190e-03 6.344261233370784847e-03 6.129294473400048737e-03 6.210569796786358232e-02 5.788732773915705732e-02 9.393597479219686353e-01 9.321378223006253627e-01 9.393612882847415246e-01 5.788590567335416548e-02 6.209898807249664143e-02 6.133073625230300863e-03 6.344027357463033479e-03 1.229547207248438134e-03 1.223324968121164424e-03
2.720555261534640668e-03 2.729688444961797522e-03 1.480901088030894819e-02 1.331163454932754453e-02 8.335412762639798911e-02 7.237051868136223920e-02 9.265996985805161623e-01 9.276163545802311727e-01 9.266015981112987188e-01 7.237383537048081017e-02 8.336693036369546839e-02 1.330448055629807058e-02 1.480362991866979172e-02 2.729961124574742382e-03 2.730047721298367591e-03
1.006390458343131566e-02 1.004585010960534763e-02 2.789476400365847875e-02 1.943315377382137665e-02 1.031156661839813804e-01 8.680060410499901291e-02 9.080869726936062758e-01 9.157550289040190528e-01 9.080781510211347607e-01 8.682002670753319329e-02 1.031187504632692375e-01 1.942679498816823891e-02 2.790140899811988096e-02 1.004649611279756494e-02 1.003536328423981772e-02
1.901021448059353469e-02 1.901375187522280630e-02 3.807067605580760628e-02 2.089786597907467014e-02 1.155824571297785486e-01 9.892163268341636062e-02 8.885301093866890820e-01 9.004298685586090700e-01 8.885264833823499631e-01 9.891586381211814327e-02 1.155727999083001611e-01 2.089433661499912054e-02 3.807710491146876208e-02 1.901805744014212207e-02 1.901983116451150257e-02
2.268616187340027901e-02 2.269138928148628498e-02 3.671234989852800723e-02 1.577983996027204627e-02 1.146296273376745112e-01 1.041131450629857458e-01 8.775921375241197975e-01 8.927440295485018495e-01 8.775894890558082473e-01 1.041285281009394215e-01 1.146320230142860441e-01 1.577398900860277342e-02 3.671053263800222455e-02 2.269307214938331985e-02 2.267361698063474762e-02
2.057380611906467482e-02 2.057320768001447142e-02 2.857279395926376475e-02 9.568082318403392517e-03 1.113446352971905751e-01 1.078674013569439483e-01 8.720044705057421464e-01 8.846974216288389092e-01 8.719883105873204032e-01 1.078747063945328932e-01 1.113468544269171634e-01 9.561241275368559389e-03 2.856628120240700675e-02 2.056932901307645389e-02 2.057537589544661261e-02
1.295075486515145924e-02 1.295763830499707669e-02 1.676337115973619563e-02 5.129896315592796796e-03 1.069812320009896345e-01 1.081094447158126304e-01 8.752996838760147558e-01 8.809537409407185438e-01 8.753019537585811083e-01 1.081040811406522861e-01 1.069821157827142155e-01 5.134523369425880723e-03 1.675205734533841140e-02 1.295148224778380763e-02 1.295843653475037272e-02
4.657961300328417042e-03 4.654834746966485248e-03 8.974198845462910690e-03 5.421991045271745691e-03 1.056527920368908191e-01 1.059110571417706814e-01 8.845387057421350008e-01 8.782969905251331033e-01 8.845463171601601893e-01 1.059057949262472986e-01 1.056482009506735098e-01 5.418827111079882464e-03 8.976616166927409157e-03 4.648204995792104555e-03 4.662835756220007344e-03
1.030889071468699125e-03 1.028221068892942736e-03 1.016354506571093275e-02 9.967189036964141380e-03 1.042709062217341276e-01 9.868125626340878975e-02 8.986088205353652825e-01 8.791464304426441778e-01 8.986058318712524251e-01 9.867588528034726414e-02 1.042675766311049190e-01 9.971691692221451575e-03 1.017343905797812864e-02 1.036111663244410064e-03 1.042890996565959405e-03
5.022660016282209927e-03 5.018538444324538439e-03 2.015257022863692349e-02 1.593871016507658611e-02 1.052199584408363142e-01 9.279350386240647897e-02 9.051260869083503913e-01 8.694645107098872838e-01 9.051251477747677132e-01 9.278653982925744170e-02 1.052215543688417299e-01 1.593668994203262246e-02 2.015456234302265281e-02 5.019536276291314270e-03 5.013513192094920523e-03
1.386883834982255426e-02 1.386499049672351713e-02 3.220766845792011335e-02 1.922832059028523055e-02 1.014758158426521395e-01 8.542045320489810578e-02 9.066346993716539737e-01 8.569493418517211136e-01 9.066365530458777577e-01 8.542871276042246498e-02 1.014776732328143138e-01 1.921402626011237125e-02 3.221276353669993986e-02 1.387282185553811997e-02 1.387597104454418862e-02
2.115620856223587865e-02 2.115406877324277346e-02 3.665371326661848173e-02 1.647175178307197507e-02 8.716587463934633018e-02 7.386707894690242027e-02 9.094419301879721473e-01 8.533684536395087505e-01 9.094443502147695479e-01 7.386541756932180069e-02 8.715977004776526149e-02 1.647264686558852498e-02 3.664054637495517408e-02 2.114638672110152884e-02 2.115824829243373451e-02
2.344729589477051457e-02 2.344649088513478530e-02 3.385346459693611143e-02 1.145404159545015954e-02 7.498543652918987501e-02 6.715863076351286098e-02 9.096787350017161433e-01 8.495748603834083479e-01 9.096819106109540476e-01 6.716527558694984634e-02 7.499002993379283444e-02 1.145829754520982791e-02 3.385728923078207275e-02 2.344564076899130489e-02 2.344184541372507091e-02
1.878222388464867443e-02 1.877996492223160674e-02 2.431659192003837733e-02 6.506062384836419632e-03 6.674374298876600831e-02 6.417939038600295465e-02 9.128322588586150754e-01 8.532269104451459807e-01 9.128293400664101442e-01 6.417843344482099255e-02 6.673773230631818709e-02 6.518063454115874400e-03 2.430643428935286288e-02 1.878277101570474672e-02 1.877981119152638545e-02
1.006259959572397555e-02 1.006513041083317850e-02 1.414580788103547704e-02 4.962757134737538767e-03 6.752030377793838412e-02 6.661798316269490483e-02 9.170599699970642948e-01 8.613149070804357876e-01 9.170605977267443087e-01 6.661122203159020039e-02 6.751262313124578585e-02 4.961219595146892924e-03 1.414545183776905191e-02 1.004921445372602973e-02 1.006018258791852027e-02
2.437364224482763131e-03 2.434426337491135683e-03 9.298006509488421223e-03 7.609401980460228643e-03 7.536775293340325366e-02 7.172993879373290582e-02 9.215457007627223529e-01 8.746666674918665008e-01 9.215540394914212285e-01 7.172508291260371038e-02 7.537154871092405228e-02 7.598591218552941395e-03 9.297409141257595433e-03 2.441990542071170722e-03 2.443504452634082114e-03
1.999522446916313090e-03 1.987458986857537635e-03 1.428851963373406475e-02 1.312122035574464496e-02 9.245557742694759940e-02 8.391716569796492387e-02 9.135933716711964747e-01 8.743329719348686968e-01 9.135937584863469407e-01 8.391700583715627770e-02 9.246923299511794481e-02 1.310357065891037953e-02 1.428999076854670092e-02 1.998045017360172704e-03 1.992695736165839282e-03
8.505656566253960715e-03 8.506114223171490352e-03 2.554384168369416841e-02 1.794658197089349372e-02 1.101033190130514261e-01 9.817482586805054146e-02 8.970891218028917979e-01 8.659369459212145070e-01 8.970903761626606299e-01 9.817092076940209244e-02 1.101178671635131834e-01 1.794879840668200943e-02 2.553927280433992975e-02 8.508472308433601139e-03 8.499531537294602312e-03
1.831652079543166778e-02 1.831817705266025609e-02 3.690983585958590441e-02 1.952187827621293392e-02 1.234192745691384818e-01 1.120875476912222557e-01 8.758332656423064577e-01 8.522210753404388939e-01 8.758426395201339698e-01 1.120879659656037752e-01 1.234189277000739549e-01 1.953567132356481828e-02 3.690735553301260907e-02 1.831341429015065358e-02 1.833267350465300760e-02
2.546001887804455466e-02 2.547628060959178375e-02 4.196383831687322541e-02 1.740482314941477204e-02 1.307802432501989354e-01 1.239445357474766585e-01 8.557554283403174811e-01 8.379355295715806839e-01 8.557558949606098864e-01 1.239413600234945401e-01 1.307624372820986869e-01 1.739909209756723696e-02 4.196259907861998872e-02 2.547708431711387389e-02 2.546913764787434031e-02
2.366588218741799698e-02 2.366864001903978831e-02 3.532962323105415248e-02 1.247202616615544768e-02 1.297285041784286830e-01 1.291331210050040701e-01 8.473157753749023247e-01 8.352329540723024692e-01 8.473241081565184851e-01 1.291358028069650166e-01 1.297251591034563334e-01 1.247335980045904957e-02 3.533370494471888001e-02 2.367430281224269795e-02 2.366405358761725086e-02
1.650241655068268587e-02 1.649739849660147861e-02 2.580104268854216398e-02 1.009989901966801273e-02 1.334824817188345891e-01 1.356357282655514807e-01 8.424421247814406488e-01 8.283779728169415879e-01 8.424388449458570793e-01 1.356223522815153126e-01 1.334800905024551843e-01 1.010041138158140894e-02 2.579950297551791838e-02 1.650650003661946474e-02 1.650022778067733453e-02
7.170734493543606813e-03 7.181782415398407782e-03 1.735624766114440831e-02 1.091188901701378722e-02 1.399238780051468845e-01 1.401542304311952369e-01 8.442070342687804096e-01 8.224192176479678817e-01 8.442129512937688318e-01 1.401642689207348025e-01 1.399195844763368446e-01 1.091640315389591498e-02 1.735739426567844967e-02 7.184241199731489225e-03 7.173980551695269270e-03
1.795763011124329456e-03 1.791267976208765766e-03 1.559035686441972990e-02 1.440888005612556144e-02 1.480876269402397472e-01 1.428202398709401688e-01 8.489518992255220553e-01 8.137847727355789207e-01 8.489446772803879160e-01 1.428250189084347421e-01 1.480904116522763214e-01 1.439838105566598747e-02 1.559301665928258807e-02 1.799040324869549679e-03 1.791810789964431994e-03
4.077937414618537648e-03 4.080848025915462252e-03 2.080007458580607205e-02 1.718847870891038188e-02 1.490192857949672045e-01 1.383975306865110610e-01 8.577324483388495402e-01 8.090655652026108591e-01 8.577316305377840067e-01 1.384086429240178329e-01 1.490273240868851823e-01 1.718789548271010270e-02 2.081530843570666978e-02 4.078807624946501065e-03 4.072931236669352639e-03
1.263582010924052534e-02 1.263504107456003833e-02 3.014269837966432330e-02 1.802838424695718533e-02 1.471665922075300337e-01 1.344226405959132453e-01 8.584252755601726737e-01 7.927333775530542859e-01 8.584303800463475298e-01 1.344228103310257660e-01 1.471542221677168971e-01 1.804135833124959065e-02 3.013451861675764398e-02 1.263905853167285320e-02 1.262852620561183414e-02
2.207399773732665604e-02 2.208234570928752083e-02 3.698564455140973539e-02 1.570954449801559294e-02 1.375870375457172723e-01 1.269076103789867349e-01 8.569749503964126935e-01 7.769170408655248217e-01 8.569750436351171174e-01 1.269011473826909819e-01 1.375933277622750639e-01 1.569718203585312999e-02 3.700125036653245658e-02 2.207680580765108980e-02 2.208807294926329323e-02
2.663600297816132167e-02 2.663660819858149065e-02 3.747359322765164702e-02 1.191889403300250283e-02 1.239401994666591289e-01 1.174636337000031228e-01 8.565007312473155165e-01 7.664755492935153569e-01 8.565028053234039485e-01 1.174623659731992009e-01 1.239451347797858594e-01 1.192064848817747658e-02 3.747409711792809572e-02 2.663235547645592671e-02 2.663303913269426948e-02
2.179087287470388157e-02 2.178998495942319202e-02 2.937680184410063067e-02 8.802714257651667040e-03 1.074453786939686406e-01 1.044674137954937909e-01 8.666540284306878394e-01 7.751854626571381690e-01 8.666529387529857686e-01 1.044571198919584942e-01 1.074417884771241005e-01 8.794933267693649803e-03 2.937654458976124427e-02 2.179123172218583315e-02 2.179000662451802128e-02
1.322191087727370151e-02 1.323154058542524991e-02 2.203227966543647165e-02 1.002924943048311146e-02 1.042396862203130437e-01 1.004705822248299629e-01 8.742275327196737944e-01 7.806246972035471021e-01 8.742290583879278598e-01 1.004678439932308320e-01 1.042433858348016384e-01 1.003403225773447094e-02 2.204296259007498815e-02 1.322321282665800402e-02 1.323916399165209201e-02
4.859974090678176317e-03 4.859246580139364724e-03 1.778147847149924576e-02 1.408336171904295275e-02 1.100707125019425026e-01 1.023928862225822467e-01 8.809615115106421701e-01 7.879515465216573311e-01 8.809657626864990654e-01 1.024062311424865368e-01 1.100707809778796453e-01 1.409389988655163073e-02 1.778331402707222786e-02 4.868021121396282069e-03 4.857132426648425039e-03
2.183703339695253209e-03 2.174021258963321213e-03 1.962126879843745231e-02 1.862725156368028046e-02 1.220148291361710657e-01 1.099624780247746569e-01 8.812143827899646675e-01 7.913758825266590247e-01 8.812148069648573223e-01 1.099630356728707459e-01 1.220065963942405518e-01 1.863180181253448753e-02 1.962071960742090004e-02 2.173610299864625617e-03 2.192821332874128615e-03
7.242467029554222613e-03 7.235476619622371874e-03 2.607442943228582832e-02 1.998453595993787690e-02 1.299788909461846997e-01 1.167170791779467143e-01 8.768138937831129187e-01 7.969855515894921361e-01 8.768189599843466686e-01 1.167262956999841617e-01 1.299765018622821566e-01 1.998973957141464419e-02 2.607555234592917603e-02 7.246261247130736383e-03 7.245733934416631605e-03
1.700673039318828517e-02 1.700281161105737793e-02 3.484452009672500683e-02 1.900650790429980752e-02 1.402129227218882335e-01 1.289360776344894433e-01 8.590272696066797442e-01 7.875099449655427186e-01 8.590364522421424232e-01 1.289384812887309772e-01 1.402158628773618743e-01 1.900594409203198998e-02 3.484091524584537192e-02 1.700257991494169563e-02 1.699766627609300418e-02
2.543628456294322326e-02 2.543961363661856323e-02 4.033894985292280078e-02 1.601726606617009940e-02 1.474914002895054699e-01 1.405920684540070131e-01 8.382599658933447273e-01 7.759125353042790607e-01 8.382621116064772337e-01 1.405895219176225841e-01 1.474904960132922271e-01 1.601822360909122001e-02 4.033550607916353004e-02 2.544442984108957750e-02 2.543933357050881527e-02
2.725187835913117640e-02 2.724247872935597892e-02 3.967321133916257292e-02 1.343867203235593610e-02 1.539440772726472506e-01 1.509339650991476378e-01 8.201863986220787606e-01 7.657644641443792644e-01 8.201748068137371117e-01 1.509344723958767065e-01 1.539477374891988770e-01 1.343802791090492610e-02 3.966591917145506629e-02 2.725868872168807355e-02 2.725316320020509941e-02
1.948369313299364025e-02 1.948183480870774309e-02 3.131057967246392293e-02 1.269650476821315710e-02 1.578308991172084896e-01 1.558055993898833647e-01 8.148587655501244864e-01 7.685370007185118313e-01 8.148596734648794193e-01 1.558032139926747162e-01 1.578302808434548510e-01 1.270484793288978453e-02 3.130454247419961478e-02 1.947541327646601372e-02 1.948486619436712308e-02
9.812902654462052343e-03 9.807808333966439029e-03 2.509263990220067519e-02 1.612129229241310302e-02 1.704790067856958302e-01 1.648277702761006824e-01 8.097592011480295726e-01 7.615604999936012032e-01 8.097444842052736735e-01 1.648293424582474298e-01 1.704897783526820865e-01 1.611204722727854755e-02 2.507907858520080913e-02 9.817943975924781075e-03 9.807218851478338717e-03
2.853053201851751819e-03 2.866829329333187015e-03 2.291382200548153225e-02 2.088129587344261795e-02 1.848351155288014969e-01 1.734328499779803634e-01 8.084735425895870353e-01 7.514381917498602625e-01 8.084659580861073280e-01 1.734228277238781257e-01 1.848415747079646398e-01 2.087424442265345403e-02 2.292644526774806346e-02 2.868316026292727638e-03 2.854093373005961443e-03
3.323432150806271412e-03 3.314726171595339110e-03 2.655641370640710042e-02 2.407878548457426104e-02 1.963310332514768830e-01 1.804095705514285886e-01 8.079012061471055883e-01 7.360112481259712958e-01 8.079030953127013248e-01 1.804068965272594971e-01 1.963384082692294919e-01 2.407708827309862354e-02 2.656417076015887835e-02 3.326114087165099598e-03 3.319861112221877963e-03
1.109799762044227922e-02 1.109397466935629906e-02 3.248847339013033464e-02 2.222694716143153171e-02 1.940998611869532708e-01 1.784200303721200087e-01 8.118360440049909865e-01 7.265978173303202503e-01 8.118382906138679189e-01 1.784295368200010112e-01 1.940990954376627942e-01 2.223094615084408865e-02 3.248126771014814285e-02 1.110619622680453222e-02 1.110272105689680266e-02
2.124327775119450035e-02 2.124198972856128353e-02 3.866346847609503090e-02 1.841565544699524937e-02 1.883542219680348628e-01 1.758606593281469843e-01 8.082115321511393891e-01 7.060362578333519989e-01 8.082175497761650007e-01 1.758581832881402907e-01 1.883625029521670546e-01 1.841837677560737019e-02 3.866220692603206111e-02 2.124554754934004919e-02 2.124256370717986231e-02
2.754657847093333611e-02 2.753934825022147370e-02 4.050495619977173556e-02 1.417598059876057359e-02 1.768472121210442061e-01 1.683635497573349182e-01 8.051952266661968061e-01 6.891175099701605244e-01 8.052085062310556651e-01 1.683660968931408042e-01 1.768394748762364133e-01 1.416365730622559660e-02 4.050417339407597073e-02 2.753907767427538067e-02 2.753399053483962522e-02
2.608636780313250414e-02 2.608139919839708165e-02 3.730430267998735561e-02 1.256890559860368572e-02 1.653225495600369466e-01 1.584049443528423584e-01 8.058585900468864249e-01 6.795826486315240667e-01 8.058639169531283120e-01 1.584127258700195884e-01 1.653149746997006897e-01 1.257175639853180815e-02 3.730538453532666887e-02 2.608194054197787715e-02 2.609359551465906257e-02
1.779786497877677842e-02 1.779112703941726492e-02 3.135793857273511120e-02 1.500808945043424769e-02 1.591358173964911304e-01 1.497805330789300782e-01 8.117765643644729856e-01 6.781826115813851530e-01 8.117878828063485042e-01 1.497768124526173139e-01 1.591401100664472379e-01 1.500976928001279687e-02 3.136044379703262219e-02 1.779053289914550584e-02 1.779738498025151827e-02
6.891641883146670811e-03 6.883025923078711639e-03 2.479612757011018243e-02 1.926489057516855841e-02 1.544153369861355207e-01 1.405683233285581757e-01 8.293425493404311677e-01 6.951671479212392368e-01 8.293321293112625447e-01 1.405685677798989563e-01 1.544295209119335155e-01 1.926671532084689442e-02 2.480070029605596638e-02 6.894196649888717499e-03 6.876657561824039977e-03
2.502219292584539900e-03 2.496363517733746207e-03 2.517497132747026356e-02 2.406365292559470292e-02 1.608389684909389827e-01 1.423394756475594436e-01 8.364316051241754701e-01 6.990322104131361236e-01 8.364382601540727435e-01 1.423381638659572124e-01 1.608382605315864522e-01 2.405884609842251498e-02 2.517641384690572082e-02 2.487129394924736392e-03 2.494860985403246634e-03
6.207167878541974826e-03 6.197677011009816717e-03 3.071040451000195404e-02 2.587507205988337500e-02 1.689107105282626198e-01 1.488474188183506186e-01 8.358817247165462039e-01 6.986352172114596026e-01 8.358733559901664334e-01 1.488549299552874849e-01 1.689084708836016135e-01 2.586169653129199997e-02 3.069978734292128086e-02 6.196806036107505022e-03 6.202156562396698991e-03
1.612703540895643606e-02 1.611032211505619705e-02 3.879293036200559541e-02 2.403857447411100745e-02 1.758451932046284361e-01 1.579012251094898955e-01 8.257012872285911520e-01 6.931231452932065107e-01 8.257027853556472285e-01 1.579029475102061708e-01 1.758330945374282916e-01 2.402918652718122328e-02 3.879406631648996129e-02 1.612714749123550506e-02 1.611229510869266468e-02
2.528539879026403536e-02 2.527097724531213174e-02 4.257931881923937567e-02 1.862559612519149033e-02 1.743141155271059062e-01 1.617418717965812824e-01 8.150889350920174081e-01 6.971971358053502543e-01 8.150915990754616924e-01 1.617337875416863247e-01 1.743169163537041655e-01 1.861961727378746989e-02 4.256900260135443315e-02 2.528461375228446828e-02 2.528389469736219697e-02
2.869341230837224588e-02 2.869730053477581588e-02 4.287371931216366061e-02 1.567297852151078308e-02 1.802441965589869355e-01 1.707872275861929134e-01 7.965478183924956657e-01 6.903048509050384585e-01 7.965356343927809668e-01 1.707903809348260138e-01 1.802249988350522747e-01 1.567814940237244326e-02 4.287053932583395621e-02 2.869029788283566917e-02 2.867735111024255490e-02
2.388848257109965623e-02 2.388094548662361705e-02 3.821129663379480013e-02 1.599214267041687565e-02 1.895241726421397210e-01 1.800117438530416947e-01 7.808933571937195506e-01 6.853245508087750792e-01 7.808944702182812891e-01 1.800046027073030630e-01 1.895368238500564351e-01 1.599922708158402207e-02 3.821801277323105817e-02 2.389910336812356428e-02 2.388540023530644207e-02
1.396470013415995748e-02 1.395749510784460856e-02 3.217576352259643446e-02 1.997146381234149448e-02 2.033594360491732256e-01 1.903561178662877551e-01 7.699595073236635834e-01 6.804694809322192617e-01 7.699765232792994407e-01 1.903569032409061501e-01 2.033552703588228372e-01 1.997041434292440298e-02 3.217256207875224261e-02 1.396087724145300690e-02 1.397225523054662633e-02
4.578074076227400813e-03 4.573409046677023859e-03 2.752508083114540982e-02 2.453124224147984478e-02 2.145081136022474189e-01 1.974940940480635621e-01 7.708801396892841495e-01 6.845488269763335687e-01 7.708694013160189984e-01 1.974981619834128010e-01 2.145118400848688434e-01 2.452571304293921228e-02 2.752462115651588270e-02 4.581257599173438333e-03 4.578626129212781670e-03
3.392954046423923842e-03 3.405005810185213200e-03 3.058960913185271302e-02 2.875520408037374187e-02 2.297589582479028225e-01 2.097503358458606693e-01 7.656220993057878399e-01 6.701818980033017459e-01 7.656313791508977395e-01 2.097565174151637679e-01 2.297478366974822217e-01 2.876274552680402330e-02 3.057789178886943793e-02 3.396270712268278924e-03 3.393016494072031985e-03
1.001609642190182115e-02 1.000622734433631589e-02 3.784042157816225327e-02 2.951365930085442235e-02 2.393545900553407102e-01 2.199620364720010213e-01 7.598880233756660774e-01 6.494247915309669938e-01 7.598958936627009386e-01 2.199680962988642685e-01 2.393615508265837799e-01 2.950163762932178635e-02 3.783733202809408391e-02 1.000747678792240913e-02 1.001442809049679639e-02
2.058623164059414368e-02 2.059755491738629596e-02 4.573934889722092167e-02 2.704694239593324889e-02 2.411983008452950883e-01 2.253407877659009961e-01 7.528391074172727793e-01 6.250000403933616555e-01 7.528305890910054199e-01 2.253428684429377160e-01 2.412047664028406646e-01 2.705488396756933200e-02 4.573147249334169606e-02 2.058545173179848753e-02 2.059423941254484580e-02
2.883383028259567382e-02 2.882922362308720787e-02 5.054429885609212914e-02 2.381719477625215964e-02 2.365054827498497270e-01 2.242669080208892773e-01 7.453777067398301703e-01 6.013255142430582456e-01 7.453723199175112946e-01 2.242737497180489203e-01 2.364948308367587071e-01 2.381441268740969175e-02 5.054409400327258828e-02 2.884137218794402546e-02 2.883689997769223190e-02
2.802435415545267983e-02 2.802192175028150878e-02 4.699180030830196753e-02 2.097109747877790031e-02 2.213627845109492620e-01 2.111572118817566235e-01 7.486290093923466671e-01 5.973296266437156943e-01 7.486348151407838936e-01 2.111509501793708554e-01 2.213545889732876915e-01 2.096907998684111041e-02 4.698538053832218564e-02 2.801791456414837178e-02 2.802338933220638317e-02
2.102500969211057447e-02 2.102800236068891326e-02 4.203714552932380499e-02 2.287002180588515454e-02 2.152295555418703987e-01 2.021735291688599445e-01 7.497513974594828268e-01 5.876309638602056351e-01 7.497457104324952715e-01 2.021759427678168075e-01 2.152315558692211583e-01 2.287179705474229330e-02 4.203019527177598302e-02 2.102124258534182610e-02 2.101651446383429045e-02
1.097595294085990103e-02 1.097128768677679833e-02 3.584376199820971109e-02 2.653945308242044998e-02 2.127099718675523055e-01 1.949637597251638876e-01 7.566711162883106301e-01 5.847358442612682339e-01 7.566656847100479144e-01 1.949586491424554757e-01 2.127083900065611100e-01 2.654625137119848155e-02 3.584353614121932319e-02 1.096109447780924118e-02 1.096474443191963744e-02
4.284001072110299457e-03 4.285044677818872216e-03 3.241213799394881967e-02 2.963778740434969139e-02 2.136562863256213363e-01 1.922007946583166316e-01 7.662801764870736942e-01 5.851756253898784399e-01 7.662823344209988008e-01 1.921946677641807599e-01 2.136539004811398579e-01 2.963781083867572663e-02 3.241778481246537780e-02 4.289168322889891360e-03 4.271863828382627126e-03
5.480818178853541500e-03 5.474287812923139818e-03 3.303667959774564400e-02 2.880995262735408513e-02 2.093482424578814727e-01 1.883122543429366358e-01 7.820212157237770301e-01 5.994018862138902337e-01 7.820196359143202214e-01 1.883222294915712358e-01 2.093416619106481802e-01 2.881297300842217135e-02 3.304600057564843762e-02 5.479105334319722687e-03 5.466782309766882175e-03
1.437617892035103484e-02 1.437897736860033193e-02 4.062573007431680150e-02 2.737235820133226971e-02 2.122067261727200727e-01 1.928494872755535661e-01 7.803614576973365580e-01 5.959763505426837193e-01 7.803584499017821585e-01 1.928643965576727348e-01 2.121989196018349566e-01 2.737281281214365425e-02 4.063201288970813563e-02 1.437824935989723274e-02 1.437936689433633175e-02
2.516949843838678369e-02 2.517680775563091444e-02 4.936542565270934935e-02 2.528002138404533694e-02 2.154432999776755286e-01 1.983513369932106141e-01 7.699308080087075012e-01 5.903695683171601427e-01 7.699419368931617047e-01 1.983566412842418525e-01 2.154420518052559408e-01 2.528354875483795894e-02 4.936308694480284753e-02 2.516265605630396696e-02 2.516199371385591244e-02
3.116266612146906256e-02 3.115372223001933172e-02 5.425210119684170662e-02 2.431580405063499262e-02 2.201531873994729827e-01 2.039492117163176910e-01 7.540485783059804881e-01 5.854403247174704283e-01 7.540529256561213645e-01 2.039498376663905210e-01 2.201567360839950527e-01 2.433039290719307690e-02 5.426674456454921858e-02 3.116353235817914680e-02 3.117013696831083536e-02
2.665581095759694819e-02 2.664890690947741003e-02 4.907566734278273612e-02 2.379424671217905685e-02 2.204733583402574415e-01 2.042891990822314763e-01 7.463793290121607527e-01 5.978130540435724338e-01 7.463789824851702059e-01 2.042857590513416088e-01 2.204761108492343524e-01 2.378691761260787185e-02 4.906364906745858123e-02 2.665169281558738001e-02 2.664498808395721063e-02
1.737481435043930489e-02 1.736733047593752577e-02 4.264804065893390561e-02 2.689225907269099380e-02 2.320563985058637924e-01 2.129249586893917079e-01 7.336200683812751366e-01 5.976529054166634936e-01 7.336268122202768138e-01 2.129310113434452756e-01 2.320616828744058724e-01 2.688912512081659267e-02 4.264265342058864983e-02 1.737313884179397805e-02 1.737874150087120872e-02
7.905211120905974997e-03 7.904269693855048295e-03 3.674832958070556321e-02 3.058092334008649660e-02 2.464687740230870894e-01 2.246562658170601079e-01 7.241552304104654780e-01 5.952537555999211083e-01 7.241549820936917792e-01 2.246528068577403059e-01 2.464715921778818930e-01 3.057277106205236183e-02 3.675625101098234371e-02 7.903014976039290929e-03 7.910177938156792710e-03
4.415554310138958272e-03 4.423489079023346093e-03 3.595774340520813128e-02 3.329224981873640798e-02 2.614129986681108520e-01 2.389595568588557262e-01 7.163741188612211541e-01 5.865914732852859359e-01 7.163759630884372065e-01 2.389605368710145394e-01 2.614129031434334616e-01 3.329583937750707490e-02 3.595819268472449926e-02 4.410069280121164947e-03 4.413918348065426489e-03
9.197172220583360591e-03 9.197841090807790110e-03 4.166242699869948662e-02 3.425995942108722714e-02 2.741678903310673654e-01 2.536168147287081176e-01 7.082345129098257530e-01 5.698304028656567821e-01 7.082445880285734852e-01 2.536042891864165316e-01 2.741670701116308839e-01 3.424849107744476484e-02 4.166116951555948189e-02 9.208212810712046448e-03 9.206463437485767898e-03
1.906669348734657543e-02 1.907116191438212871e-02 4.926858469166123244e-02 3.196699698955351998e-02 2.754199004075423285e-01 2.594925307474353904e-01 7.067647517763655518e-01 5.599909571444464662e-01 7.067496155027693794e-01 2.594809766262661244e-01 2.754369072165934185e-01 3.197820534381179414e-02 4.926676735119167594e-02 1.905809674513864183e-02 1.907615972485593447e-02
2.801136386324526439e-02 2.801226988092059278e-02 5.809621169858780743e-02 3.219855967675305797e-02 2.790063723074154289e-01 2.646303834341836581e-01 6.953332176234496842e-01 5.337134205501079531e-01 6.953452740227907825e-01 2.646293453888934888e-01 2.790027604581342691e-01 3.219341545963028128e-02 5.809674722038499217e-02 2.801254331588992619e-02 2.800690265907340715e-02
3.061973919934735111e-02 3.061156030383249682e-02 6.243473366382962242e-02 3.422569626684623945e-02 2.792913501949858546e-01 2.632285392269388957e-01 6.847262371080793386e-01 5.091172623969797417e-01 6.847266647139698126e-01 2.632266500222110728e-01 2.792799990404717381e-01 3.422160848610833472e-02 6.244422664176074722e-02 3.062052143376359226e-02 3.061164655649067923e-02
2.541785612040381448e-02 2.541701128966622480e-02 6.055714828954306128e-02 3.770058506435641776e-02 2.777728554340672673e-01 2.572596191468723981e-01 6.783711084562900062e-01 4.900533013573250551e-01 6.783755771543269475e-01 2.572532514962322381e-01 2.777697323591410972e-01 3.770683935874341586e-02 6.055018824820779244e-02 2.541938416228167741e-02 2.541000601150544824e-02
1.406563099722935029e-02 1.405409464032880695e-02 4.999040154107886602e-02 3.828027835921532507e-02 2.680881929848422662e-01 2.445454595998278746e-01 6.897823985082974785e-01 4.942228443259562565e-01 6.897773637076213271e-01 2.445499262968475751e-01 2.680870432408218873e-01 3.828064169987255294e-02 4.998589378345608125e-02 1.405775472227444034e-02 1.406273924969575484e-02
6.551489353307071717e-03 6.555332357872256654e-03 4.292960242393933923e-02 3.864397344953457436e-02 2.659144097379296801e-01 2.402494275727410367e-01 6.979206362416087162e-01 4.885977384264358347e-01 6.979166961942258052e-01 2.402472844481928216e-01 2.659286568401063588e-01 3.864649515948054281e-02 4.291893439744309813e-02 6.550470856551748877e-03 6.553667308365596078e-03
5.988608417177909704e-03 5.983849702231591738e-03 4.035290737239283221e-02 3.655307173110289298e-02 2.642512560033033475e-01 2.394377310146598159e-01 7.078844662056826831e-01 4.852332210581296601e-01 7.078866253884052995e-01 2.394327037915340295e-01 2.642427234240062872e-01 3.655497169216825881e-02 4.034815788812695647e-02 5.999297446012186175e-03 6.000000893514711997e-03
1.316209524940847864e-02 1.316445977761032671e-02 4.485020725939109498e-02 3.388072857849833142e-02 2.636510989657790405e-01 2.409372803203139735e-01 7.133461733132031579e-01 4.810814320284164114e-01 7.133560955097093537e-01 2.409402365540128654e-01 2.636595622095372349e-01 3.387740980516240619e-02 4.484974245301581730e-02 1.316000312715770448e-02 1.316424329528581572e-02
2.398995744516457806e-02 2.400635828517350134e-02 5.475342339865435504e-02 3.307761722041241415e-02 2.648264937861662949e-01 2.426906859134848604e-01 7.099686649859970888e-01 4.752041791241012336e-01 7.099738108390534208e-01 2.426840267755059899e-01 2.648347355830350525e-01 3.308260306183058441e-02 5.475225865244998102e-02 2.400349370006599203e-02 2.400039371229456542e-02
3.059334238264099781e-02 3.059013487716322199e-02 6.142145443856872333e-02 3.324532134173435738e-02 2.597812546864735062e-01 2.368706172294720025e-01 7.077809329004018934e-01 4.855127933379562166e-01 7.077823641862472925e-01 2.368762076358738589e-01 2.597956550761427730e-01 3.325767181969158104e-02 6.142524374982216706e-02 3.059241337273538308e-02 3.058985024751975645e-02
3.008545875682749893e-02 3.008449622460052097e-02 6.521393804165848129e-02 3.785263637269942194e-02 2.656183870749235787e-01 2.378503096020978536e-01 6.931831356961087875e-01 4.837959965255034800e-01 6.931814205597103262e-01 2.378474893818484648e-01 2.656220433978679907e-01 3.785989037690690173e-02 6.521563488273568465e-02 3.008037782754874323e-02 3.008343153065246023e-02
2.235471812730299712e-02 2.235428746193945937e-02 6.205432869937355100e-02 4.268480247366651659e-02 2.740579993108644974e-01 2.413885042813312953e-01 6.804079364987238865e-01 4.861876153145294754e-01 6.803922795090002751e-01 2.413764449111656663e-01 2.740632802481327568e-01 4.267737522687037321e-02 6.206443251829812935e-02 2.235113809295169451e-02 2.235914315844111933e-02
1.251847177868409267e-02 1.251743765308982459e-02 5.486869631480406628e-02 4.545114671428868158e-02 2.845057694474739662e-01 2.493695813862847888e-01 6.715734650296771857e-01 4.899696198641455003e-01 6.715732611259673801e-01 2.493643955159984826e-01 2.844998649857408690e-01 4.545509908515038555e-02 5.486930919262561490e-02 1.250982627923269419e-02 1.251472832758021569e-02
6.163051450949030841e-03 6.166459157501025246e-03 4.593650894348244584e-02 4.263956520406758655e-02 2.890864003147974870e-01 2.573371507328124919e-01 6.761519679800626070e-01 5.057293856953928302e-01 6.761390902312434115e-01 2.573333649999033357e-01 2.890832785082969036e-01 4.264765760345767820e-02 4.593815564832409715e-02 6.171163110377075878e-03 6.177102502672171536e-03
8.876083617815666571e-03 8.875675617504630299e-03 4.661702397885297833e-02 4.061059543838552166e-02 3.009889489930297479e-01 2.728307145273559664e-01 6.692987102734857530e-01 4.981439871248024565e-01 6.693007639407397846e-01 2.728302315467822647e-01 3.010013166099086979e-01 4.060472282142751910e-02 4.661382396911989412e-02 8.879347710995300069e-03 8.877510685144585079e-03
