3.627099626091201401e-06 -1.419119236789612160e-06 -2.253457500267508351e-06 -4.758149645400777672e-07 5.603501778472796957e-06 -2.824309618509879272e-06 1.000005966860036288e+00 1.000000148600017180e+00 9.999982796803882357e-01 1.750222158314329590e-07 3.230822100963592902e-07 5.678977978984534047e-06 -4.622918943208986775e-07 -4.295790990371806117e-06 6.601549525919736539e-07
2.167292296549938602e-02 2.167850749176691849e-02 4.191854800070554665e-02 2.177848408240246059e-02 5.270253356645404619e-02 3.274667831036937038e-02 9.470134202836968385e-01 9.782312450527594905e-01 9.470102576718495424e-01 3.275144002249985586e-02 5.271118972316379825e-02 2.177727120936756577e-02 4.191137168745584507e-02 2.168469758178109830e-02 2.167739308445326696e-02
8.925814345872529199e-03 8.916891400556070657e-03 1.626723658887518909e-02 1.258631632798579147e-02 1.090911372352860731e-01 1.082015678385379598e-01 8.859773829319737004e-01 9.869035611803257391e-01 8.859660416204599986e-01 1.082055520857913566e-01 1.090961099633163678e-01 1.258219975318197736e-02 1.626367548851076483e-02 8.932450257958080009e-03 8.923877518387191010e-03
1.817906179104444853e-02 1.817224501813557991e-02 3.554332322609238259e-02 2.744813311316746107e-02 1.953358652714791699e-01 1.830853172141341800e-01 8.089635624434328154e-01 9.615173741738549662e-01 8.089620298249082797e-01 1.830805633524934528e-01 1.953294390794154678e-01 2.745561094380810641e-02 3.555160016691299996e-02 1.818387784973241050e-02 1.818055168917509512e-02
3.262273845571489472e-02 3.261794125180578208e-02 5.932992174990525669e-02 3.809522799674430749e-02 2.270734292361162310e-01 2.088799652523454231e-01 7.662027564758568943e-01 9.177702941148531135e-01 7.662016757547187584e-01 2.088898651599180867e-01 2.270829615573997651e-01 3.809566879774056725e-02 5.932334527294236270e-02 3.262030084202477420e-02 3.261782703347049228e-02
4.998791424512483150e-03 4.999694417799405155e-03 1.349174183003726268e-02 1.613016578430509496e-02 1.728504732764009622e-01 1.819986592567104933e-01 8.160765769439015660e-01 9.088967892875792209e-01 8.160799713732896921e-01 1.820032396692158327e-01 1.728370720495604473e-01 1.612863214218046570e-02 1.350326581944699678e-02 5.001541957661892468e-03 5.005058382453464461e-03
3.509177960633935722e-02 3.508415626489175265e-02 7.321191630789664062e-02 4.043571920870780989e-02 1.508247781604563631e-01 1.243619560894697607e-01 8.484140861109119580e-01 8.512028631449743976e-01 8.484252519189221520e-01 1.243587854968326023e-01 1.508238565078171556e-01 4.042329146061740541e-02 7.320527774480262151e-02 3.508919574956192999e-02 3.508347239598202938e-02
1.144309443206287247e-02 1.144070017457438082e-02 2.154939987614712393e-02 1.157309084768060048e-02 7.828961817817392532e-02 7.471844705435137790e-02 8.992513357383022932e-01 8.474949644362639312e-01 8.992583787101365855e-01 7.472213805517163854e-02 7.827704233610627282e-02 1.158288669590090691e-02 2.154959412864410062e-02 1.145125453951945094e-02 1.144682735118535133e-02
2.553411871381877640e-02 2.554095780584697550e-02 5.399824575501882551e-02 3.430008873229795086e-02 1.086188467341036024e-01 8.277351230354140776e-02 9.049717187043977429e-01 8.505297814786241251e-01 9.049717461301445276e-01 8.276517046044229442e-02 1.086188956105381687e-01 3.430484205412298593e-02 5.400344480032520655e-02 2.553174554945975006e-02 2.553744049124079263e-02
3.476044933934313574e-02 3.475530709891178072e-02 5.695323809175539820e-02 3.565032372643928138e-02 1.470237012979607183e-01 1.276833637236261532e-01 8.312211997979845890e-01 8.419100817527553904e-01 8.312400724592369228e-01 1.276858780789024705e-01 1.470486470089747422e-01 3.564117106830461124e-02 5.694427666260076792e-02 3.475262639207155058e-02 3.475666790018022700e-02
1.392500298576648810e-02 1.391828897041019752e-02 2.116555683195925353e-02 2.715096414346918063e-02 2.222534531347122866e-01 2.181394216337023129e-01 7.729893148166437911e-01 8.213979616728837030e-01 7.729815547184799573e-01 2.181428470862440960e-01 2.222570982268592399e-01 2.716302113229107640e-02 2.116707472587442407e-02 1.393193203204368125e-02 1.392946062489797132e-02
4.914158635500537331e-02 4.914949085549291663e-02 9.805415916541398991e-02 6.300617676184794291e-02 3.232005389724331157e-01 2.929281264197546308e-01 6.748917293704993492e-01 7.153281456550130146e-01 6.748888955276615143e-01 2.929348176005639459e-01 3.232043157573296077e-01 6.300675388329712856e-02 9.805419086746192114e-02 4.915004917168946941e-02 4.914065105875137229e-02
1.757743430601088619e-02 1.757264052038526314e-02 4.465141168520525561e-02 3.764488814278105222e-02 2.923298705147635013e-01 2.996863063241847480e-01 6.588393644223125012e-01 6.523957301673234399e-01 6.588496986835412628e-01 2.996881426426210027e-01 2.923213532824567862e-01 3.763517286736595135e-02 4.465368953190995693e-02 1.757809788532976869e-02 1.757557340935811396e-02
3.559961996884042357e-02 3.559674466981749275e-02 9.319500165943389591e-02 6.412979465589102590e-02 3.270643537059932937e-01 3.038465095261814186e-01 6.640609696686141650e-01 5.372969559923310712e-01 6.640706105035582008e-01 3.038602911264587370e-01 3.270739115964765853e-01 6.411619273916246975e-02 9.319281236639515020e-02 3.559402847463222219e-02 3.559705465259460633e-02
4.257901127483304515e-02 4.256259605836182347e-02 9.894011109279349236e-02 6.213723215736782768e-02 2.790012226984109889e-01 2.485509101065471738e-01 6.612651553190148634e-01 4.829456977478300272e-01 6.612623810549594916e-01 2.485611240530588573e-01 2.789867417816447315e-01 6.214157184846424986e-02 9.892718458197025111e-02 4.256576508268167247e-02 4.256657735339064441e-02
1.831696844252161949e-02 1.830979407090521649e-02 5.507142694379058012e-02 5.376517323081858590e-02 2.716362331376385164e-01 2.481379251558746279e-01 6.886189927256961552e-01 4.805777894116288196e-01 6.886122652291699620e-01 2.481478061867921081e-01 2.716278214658019996e-01 5.377050130853222587e-02 5.507082325235940212e-02 1.830371280626991171e-02 1.831328493127176715e-02
6.313492871213727264e-02 6.313295251989475831e-02 1.299154934470238554e-01 8.754106801314720521e-02 3.228107584163982802e-01 2.639734244346876313e-01 6.436225348372794919e-01 4.689022175902389789e-01 6.436286874864729501e-01 2.639659622716940546e-01 3.228139291105522335e-01 8.754854344496365570e-02 1.299057652759231241e-01 6.313703416678650981e-02 6.313236894201046390e-02
2.968163977061671899e-02 2.968305771011892080e-02 6.939983688160933362e-02 6.315608099519282037e-02 3.144941809771965580e-01 2.824038039017952029e-01 6.252658191104091268e-01 5.283982205835346946e-01 6.252644632796557911e-01 2.823843193740818158e-01 3.144921807655689516e-01 6.316861147767477425e-02 6.939064752304435757e-02 2.968604134338598266e-02 2.967311709455155988e-02
4.881334020969707588e-02 4.881533451329173046e-02 1.177224413736608355e-01 9.039612177355144107e-02 4.013426101178725891e-01 3.554659316614283138e-01 5.431299578591681776e-01 4.413682511296382338e-01 5.431224813186744660e-01 3.554643571991109585e-01 4.013401277137883527e-01 9.039138267494145618e-02 1.177198903043566447e-01 4.881632762892013089e-02 4.881720075782614021e-02
6.207488543964512218e-02 6.208479805004274432e-02 1.625199390867160254e-01 1.164679283072820315e-01 4.340468793731521169e-01 3.825533375945729953e-01 4.913332077202318682e-01 3.647919765486659638e-01 4.913325143645824733e-01 3.825448196760491415e-01 4.340536601989431476e-01 1.164690082736101751e-01 1.625235016424577128e-01 6.208292239362245279e-02 6.207947768284266532e-02
3.352677931004371947e-02 3.352517867362253545e-02 1.284205252658555674e-01 1.103877858696715175e-01 4.137033761852031977e-01 3.760590742841666834e-01 4.441476178679512610e-01 2.477464057946965337e-01 4.441488453214724741e-01 3.760597011723810223e-01 4.137012691008951637e-01 1.103812174567719295e-01 1.284252426766402388e-01 3.352883742263063072e-02 3.352125309391107422e-02
7.898702915836947058e-02 7.897792437807288346e-02 2.073454939431172983e-01 1.452219139404412607e-01 4.679014693655698109e-01 3.764072366226888233e-01 4.370264004553300330e-01 1.655398978574688651e-01 4.370339999001515152e-01 3.764017955355832279e-01 4.679014693627223664e-01 1.452180422350825562e-01 2.073337945622561462e-01 7.897715180645387134e-02 7.897797275060647326e-02
6.277526854369908094e-02 6.276990801827453392e-02 1.913947821686078354e-01 1.559615484924695150e-01 4.326598149621913025e-01 3.267189467260220859e-01 4.050374184770134667e-01 1.481516627696990440e-01 4.050391740192742507e-01 3.267150825224600652e-01 4.326556823083501646e-01 1.559613404172860984e-01 1.913983914220503957e-01 6.277436797442104144e-02 6.276606407533952270e-02
6.933544266134888945e-02 6.933698502070456682e-02 1.742746297989622439e-01 1.395786956728045647e-01 4.441103195183686014e-01 3.348493047999526184e-01 4.139861787522772785e-01 1.555111583645359952e-01 4.139919421296127111e-01 3.348530663670393759e-01 4.441164165385044216e-01 1.395818226317774857e-01 1.742841970124504036e-01 6.933906280178736559e-02 6.933394745553922434e-02
1.167367815867184078e-01 1.167249571967767796e-01 2.596673734643460962e-01 2.022667151236481886e-01 4.842491697482637636e-01 3.359744005527732780e-01 3.966265856447134253e-01 1.896340467580808209e-01 3.966255890711193333e-01 3.359772905384154074e-01 4.842414802502902349e-01 2.022579311680312575e-01 2.596640861113866938e-01 1.167407114431243675e-01 1.167319518183138061e-01
7.793696254073562146e-02 7.793717909003672339e-02 1.878663664333204975e-01 1.608383506723967127e-01 4.299280408709150736e-01 3.177380122493389525e-01 3.777318720488906933e-01 2.496066692003067189e-01 3.777372196225170509e-01 3.177355535134464559e-01 4.299311435480317467e-01 1.608349568175092004e-01 1.878620355028781108e-01 7.793417934446883466e-02 7.793325249862165238e-02
1.031758579590065228e-01 1.031789635370508051e-01 2.600030948747632520e-01 1.908911171875297130e-01 4.586640538248513144e-01 3.406026292298170444e-01 3.610021334507996782e-01 2.246280753123539586e-01 3.610046333285771292e-01 3.406085066200988387e-01 4.586580382038542014e-01 1.909000720205334956e-01 2.600050113034821919e-01 1.031671112334736073e-01 1.031735610344447496e-01
1.219265687038976198e-01 1.219274797188338866e-01 3.053920892052870983e-01 2.398655306886599003e-01 4.451218639893637086e-01 3.078529642729196936e-01 3.548229855004869648e-01 2.110367666325526637e-01 3.548257519234193635e-01 3.078456749652596081e-01 4.451261856793992111e-01 2.398642006982723007e-01 3.053921993564959747e-01 1.219339438782235940e-01 1.219218885179235712e-01
1.004386548468535478e-01 1.004439080635836090e-01 2.566164707598002082e-01 1.967068826815355220e-01 4.126352897491779581e-01 2.960679484210518853e-01 2.939464907617549971e-01 1.049317950045557946e-01 2.939403597207290164e-01 2.960706370731003845e-01 4.126352676042108203e-01 1.967002705533824614e-01 2.566120809823541626e-01 1.004448633779737032e-01 1.004437347445537032e-01
1.682683853565408172e-01 1.682739861920716784e-01 3.530803933640921932e-01 2.787525805169138726e-01 4.674901565880769105e-01 2.770084778765196099e-01 3.161456360165733059e-01 1.264115830271057561e-01 3.161465432960778310e-01 2.770186004005030234e-01 4.674881111017763491e-01 2.787541068028317470e-01 3.530840228194813690e-01 1.682688257362324746e-01 1.682640232205088737e-01
1.360936615179570430e-01 1.360950167169222569e-01 2.897108975340199066e-01 2.353800803939217756e-01 4.191866453983507101e-01 2.515661363066998835e-01 2.679393433771095623e-01 1.091136799489920706e-01 2.679379773092877004e-01 2.515661883159616696e-01 4.191803412846231702e-01 2.353825091230211664e-01 2.897071832812116998e-01 1.360934160102067469e-01 1.360899924523518711e-01
1.933180880250635059e-01 1.933082988816580139e-01 3.084300188777072682e-01 2.401328438960946832e-01 4.233568084797005859e-01 2.576478974554817225e-01 2.723037380541493135e-01 1.411702644069799950e-01 2.723003040816999731e-01 2.576465321537857456e-01 4.233662887531591812e-01 2.401415434989702113e-01 3.084260888983527682e-01 1.933191237756748393e-01 1.933121056976399021e-01
1.957656180262623002e-01 1.957691703621075585e-01 3.722719819015184450e-01 2.863824415609748097e-01 4.533776993160797408e-01 2.658625637786041773e-01 3.080785088081609002e-01 2.285303935395262553e-01 3.080619662437947825e-01 2.658586117052275100e-01 4.533736944153178849e-01 2.863910453290161584e-01 3.722765566797426873e-01 1.957700733568056295e-01 1.957643605893671368e-01
2.074521554496285280e-01 2.074651409513229572e-01 3.135702298619483797e-01 2.343959083288513767e-01 3.431991083031200596e-01 2.313841711924524147e-01 2.825865535122238925e-01 2.479368904623064362e-01 2.825845381993878913e-01 2.313942668606665531e-01 3.431996809880283328e-01 2.344100146131949391e-01 3.135697721957532158e-01 2.074537046472467172e-01 2.074559889099691357e-01
2.355547704030506173e-01 2.355617779707495640e-01 3.926204913655853002e-01 3.020638634952269030e-01 3.722164198567925464e-01 2.415407408818107116e-01 3.344052656021240244e-01 2.718061473619985957e-01 3.344026494284322304e-01 2.415306489154288583e-01 3.722066484804325004e-01 3.020653665979187164e-01 3.926255975017458599e-01 2.355596423696678099e-01 2.355529861641619260e-01
2.265857516410970107e-01 2.265844779312525259e-01 3.965602300509135647e-01 2.597561662638080970e-01 3.045836634827195910e-01 1.641108792371498981e-01 3.125961469744727994e-01 2.839443969679475988e-01 3.125965258793498291e-01 1.641098234763628816e-01 3.045786220136330047e-01 2.597618194157144123e-01 3.965667530067322755e-01 2.265930284849690390e-01 2.265838867467443452e-01
2.489779226516558031e-01 2.489792466757492773e-01 3.842898876116551121e-01 2.584167157873971110e-01 2.753400418034036568e-01 1.870285203936872809e-01 3.013568021494500426e-01 2.348083090329273759e-01 3.013597722505986232e-01 1.870324003505114963e-01 2.753383916347543758e-01 2.584081914468187580e-01 3.842799442147026845e-01 2.489749401847790033e-01 2.489759474854850163e-01
2.623844985808733710e-01 2.623862120810347420e-01 4.463986515824582835e-01 2.595183336719892875e-01 3.096005333092733958e-01 1.226483744763028905e-01 2.683369522111681560e-01 2.617408090563214662e-01 2.683383795885397882e-01 1.226465230856528255e-01 3.096088686788615596e-01 2.595083700191913589e-01 4.464053099885000320e-01 2.623904754669421635e-01 2.623875188652169399e-01
2.733832715065359631e-01 2.733810153564311118e-01 3.855484673078368729e-01 2.490208602967766138e-01 3.048594097784416146e-01 1.710657943293805716e-01 2.672180427244662537e-01 2.650649869785768331e-01 2.672174936091827324e-01 1.710729802128703736e-01 3.048530971997864825e-01 2.490227995443569098e-01 3.855518152762411610e-01 2.733710349216162960e-01 2.733807514027540297e-01
2.830654189443130853e-01 2.830576906163012607e-01 3.877712957733937538e-01 2.165679442364905061e-01 3.085098969855213369e-01 1.399372683723591471e-01 2.334191234144248339e-01 2.609482105905307492e-01 2.334270196736054626e-01 1.399344111113399181e-01 3.085010328759757448e-01 2.165587070598173902e-01 3.877787090229133926e-01 2.830621069022395409e-01 2.830611115254916266e-01
3.072500842330554427e-01 3.072506794814741093e-01 4.230940154576826595e-01 2.477546705502133850e-01 3.234582370218033187e-01 1.943336548683569087e-01 2.540327325430616345e-01 2.903978379984165636e-01 2.540227750193189693e-01 1.943210099163057425e-01 3.234626363757188150e-01 2.477507105169732826e-01 4.230977959219474616e-01 3.072432596340951561e-01 3.072570416826490569e-01
3.008184132537330968e-01 3.008162703569163821e-01 3.398225636593433796e-01 1.715479943521033834e-01 2.499789954669223713e-01 1.804965617823927615e-01 2.627428302865616461e-01 2.446998238330856945e-01 2.627428280447937636e-01 1.804915022700928073e-01 2.499830208970412748e-01 1.715579232056847481e-01 3.398263757553232622e-01 3.008044803007369761e-01 3.008125703114201133e-01
3.265287276269742689e-01 3.265262275076059595e-01 4.371700107491544030e-01 2.083420276544517558e-01 2.482268580983896245e-01 1.348699589505106267e-01 2.828541389258567573e-01 2.823093101756763978e-01 2.828529366427235403e-01 1.348751468680804422e-01 2.482296988357872158e-01 2.083438221528253753e-01 4.371676988897428839e-01 3.265278869803297512e-01 3.265188463814809317e-01
3.411245518715602110e-01 3.411363647412022360e-01 4.109602011502762053e-01 1.663703827546774150e-01 2.530337584727662681e-01 1.510885483521240968e-01 3.138627106626145080e-01 2.670710486248943916e-01 3.138656006533334097e-01 1.510954688390844236e-01 2.530296660356318728e-01 1.663697059138373735e-01 4.109634020969815116e-01 3.411307154924555496e-01 3.411332661010659795e-01
3.299985543956122092e-01 3.300033227673371261e-01 3.520857783935640306e-01 1.491000424769649002e-01 2.193543476685995142e-01 1.256293315005677647e-01 2.926993679211919996e-01 2.503762310413735204e-01 2.927035949044928254e-01 1.256264936614743810e-01 2.193503712700829444e-01 1.490979235443962714e-01 3.520927814589672189e-01 3.299997625617737684e-01 3.299983635027128881e-01
3.642675342949993622e-01 3.642728554137695252e-01 4.387924724425198431e-01 1.823390386548141562e-01 2.561694883490830410e-01 1.273909446656000810e-01 3.066919674710520960e-01 3.013948706590692250e-01 3.066962949881721912e-01 1.273837382941593321e-01 2.561767430061612227e-01 1.823277105788675412e-01 4.387980979851115459e-01 3.642699825694283300e-01 3.642749044838108352e-01
3.562522063678316697e-01 3.562587986800747064e-01 3.846743220345590908e-01 1.791436492864572072e-01 2.746099318570332515e-01 1.712403503452846754e-01 2.855400322169316940e-01 2.138987214212204613e-01 2.855494527884872569e-01 1.712421050615436924e-01 2.746077517609182839e-01 1.791448476340375406e-01 3.846810611113453682e-01 3.562562288335802685e-01 3.562628744343480092e-01
3.459476884764351445e-01 3.459438497992379791e-01 3.809462556201954619e-01 2.023052428871796593e-01 2.484775135124381862e-01 1.727383338120576650e-01 2.970133815598663962e-01 2.876001766645913116e-01 2.970183592691584273e-01 1.727312963447576455e-01 2.484743217425738337e-01 2.023164834426973147e-01 3.809427310701047342e-01 3.459493891188553105e-01 3.459479120141698560e-01
3.825943740936236792e-01 3.825736441335518823e-01 4.500992498096637040e-01 2.291288104595667896e-01 2.603162019790545290e-01 1.874304236479222285e-01 2.737167017206796338e-01 2.168849824724666808e-01 2.737128137008117967e-01 1.874297204691872110e-01 2.603015989383315465e-01 2.291418826106185191e-01 4.500927936421675324e-01 3.825879473317149171e-01 3.825895902657615588e-01
3.198407043182808218e-01 3.198445302317332040e-01 3.671849145184324925e-01 2.080968624192222616e-01 3.013604368395651489e-01 2.315152949240823488e-01 3.082625566192919164e-01 2.360730363659451769e-01 3.082544124191112234e-01 2.315068570463863495e-01 3.013709195771502869e-01 2.081102881506892710e-01 3.671882125758839654e-01 3.198382915604017773e-01 3.198404870354638607e-01
3.457647342917491429e-01 3.457749867889629014e-01 4.119028212189505544e-01 2.113022814388167969e-01 2.364936255553748423e-01 1.453459647871420124e-01 2.931167056164153406e-01 2.707762711595652627e-01 2.931352780699408300e-01 1.453540113809368428e-01 2.364870375716693895e-01 2.113051106435516746e-01 4.119084150774219300e-01 3.457651960500294774e-01 3.457713674066197340e-01
3.357985998500940816e-01 3.358036911647554468e-01 4.213813880006748724e-01 2.209004410119511097e-01 3.751868079178497517e-01 2.305731214745964097e-01 3.005417224789370678e-01 2.002267933954867130e-01 3.005370786862234800e-01 2.305799648627299137e-01 3.751804066591771791e-01 2.209073103650573411e-01 4.213849404751419114e-01 3.358011527126709694e-01 3.358013081400303967e-01
2.933838352798996407e-01 2.933830836114748042e-01 3.491892102080730864e-01 2.109646292399529055e-01 2.871028344728852599e-01 1.448604362727840544e-01 3.386930974434069208e-01 2.798292048133511623e-01 3.387102986997126974e-01 1.448651088617498583e-01 2.871044088762237378e-01 2.109652884378422910e-01 3.491762414466346165e-01 2.933831386703349420e-01 2.933932910476891864e-01
3.434625292232226235e-01 3.434693229425568872e-01 4.432807310898522757e-01 2.496921991644308614e-01 3.193611422531015265e-01 1.871487941486793538e-01 2.962417065393436744e-01 2.310006848202206253e-01 2.962451906875750440e-01 1.871472369543177305e-01 3.193690125034435723e-01 2.496923704887872852e-01 4.432786579619567013e-01 3.434651548283357281e-01 3.434618892096114040e-01
2.923462539331553312e-01 2.923511700012323411e-01 3.704594902612310392e-01 2.573790357188851519e-01 3.287622965000928099e-01 1.842087143882246147e-01 3.423711874171844749e-01 2.554400970336418442e-01 3.423590302686037035e-01 1.841990519338493337e-01 3.287748469517217109e-01 2.573742723450575531e-01 3.704544004177764971e-01 2.923497583225040386e-01 2.923546230001387580e-01
3.038939666744254753e-01 3.038936246465926416e-01 4.167675939041898814e-01 3.050038358917372405e-01 2.803419531759165917e-01 1.979975480596422033e-01 3.357343517639589381e-01 2.679229913020222398e-01 3.357397949570168905e-01 1.980044205673149871e-01 2.803563545702649762e-01 3.050047414945473157e-01 4.167677281946441381e-01 3.038910318417206158e-01 3.038838460970482158e-01
3.338079030376347456e-01 3.338165346658594212e-01 4.191535179813278278e-01 2.929177977260197796e-01 3.290410993371795656e-01 2.045416831028037397e-01 3.554119852630325815e-01 2.994787678600390191e-01 3.554040878616464560e-01 2.045352872639337183e-01 3.290450071192172476e-01 2.929258262382365974e-01 4.191488027818435769e-01 3.338027044948796429e-01 3.338101493626697280e-01
2.470011660296708711e-01 2.470092726984753351e-01 4.080839239466658164e-01 3.511093487183042372e-01 3.706692346274250704e-01 2.320613165805110456e-01 3.344330920186651124e-01 2.462021945077443319e-01 3.344397486652750384e-01 2.320623871171911823e-01 3.706551939012781571e-01 3.511137604868480588e-01 4.080971597471589329e-01 2.470059443302241031e-01 2.470020409223731006e-01
3.326479243330509039e-01 3.326535543582559429e-01 4.120152670822718743e-01 2.920042533387784411e-01 3.373761767546867296e-01 1.795228673287957988e-01 4.252785213088590699e-01 4.132489324761925431e-01 4.252763121879230557e-01 1.795260931553619987e-01 3.373753005938068261e-01 2.920034365313302072e-01 4.120214242685266703e-01 3.326447054963441730e-01 3.326452401231246858e-01
3.025092938390377406e-01 3.025126220032205993e-01 4.018509128531891905e-01 3.510144732450842797e-01 5.206485815386919791e-01 2.708436587945245444e-01 4.431657669048516546e-01 4.226325729007787690e-01 4.431666409699755449e-01 2.708601503256170551e-01 5.206540231981924283e-01 3.510162686144636668e-01 4.018487390228371314e-01 3.025038133074818836e-01 3.025131717187825586e-01
2.798482557478121913e-01 2.798369754496691786e-01 3.875674537182268731e-01 3.032433537870976581e-01 3.666553950747429291e-01 1.624693697630542055e-01 4.702797522686000820e-01 4.556432684255372623e-01 4.702783853658493163e-01 1.624618210119344597e-01 3.666548093750721105e-01 3.032286364853271077e-01 3.875529370737488821e-01 2.798472220935174781e-01 2.798402810367629501e-01
3.028702602116806197e-01 3.028681508062298633e-01 4.324755280716158223e-01 3.676030838079020202e-01 4.166235544647867717e-01 2.553729281456602607e-01 4.863807688233416360e-01 4.340173069437806008e-01 4.863773307641526267e-01 2.553776203011407508e-01 4.166105984002076434e-01 3.676075553198637769e-01 4.324828867567714341e-01 3.028707583713757256e-01 3.028695960198936055e-01
2.519170990865262083e-01 2.519255546417251690e-01 3.803411983304992861e-01 3.299086138490358033e-01 3.758381450257853307e-01 1.897696674972975117e-01 4.409631195049650287e-01 4.068332956706541270e-01 4.409578761142839975e-01 1.897752374892319738e-01 3.758489191284761222e-01 3.299146245204994665e-01 3.803407499361506905e-01 2.519141767590893366e-01 2.519231402180855950e-01
3.095518175200691058e-01 3.095449704484860565e-01 4.433819158594597409e-01 4.245899645832946767e-01 4.093096153151931094e-01 2.564419541193471153e-01 5.415895033880375742e-01 4.176285779638769791e-01 5.415948837707124097e-01 2.564336950287143257e-01 4.093169867352809410e-01 4.245984534155125556e-01 4.433913338797255688e-01 3.095421512236032346e-01 3.095464365895653214e-01
2.850435682008442551e-01 2.850489514756435749e-01 3.680555761884568566e-01 3.325543610322685417e-01 4.123547759434423310e-01 2.582449568232806358e-01 4.625886716979713542e-01 3.875033146816110885e-01 4.625862961396421391e-01 2.582529226063140504e-01 4.123489078856709122e-01 3.325547072224782630e-01 3.680592206539659572e-01 2.850355471089801029e-01 2.850524364637061492e-01
3.294039579854040056e-01 3.294047559762245392e-01 4.518987878606491315e-01 4.535873659765249366e-01 5.059789048309015769e-01 2.713130034153806713e-01 4.893690073004202112e-01 4.050003413635225868e-01 4.893628579166193204e-01 2.713126182638588846e-01 5.059820137124304562e-01 4.535944602103238465e-01 4.519025584716627741e-01 3.294113730134682894e-01 3.294026560411142390e-01
3.157712962612536645e-01 3.157735281782407810e-01 3.747985761256948933e-01 3.175134685063000228e-01 4.378417645189258689e-01 2.794004524111947108e-01 5.283251544136675637e-01 4.164172329584125420e-01 5.283157442492496525e-01 2.794006765605193121e-01 4.378422803434520727e-01 3.175126463801760668e-01 3.748019154734417713e-01 3.157711318423435665e-01 3.157786131255558293e-01
3.266999814509058409e-01 3.267037131449291310e-01 4.653979939976325975e-01 4.347734330646199630e-01 5.501701137707043499e-01 2.654059963949472190e-01 4.157140292077335930e-01 3.931403129721182665e-01 4.157169277515207484e-01 2.654027256321422890e-01 5.501731344663058909e-01 4.347695636342854830e-01 4.654020062680531700e-01 3.266954654297200000e-01 3.266937247458269189e-01
3.091261080860339128e-01 3.091307538398131438e-01 4.332415765610466707e-01 3.597099933871096833e-01 4.133766836294606173e-01 2.625130161026418829e-01 5.135694524488811918e-01 4.050213549868529328e-01 5.135697131628085277e-01 2.625091302720186093e-01 4.133724427248182676e-01 3.597103686560701452e-01 4.332440916031227718e-01 3.091277993921254241e-01 3.091286410291945730e-01
