0.000000000000000000e+00 0.000000000000000000e+00 0.000000000000000000e+00 0.000000000000000000e+00 0.000000000000000000e+00 0.000000000000000000e+00 0.000000000000000000e+00 0.000000000000000000e+00 0.000000000000000000e+00 0.000000000000000000e+00 1.000000000000000000e+00 1.000000000000000000e+00 1.000000000000000000e+00 0.000000000000000000e+00 0.000000000000000000e+00 0.000000000000000000e+00 0.000000000000000000e+00 0.000000000000000000e+00 0.000000000000000000e+00 0.000000000000000000e+00 0.000000000000000000e+00 0.000000000000000000e+00 0.000000000000000000e+00
1.175789063577550864e-01 1.175789063577550864e-01 2.075082142749394842e-01 1.175789063577550864e-01 2.075082142749394287e-01 1.175789063577550864e-01 2.075082142749394287e-01 1.175789063577550864e-01 2.075082142749393177e-01 1.175789063577549198e-01 7.924917857250606268e-01 8.824210936422450802e-01 7.924917857250610709e-01 1.175789063577547533e-01 2.075082142749389846e-01 1.175789063577546423e-01 2.075082142749389291e-01 1.175789063577547533e-01 2.075082142749389846e-01 1.175789063577546423e-01 2.075082142749387626e-01 1.175789063577545868e-01 1.175789063577545868e-01
1.474494634957377315e-01 1.474494634957377315e-01 1.677726710553155143e-01 1.749520688055102857e-01 1.943828933514456514e-01 1.749520688055098971e-01 1.943828933514464841e-01 1.749520688055081763e-01 3.674804433760390787e-01 3.538545050736644493e-01 6.267146703803794239e-01 8.250479311944618477e-01 6.267146703803343488e-01 3.538545050736350284e-01 3.674804433760071598e-01 1.749520688055097306e-01 1.943828933514458734e-01 1.749520688055094531e-01 1.943828933514455404e-01 1.749520688055093975e-01 1.677726710553152367e-01 1.474494634957371764e-01 1.474494634957371764e-01
1.167588461372645048e-01 1.167588461372645048e-01 1.186516063378292296e-01 1.865731854750536933e-01 1.673635004694256079e-01 1.939650109445677506e-01 2.299605869703638117e-01 2.420482949922316274e-01 4.620681112782292210e-01 5.253824634420506401e-01 4.804817665086972278e-01 7.369277945122280071e-01 4.804817665065697074e-01 5.253824634439699937e-01 4.620681112779416178e-01 2.420482949917792670e-01 2.299605869690106164e-01 1.939650109464399197e-01 1.673635004714401631e-01 1.865731854862711092e-01 1.186516063470391957e-01 1.167588461432581548e-01 1.167588461432581548e-01
1.487951386898442308e-01 1.487951386898442308e-01 1.160749823258123148e-01 1.710788968745169392e-01 1.316165674672191699e-01 2.276941277355019055e-01 3.215100295229352256e-01 3.902930482864794270e-01 4.683078373237254399e-01 6.597462148208870225e-01 3.470784186807275296e-01 5.941929249310000660e-01 3.470784186846850305e-01 6.597462147966266510e-01 4.683078373303926067e-01 3.902930482781261645e-01 3.215100295378439110e-01 2.276941277477702030e-01 1.316165674176531519e-01 1.710788968957697720e-01 1.160749823152417703e-01 1.487951387151884575e-01 1.487951387151884575e-01
1.574089404491180177e-01 1.574089404491180177e-01 1.318710379093156471e-01 2.021833714850711505e-01 2.101852156955882900e-01 3.123261142168131110e-01 3.856965711634345872e-01 5.308863037413967811e-01 3.534851337048018904e-01 6.444210679509548845e-01 3.102828648378577747e-01 5.634932087287310987e-01 3.102828618208611777e-01 6.444210678928489200e-01 3.534851359936964643e-01 5.308863036584064998e-01 3.856965711093363613e-01 3.123261141634815496e-01 2.101852153374506593e-01 2.021833710924570982e-01 1.318710383391491492e-01 1.574089406879032871e-01 1.574089406879032871e-01
1.550546692464428999e-01 1.550546692464428999e-01 2.079021657068404472e-01 2.736396792255972876e-01 2.916891294828719561e-01 4.437535701957448508e-01 3.523754333113131576e-01 6.138915301725050844e-01 2.596877870380189801e-01 5.686632022872015746e-01 2.896828922773044823e-01 6.120499045215748168e-01 2.896828886916944512e-01 5.686632028637156333e-01 2.596877982988258227e-01 6.138915246062480735e-01 3.523754411863901925e-01 4.437535698387042316e-01 2.916891296069598072e-01 2.736396790561144710e-01 2.079021663553496935e-01 1.550546692932425197e-01 1.550546692932425197e-01
1.763769048000454198e-01 1.763769048000454198e-01 2.823330173069509841e-01 3.638980382809604563e-01 3.742240920798691750e-01 5.516197117195218436e-01 2.712337477536685970e-01 5.944497176022928153e-01 2.299818803410899060e-01 5.563331295278947097e-01 2.696740709337844821e-01 6.044542403689711074e-01 2.696740709142382286e-01 5.563331329413424564e-01 2.299818842593735480e-01 5.944497301609567019e-01 2.712337443239256629e-01 5.516197161355326228e-01 3.742240853226576069e-01 3.638980384077987740e-01 2.823330179254436301e-01 1.763769053848185941e-01 1.763769053848185941e-01
2.498082536812045173e-01 2.498082536812045173e-01 3.465988441785378127e-01 4.710319009461965134e-01 3.329344441060809734e-01 5.854766839444479620e-01 2.146218773901349408e-01 5.534095100080934637e-01 2.484776198318975893e-01 5.829469570568368564e-01 2.311931813934421376e-01 5.675362464009598984e-01 2.311931722870331773e-01 5.829469561710713954e-01 2.484775967334540425e-01 5.534095107575200956e-01 2.146218618758223839e-01 5.854766812535389109e-01 3.329344407919886395e-01 4.710319018255904044e-01 3.465988452966459188e-01 2.498082544863519106e-01 2.498082544863519106e-01
3.514698271842793265e-01 3.514698271842793265e-01 3.468332999410909112e-01 5.599445441185579853e-01 2.641124468106256784e-01 5.688564169028376138e-01 2.360949242930391323e-01 5.496133883566242107e-01 2.341317078509603244e-01 5.790383974462935956e-01 2.146985530741337134e-01 5.565456940437275568e-01 2.146985491671949964e-01 5.790383882835731244e-01 2.341317177310010544e-01 5.496133610391196189e-01 2.360949486705677947e-01 5.688564129151002513e-01 2.641124547243395848e-01 5.599445467735824078e-01 3.468332946554613105e-01 3.514698281155935744e-01 3.514698281155935744e-01
