0.000000000000000000e+00 0.000000000000000000e+00 0.000000000000000000e+00 0.000000000000000000e+00 0.000000000000000000e+00 0.000000000000000000e+00 0.000000000000000000e+00 0.000000000000000000e+00 0.000000000000000000e+00 0.000000000000000000e+00 1.000000000000000000e+00 1.000000000000000000e+00 1.000000000000000000e+00 0.000000000000000000e+00 0.000000000000000000e+00 0.000000000000000000e+00 0.000000000000000000e+00 0.000000000000000000e+00 0.000000000000000000e+00 0.000000000000000000e+00 0.000000000000000000e+00 0.000000000000000000e+00 0.000000000000000000e+00
8.733219254515378616e-02 8.733219254515378616e-02 1.594105613808255439e-01 8.733219254515361962e-02 1.594105613808255439e-01 8.733219254515378616e-02 1.594105613808255439e-01 8.733219254515378616e-02 1.594105613808258770e-01 8.733219254515389718e-02 8.405894386191740120e-01 9.126678074548459918e-01 8.405894386191741230e-01 8.733219254515389718e-02 1.594105613808258215e-01 8.733219254515389718e-02 1.594105613808257105e-01 8.733219254515389718e-02 1.594105613808258215e-01 8.733219254515395269e-02 1.594105613808259325e-01 8.733219254515411922e-02 8.733219254515411922e-02
2.028172767252062747e-01 2.028172767252062747e-01 2.729318521324546332e-01 2.120505063145437519e-01 2.818807285453923117e-01 2.120505063145521341e-01 2.818807285453422407e-01 2.120505063145191049e-01 3.664523647513380222e-01 2.993094311008183128e-01 6.308603466683511130e-01 7.879494936854554155e-01 6.308603466683461169e-01 2.993094311008134278e-01 3.664523647515491311e-01 2.120505063145443625e-01 2.818807285453848732e-01 2.120505063145443070e-01 2.818807285453845957e-01 2.120505063145439739e-01 2.729318521324546332e-01 2.028172767252064412e-01 2.028172767252064412e-01
2.127143557540907559e-01 2.127143557540907559e-01 1.796065049075994402e-01 2.706355818178466377e-01 2.272411787599316613e-01 2.715311619019933898e-01 2.395611374206514377e-01 2.799948655367852091e-01 4.171907702857793332e-01 4.838112554470678783e-01 5.612923881606206589e-01 7.147877181161597093e-01 5.612923881631857181e-01 4.838112554518084751e-01 4.171907702958228548e-01 2.799948655422698773e-01 2.395611374320620879e-01 2.715311619120904241e-01 2.272411787662443894e-01 2.706355818090898646e-01 1.796065049034570871e-01 2.127143557544385333e-01 2.127143557544385333e-01
1.962010055713870882e-01 1.962010055713870882e-01 1.824236423904883053e-01 2.985127618774542912e-01 2.248811211968845258e-01 3.112896966272440391e-01 2.992137794504415305e-01 3.579005216162544634e-01 4.477705469515276815e-01 5.651429891958087426e-01 4.795482174699544076e-01 6.288258938232627049e-01 4.795482175145734383e-01 5.651429891472863343e-01 4.477705469738678667e-01 3.579005215772378401e-01 2.992137794327224265e-01 3.112896966186507464e-01 2.248811211831212020e-01 2.985127618707942299e-01 1.824236423856526734e-01 1.962010055858642854e-01 1.962010055858642854e-01
2.017803304491581629e-01 2.017803304491581629e-01 2.158556178665211878e-01 2.939440773672742924e-01 2.101034021958050335e-01 3.457596832492184635e-01 3.590883251330012071e-01 4.471317918105340294e-01 4.517234430636037912e-01 5.902043947949739966e-01 4.006737398264640371e-01 5.591509594783540260e-01 4.006737397858419758e-01 5.902043947481676600e-01 4.517234430762596675e-01 4.471317917549577636e-01 3.590883251115316588e-01 3.457596832363518113e-01 2.101034021724788037e-01 2.939440773758454362e-01 2.158556178557446970e-01 2.017803304223505512e-01 2.017803304223505512e-01
2.048269354350065741e-01 2.048269354350065741e-01 1.947048508466515115e-01 2.841899456053096351e-01 2.347924051496897979e-01 3.852953076268581523e-01 3.621347791604140332e-01 5.103430807461353247e-01 3.947052746326533690e-01 5.787896337049961426e-01 3.817331562952046564e-01 5.369001500131310722e-01 3.817331543444991149e-01 5.787896336890250293e-01 3.947052767842063603e-01 5.103430804937171272e-01 3.621347792057202364e-01 3.852953074548670642e-01 2.347924052912756521e-01 2.841899450448648334e-01 1.947048512582724156e-01 2.048269355423200100e-01 2.048269355423200100e-01
2.049896624656569188e-01 2.049896624656569188e-01 2.234283416688345736e-01 3.092048626235026632e-01 3.161540693218546361e-01 4.425598142755630127e-01 3.592497473583339818e-01 5.435027310539589651e-01 3.429637603454899764e-01 5.448281137120136730e-01 3.638391528672865749e-01 5.401060714258589801e-01 3.638391467316335337e-01 5.448281140297683844e-01 3.429637724212100114e-01 5.435027289022661412e-01 3.592497562509276987e-01 4.425598139520384722e-01 3.161540693581740280e-01 3.092048621878242809e-01 2.234283421302293293e-01 2.049896626737555128e-01 2.049896626737555128e-01
2.095751849659107657e-01 2.095751849659107657e-01 2.752127026978287705e-01 3.645666179695614684e-01 3.343613120302489916e-01 5.074566841241588966e-01 3.224251643809454837e-01 5.511805138577705598e-01 3.078635808477606650e-01 5.210917208678702561e-01 3.446791957853201360e-01 5.470333455649528664e-01 3.446791898408684274e-01 5.210917231142387918e-01 3.078636001954834223e-01 5.511805070958233355e-01 3.224251833351392538e-01 5.074566835525724517e-01 3.343613100572282448e-01 3.645666177966995214e-01 2.752127031795824630e-01 2.095751853116070151e-01 2.095751853116070151e-01
2.362273205144039268e-01 2.362273205144039268e-01 3.239600698560011760e-01 4.439355421246068412e-01 3.482464318222172062e-01 5.528483651678474109e-01 2.909287100847746110e-01 5.370502535747184725e-01 2.924550564503352601e-01 5.171620743870096737e-01 3.239624986719541466e-01 5.379800632953549711e-01 3.239625057564851640e-01 5.171620787296382638e-01 2.924550646225193007e-01 5.370502498366866995e-01 2.909287118745828571e-01 5.528483656319774786e-01 3.482464228698477493e-01 4.439355421791099654e-01 3.239600707338982089e-01 2.362273208830084070e-01 2.362273208830084070e-01
3.040395366691173162e-01 3.040395366691173162e-01 3.675045242398999323e-01 5.247926824759011621e-01 3.365062737504369572e-01 5.628187711399926796e-01 2.730284285367566288e-01 5.195680454916473678e-01 3.029372814343389564e-01 5.262370310780301041e-01 2.856634067588739168e-01 5.178189752399691148e-01 2.856634299704298718e-01 5.262370331035814974e-01 3.029372797302094522e-01 5.195680521934746832e-01 2.730284126804258804e-01 5.628187742749419797e-01 3.365062688076597142e-01 5.247926822729096497e-01 3.675045261171399624e-01 3.040395369770654277e-01 3.040395369770654277e-01
3.950490746388807817e-01 3.950490746388807817e-01 3.635424878490917666e-01 5.775379904619778459e-01 2.834837689044807374e-01 5.468709592153671029e-01 2.901459474720827214e-01 5.178689683427223356e-01 2.986276838465404815e-01 5.316783694383053760e-01 2.580860198656437232e-01 5.046785420144289658e-01 2.580860232362784945e-01 5.316783726911930019e-01 2.986276729508711147e-01 5.178689700286818187e-01 2.901459434135953419e-01 5.468709640424637142e-01 2.834837779310807604e-01 5.775379891452632197e-01 3.635424867151211270e-01 3.950490748615470560e-01 3.950490748615470560e-01
4.706837488945875281e-01 4.706837488945875281e-01 3.125085119637568409e-01 5.866216707631046745e-01 2.841817374773813465e-01 5.268294024414160726e-01 3.302518318532265407e-01 5.311392831726663433e-01 2.641340172783469553e-01 5.214051929524385898e-01 2.512519591864332824e-01 5.075119155319058883e-01 2.512519254273293257e-01 5.214052051203628135e-01 2.641340040673971767e-01 5.311392740982959770e-01 3.302518429629330843e-01 5.268294083919050630e-01 2.841817444026081829e-01 5.866216665909025352e-01 3.125085044795626321e-01 4.706837497048856900e-01 4.706837497048856900e-01
5.090214076268748666e-01 5.090214076268748666e-01 2.592674854928981865e-01 5.560841709124970667e-01 3.195131565443621868e-01 5.224313080327915859e-01 3.120139126595900536e-01 5.422417858267554180e-01 2.541139246263610652e-01 5.082555447308590990e-01 2.480269106619025221e-01 5.228230977435885940e-01 2.480268920543465261e-01 5.082555749928238109e-01 2.541139439633687824e-01 5.422417813499694761e-01 3.120139222305349236e-01 5.224313140090469654e-01 3.195131465966694062e-01 5.560841611795905859e-01 2.592674765711955875e-01 5.090214091100813132e-01 5.090214091100813132e-01
5.043818386585723346e-01 5.043818386585723346e-01 2.398157287297240092e-01 5.053762935973982184e-01 3.556567135563903359e-01 5.364064091537580348e-01 2.725165604775088291e-01 5.344198065682034260e-01 2.761963477561727442e-01 5.108196925367668451e-01 2.454060246320594052e-01 5.288367065563378544e-01 2.454060323717121572e-01 5.108197251394936966e-01 2.761963615466357380e-01 5.344198136618294459e-01 2.725165524195149458e-01 5.364064136508612801e-01 3.556566937707891229e-01 5.053762788698281661e-01 2.398157245615419320e-01 5.043818393726453575e-01 5.043818393726453575e-01
