0.000000000000000000e+00 0.000000000000000000e+00 0.000000000000000000e+00 0.000000000000000000e+00 0.000000000000000000e+00 0.000000000000000000e+00 0.000000000000000000e+00 0.000000000000000000e+00 0.000000000000000000e+00 0.000000000000000000e+00 1.000000000000000000e+00 1.000000000000000000e+00 1.000000000000000000e+00 0.000000000000000000e+00 0.000000000000000000e+00 0.000000000000000000e+00 0.000000000000000000e+00 0.000000000000000000e+00 0.000000000000000000e+00 0.000000000000000000e+00 0.000000000000000000e+00 0.000000000000000000e+00 0.000000000000000000e+00
2.497917360985701940e-03 2.497917360985701940e-03 4.983355539688205660e-03 2.497917360985646429e-03 4.983355539688150149e-03 2.497917360985646429e-03 4.983355539688150149e-03 2.497917360985646429e-03 4.983355539688150149e-03 2.497917360985590918e-03 9.950166444603119054e-01 9.975020826390144091e-01 9.950166444603119054e-01 2.497917360985646429e-03 4.983355539688150149e-03 2.497917360985646429e-03 4.983355539688150149e-03 2.497917360985590918e-03 4.983355539688094638e-03 2.497917360985590918e-03 4.983355539688094638e-03 2.497917360985590918e-03 2.497917360985590918e-03
9.554726075525543649e-03 9.554726075525543649e-03 1.891808355816604337e-02 9.555752125571914668e-03 1.891910874252794583e-02 9.555752026083108586e-03 1.891910864889395638e-02 9.555752030054764923e-03 1.932747392435169020e-02 9.964501802975866962e-03 9.806721415786201490e-01 9.904442479661041965e-01 9.806721415786123774e-01 9.964501802975922473e-03 1.932747392435191225e-02 9.555752030054709412e-03 1.891910864889423394e-02 9.555752026083441653e-03 1.891910874252800134e-02 9.555752125571803646e-03 1.891808355816615439e-02 9.554726075525876716e-03 9.554726075525876716e-03
1.994587133993064310e-02 1.994587133993064310e-02 3.898725301982758351e-02 1.996134681946393208e-02 3.900269856332805318e-02 1.996134045695452386e-02 3.900287945260771938e-02 1.996152302080272944e-02 4.134030420349560364e-02 2.230404000325819647e-02 9.586546738006647139e-01 9.800383258283329457e-01 9.586546738006068713e-01 2.230404000334362813e-02 4.134030420357770463e-02 1.996152302080284047e-02 3.900287945260749733e-02 1.996134045695430181e-02 3.900269856332794216e-02 1.996134681946398759e-02 3.898725301982780556e-02 1.994587133993069861e-02 1.994587133993069861e-02
3.189954162254027281e-02 3.189954162254027281e-02 6.120351699195603068e-02 3.198890095042367099e-02 6.129242477897262065e-02 3.198890570122825405e-02 6.129509466361243719e-02 3.199147281290948275e-02 6.859127925152896932e-02 3.931701448902497065e-02 9.313801125752217969e-01 9.680063982993905025e-01 9.313801125751864918e-01 3.931701448901292473e-02 6.859127925151670135e-02 3.199147281290909417e-02 6.129509466361249270e-02 3.198890570122819854e-02 6.129242477897256514e-02 3.198890095042322690e-02 6.120351699195564210e-02 3.189954162253977321e-02 3.189954162253977321e-02
4.343969433897187926e-02 4.343969433897187926e-02 8.128909918428184334e-02 4.376283022197191563e-02 8.160942572509194415e-02 4.376298154444635546e-02 8.162690812897233084e-02 4.377963746708979365e-02 9.839864703576739480e-02 6.066250296808900488e-02 9.014950163725321541e-01 9.562065509999739810e-01 9.014950163697861285e-01 6.066250296882180759e-02 9.839864705513401422e-02 4.377963748687935253e-02 8.162690814635042980e-02 4.376298154461633061e-02 8.160942572526841410e-02 4.376283022194571437e-02 8.128909918435622828e-02 4.343969433884570241e-02 4.343969433884570241e-02
5.275953657886273129e-02 5.275953657886273129e-02 9.559331327549791535e-02 5.363407638563039148e-02 9.645606772144210694e-02 5.363514861426926794e-02 9.653128983985598266e-02 5.370615974719145091e-02 1.283430298646993650e-01 8.584083402306547095e-02 8.713537712791159517e-01 9.462351227685956712e-01 8.713537712740123675e-01 8.584083402325248802e-02 1.283430298672427750e-01 5.370615975085502036e-02 9.653128984332437490e-02 5.363514861423240854e-02 9.645606772037673693e-02 5.363407638542555533e-02 9.559331327408854273e-02 5.275953657974685740e-02 5.275953657974685740e-02
5.854838734139911072e-02 5.854838734139911072e-02 1.018324585737175880e-01 6.048127273457459818e-02 1.037266380073008087e-01 6.048630474922933598e-02 1.039732447475414934e-01 6.071667949064069036e-02 1.566900276924660940e-01 1.142133793304609402e-01 8.425893002688604749e-01 9.390940765563656756e-01 8.425893003580441354e-01 1.142133793189350488e-01 1.566900277871439151e-01 6.071667950124087776e-02 1.039732447535634541e-01 6.048630474448724037e-02 1.037266379836681018e-01 6.048127273462144959e-02 1.018324585477210498e-01 5.854838736052087045e-02 5.854838736052087045e-02
6.020734358545953846e-02 6.020734358545953846e-02 9.948708131278022337e-02 6.387265610364167845e-02 1.030466653697259538e-01 6.389079480419951329e-02 1.037119186885693267e-01 6.450574751737386814e-02 1.826300067699072605e-01 1.450636386210538697e-01 8.158704412122981253e-01 9.349948564545034202e-01 8.158704413198458738e-01 1.450636386034223624e-01 1.826300068667409127e-01 6.450574753336857370e-02 1.037119186995264508e-01 6.389079480832143831e-02 1.030466653094189722e-01 6.387265609505432540e-02 9.948708127355565534e-02 6.020734360190865830e-02 6.020734360190865830e-02
5.791523678051235802e-02 5.791523678051235802e-02 8.978090179887632249e-02 6.406282396627799303e-02 9.568046339546876222e-02 6.411661081562541886e-02 9.722686629777577139e-02 6.553288451835681538e-02 2.062899759465963156e-01 1.776885897465684261e-01 7.908913117464688725e-01 9.333368309195912982e-01 7.908913118706855094e-01 1.776885897253815960e-01 2.062899760182186903e-01 6.553288453208366837e-02 9.722686632974564258e-02 6.411661080953240388e-02 9.568046325573342781e-02 6.406282394056023177e-02 8.978090173554736930e-02 5.791523678762422467e-02 5.791523678762422467e-02
5.253999627251754179e-02 5.253999627251754179e-02 7.527084570720682377e-02 6.184079995443109157e-02 8.406182524732525030e-02 6.197804368098386307e-02 8.725435189178110118e-02 6.488167262017940917e-02 2.285289922413096253e-01 2.114979026685658292e-01 7.665807839041888228e-01 9.328566998991111303e-01 7.665807840162739417e-01 2.114979027017212521e-01 2.285289923466705675e-01 6.488167262843352878e-02 8.725435194904945790e-02 6.197804367341924747e-02 8.406182502259407219e-02 6.184079990989727049e-02 7.527084560312097272e-02 5.253999627736982703e-02 5.253999627736982703e-02
4.542316187604894528e-02 4.542316187604894528e-02 5.916995584500156502e-02 5.828004925368507338e-02 7.109635967979660576e-02 5.859049925997489305e-02 7.707390275061626328e-02 6.400654790691978624e-02 2.505789810106980320e-01 2.460925734148750044e-01 7.414694545406494974e-01 9.319077281051481032e-01 7.414694545280993143e-01 2.460925734497698691e-01 2.505789810602377932e-01 6.400654791448884273e-02 7.707390284316822937e-02 5.859049925523823754e-02 7.109635937400943240e-02 5.828004919123869199e-02 5.916995569770439056e-02 4.542316188027056834e-02 4.542316188027056834e-02
3.809040166669597216e-02 3.809040166669597216e-02 4.458277104902697019e-02 5.446082598928148055e-02 5.943326094706630203e-02 5.509637205057549281e-02 6.973902408425547428e-02 6.443353390206169040e-02 2.736265541596873963e-01 2.812980932469978934e-01 7.141176712978039021e-01 9.288005818469031727e-01 7.141176713002149734e-01 2.812980932805065337e-01 2.736265541403578583e-01 6.443353392747591668e-02 6.973902426086286965e-02 5.509637203062461852e-02 5.943326055943892738e-02 5.446082590767270526e-02 4.458277086721235127e-02 3.809040167003746591e-02 3.809040167003746591e-02
3.195234324217000044e-02 3.195234324217000044e-02 3.384171093847265777e-02 5.123522077848291501e-02 5.089655258529052206e-02 5.243050066368576401e-02 6.744479081872906123e-02 6.748358097516210519e-02 2.984391642325586735e-01 3.171374845814698418e-01 6.835008810146036007e-01 9.221291413666090619e-01 6.835008809978806443e-01 3.171374846198380393e-01 2.984391641713908250e-01 6.748358102061946528e-02 6.744479103350614624e-02 5.243050065872317811e-02 5.089655220394029289e-02 5.123522070468883305e-02 3.384171075829950359e-02 3.195234325264167952e-02 3.195234325264167952e-02
2.805715255039298306e-02 2.805715255039298306e-02 2.809454342112488456e-02 4.908832957953174203e-02 4.620686373280685766e-02 5.117648196725094190e-02 7.117365078088255803e-02 7.407393429716530031e-02 3.251212307394367174e-01 3.537452871144098898e-01 6.492659879787212596e-01 9.110139120974531934e-01 6.492659879867785921e-01 3.537452871766975093e-01 3.251212306548971753e-01 7.407393440525450456e-02 7.117365110710910381e-02 5.117648196799240434e-02 4.620686338074786459e-02 4.908832954429998008e-02 2.809454329304761355e-02 2.805715257677049435e-02 2.805715257677049435e-02
2.693955717931945104e-02 2.693955717931945104e-02 2.721863902790933043e-02 4.811858755018033618e-02 4.503447347833344772e-02 5.153587140022353186e-02 8.067637693641427354e-02 8.462754951031448147e-02 3.530486033108721777e-01 3.912401641174700906e-01 6.118104730267899249e-01 8.952207249316774806e-01 6.118104729655571283e-01 3.912401642539539703e-01 3.530486032978692457e-01 8.462754964893920429e-02 8.067637732896609792e-02 5.153587141374232905e-02 4.503447320616249527e-02 4.811858757952863774e-02 2.721863899496185235e-02 2.693955723638630229e-02 2.693955723638630229e-02
2.858650559010439407e-02 2.858650559010439407e-02 3.004983171124092634e-02 4.812668294201649655e-02 4.632913608644406711e-02 5.340028606495550445e-02 9.475255658450010277e-02 9.909218552131826563e-02 3.809830909012712485e-01 4.295866575158368006e-01 5.721825525863010187e-01 8.751447668976197747e-01 5.721825525138801716e-01 4.295866576775125290e-01 3.809830909031674540e-01 9.909218570308869767e-02 9.475255703604501534e-02 5.340028607249774906e-02 4.632913590769438539e-02 4.812668304125045093e-02 3.004983179937192883e-02 2.858650568217124821e-02 2.858650568217124821e-02
3.251283206332045150e-02 3.251283206332045150e-02 3.483550367927967795e-02 4.877362730477813324e-02 4.879998887883024716e-02 5.649008331739396871e-02 1.117199176257668292e-01 1.170462062934712888e-01 4.073257357973459336e-01 4.684828218107096043e-01 5.318438382863026614e-01 8.516810423061502711e-01 5.318438382142002263e-01 4.684828219849433428e-01 4.073257358462819000e-01 1.170462065000412166e-01 1.117199180980031903e-01 5.649008329137256146e-02 4.879998877159963389e-02 4.877362748245495094e-02 3.483550391451173400e-02 3.251283217952055660e-02 3.251283217952055660e-02
3.791751478596294689e-02 3.791751478596294689e-02 3.977276212116392928e-02 4.975251392893387248e-02 5.138878729148049773e-02 6.050965667794566683e-02 1.299242517533758523e-01 1.378521695244659950e-01 4.304377418043930925e-01 5.073063271623925452e-01 4.923648298320862371e-01 8.260256313768996606e-01 4.923648296923182066e-01 5.073063273479581081e-01 4.304377418204547445e-01 1.378521697733315898e-01 1.299242522554323043e-01 6.050965661806667617e-02 5.138878726098172756e-02 4.975251413651304855e-02 3.977276244755034718e-02 3.791751491989392431e-02 3.791751491989392431e-02
4.387795221139723090e-02 4.387795221139723090e-02 4.348461471850723070e-02 5.091981301592307663e-02 5.359740518156347333e-02 6.527193798350616749e-02 1.481479031602700447e-01 1.608159494135604217e-01 4.489483397095217487e-01 5.451383898588937349e-01 4.551319995901412230e-01 7.994605796195934921e-01 4.551319994630906862e-01 5.451383899902877417e-01 4.489483396506618318e-01 1.608159496604396055e-01 1.481479036166306051e-01 6.527193786875912229e-02 5.359740517406030857e-02 5.091981321936212002e-02 4.348461508794365660e-02 4.387795233970670505e-02 4.387795233970670505e-02
4.953691979669283540e-02 4.953691979669283540e-02 4.531795684522105239e-02 5.234877192814452185e-02 5.558750919810712121e-02 7.076054074900173241e-02 1.658196153042389431e-01 1.853156946562045104e-01 4.619798189741040617e-01 5.808653595746521292e-01 4.211332428941377826e-01 7.731699943472711833e-01 4.211332426887822722e-01 5.808653597180957195e-01 4.619798188260592631e-01 1.853156948718647778e-01 1.658196156713500624e-01 7.076054056908498424e-02 5.558750916307753087e-02 5.234877207977262081e-02 4.531795717951170310e-02 4.953691988718111894e-02 4.953691988718111894e-02
5.424511741268023268e-02 5.424511741268023268e-02 4.540631757781710132e-02 5.429460752485959496e-02 5.804690430591014083e-02 7.712113052528940527e-02 1.829957369664655942e-01 2.108784824735736585e-01 4.692466446516139755e-01 6.133374131978907018e-01 3.908605995808878686e-01 7.481185533145529032e-01 3.908605993181690774e-01 6.133374133424880359e-01 4.692466443768297246e-01 2.108784826412853364e-01 1.829957372396242565e-01 7.712113031498435411e-02 5.804690417210361941e-02 5.429460760897841798e-02 4.540631781441462067e-02 5.424511746150034730e-02 5.424511746150034730e-02
5.763733404987742004e-02 5.763733404987742004e-02 4.450891180157268145e-02 5.708944918555503012e-02 6.188876684221011892e-02 8.459653146304901838e-02 2.001513825042581241e-01 2.371994140096136405e-01 4.710208439341837527e-01 6.415485602189521241e-01 3.643352062346908449e-01 7.250021381903323237e-01 3.643352059509211704e-01 6.415485602765200746e-01 4.710208434538339373e-01 2.371994141077743978e-01 2.001513826581921007e-01 8.459653122296645344e-02 6.188876659370451394e-02 5.708944916131647451e-02 4.450891187924460590e-02 5.763733403455367776e-02 5.763733403455367776e-02
5.963849652620639707e-02 5.963849652620639707e-02 4.369662929835754772e-02 6.100617150336851147e-02 6.789600976507159658e-02 9.343485054602979067e-02 2.178698358983965355e-01 2.641116906610779247e-01 4.679886729510340793e-01 6.647963151956445271e-01 3.412284191056577098e-01 7.042594133329045381e-01 3.412284187270781532e-01 6.647963152719083002e-01 4.679886723621015099e-01 2.641116907937310909e-01 2.178698360603415485e-01 9.343485034831078284e-02 6.789600939769768750e-02 6.100617139817005041e-02 4.369662919996425421e-02 5.963849645903790408e-02 5.963849645903790408e-02
6.041172566501068486e-02 6.041172566501068486e-02 4.398930271853535023e-02 6.613753644786701802e-02 7.643033739175369989e-02 1.038036795216585872e-01 2.365373376152175022e-01 2.915259163913679896e-01 4.610474359833172664e-01 6.827849323785634139e-01 3.210332035854027710e-01 6.861211344251392230e-01 3.210332031520717888e-01 6.827849324361195960e-01 4.610474352632831230e-01 2.915259165210930536e-01 2.365373377876414107e-01 1.038036793502343791e-01 7.643033693981460264e-02 6.613753626107499173e-02 4.398930244799525990e-02 6.041172554913992743e-02 6.041172554913992743e-02
6.027144876873768986e-02 6.027144876873768986e-02 4.605087365766807883e-02 7.233025790492803031e-02 8.729600353376648636e-02 1.157366046315165820e-01 2.561358751765095976e-01 3.193605994667090275e-01 4.510993802488572624e-01 6.956504887867733800e-01 3.032343771943787347e-01 6.706695131209754468e-01 3.032343768750810353e-01 6.956504886958512213e-01 4.510993794704127868e-01 3.193605995108004247e-01 2.561358753224830531e-01 1.157366044737512811e-01 8.729600305492324352e-02 7.233025765023709530e-02 4.605087325812434740e-02 6.027144861296424017e-02 6.027144861296424017e-02
5.958789156017479938e-02 5.958789156017479938e-02 5.002154553059862119e-02 7.919467641269989366e-02 9.979253872111659707e-02 1.291236427752540106e-01 2.761867284981806558e-01 3.474831748823494770e-01 4.388930114815920436e-01 7.039056445069669099e-01 2.874356387701635374e-01 6.578866858938458018e-01 2.874356385415172688e-01 7.039056443703836097e-01 4.388930108101887773e-01 3.474831749826158278e-01 2.761867287571452279e-01 1.291236426907722556e-01 9.979253832468776286e-02 7.919467613629332936e-02 5.002154508445161296e-02 5.958789138741765745e-02 5.958789138741765745e-02
5.870592331018043009e-02 5.870592331018043009e-02 5.551966607846087198e-02 8.618689625238623586e-02 1.129284665859049408e-01 1.437420785478711882e-01 2.958459488837050233e-01 3.756754483120612331e-01 4.249430273493089993e-01 7.083209235648885160e-01 2.734197211377259462e-01 6.476824494349746608e-01 2.734197209725892641e-01 7.083209233916734071e-01 4.249430269436871299e-01 3.756754484896605017e-01 2.958459492772934629e-01 1.437420784696323839e-01 1.129284663549148804e-01 8.618689590959416336e-02 5.551966563294408186e-02 5.870592308027589024e-02 5.870592308027589024e-02
5.789285121413917379e-02 5.789285121413917379e-02 6.179531962574535964e-02 9.273900097214460292e-02 1.257188430143373337e-01 1.593124642518400913e-01 3.141072346927386016e-01 4.036292003170520726e-01 4.095351567411781302e-01 7.097725428275329929e-01 2.611397967306964274e-01 6.399037079455337507e-01 2.611397967056865443e-01 7.097725426590355546e-01 4.095351566753097083e-01 4.036292006997127535e-01 3.141072352217973984e-01 1.593124642826694859e-01 1.257188430507684695e-01 9.273900068237139749e-02 6.179531929967607695e-02 5.789285099879110108e-02 5.789285099879110108e-02
5.731941878470403484e-02 5.731941878470403484e-02 6.797709508559007796e-02 9.839997140345718707e-02 1.374676472556380924e-01 1.755599001555991356e-01 3.300399701809236808e-01 4.309701820776521419e-01 3.927987244877778616e-01 7.090922537805842696e-01 2.506589000410043289e-01 6.343367145015923469e-01 2.506589001798013583e-01 7.090922535557289130e-01 3.927987247906700174e-01 4.309701826187033458e-01 3.300399706957801160e-01 1.755599002917168638e-01 1.374676476027968386e-01 9.839997116617821282e-02 6.797709491324149811e-02 5.731941859996553257e-02 5.731941859996553257e-02
5.706900338549963925e-02 5.706900338549963925e-02 7.333353255858127140e-02 1.029487750954842795e-01 1.479466719448138123e-01 1.922633270982293530e-01 3.429875181169508291e-01 4.573023169064485693e-01 3.748140165073477470e-01 7.069501181592878769e-01 2.420650004607276529e-01 6.307148806269250452e-01 2.420650007748846311e-01 7.069501177981889484e-01 3.748140171489977579e-01 4.573023173959359089e-01 3.429875183905767289e-01 1.922633272605588362e-01 1.479466725502116553e-01 1.029487748590328655e-01 7.333353254951291422e-02 5.706900319292057544e-02 5.706900319292057544e-02
5.716408041771969817e-02 5.716408041771969817e-02 7.747470512465959303e-02 1.064509354538999419e-01 1.574202709889904184e-01 2.092830366385124985e-01 3.526709375489744946e-01 4.822601185469347351e-01 3.557162672323417874e-01 7.037905589624465774e-01 2.353906593608634523e-01 6.287411112690324266e-01 2.353906597870948358e-01 7.037905585323067648e-01 3.557162681192370668e-01 4.822601190974690755e-01 3.526709375312979677e-01 2.092830368407664343e-01 1.574202719033616082e-01 1.064509352187986146e-01 7.747470527275385210e-02 5.716408016567281480e-02 5.716408016567281480e-02
5.759713936571575488e-02 5.759713936571575488e-02 8.044378428611331788e-02 1.092469321256043235e-01 1.665164653435132203e-01 2.265653336692666775e-01 3.591781176081267346e-01 5.055561480702565058e-01 3.357643456524217473e-01 6.998273594597437253e-01 2.305594900960161175e-01 6.281249360680790650e-01 2.305594905733426292e-01 6.998273590082914053e-01 3.357643466730556026e-01 5.055561486487314404e-01 3.591781172561513413e-01 2.265653339246901932e-01 1.665164664917035964e-01 1.092469319113694159e-01 8.044378455520745375e-02 5.759713907587116211e-02 5.759713907587116211e-02
5.835555987813378920e-02 5.835555987813378920e-02 8.268410491224797987e-02 1.118797485174361506e-01 1.759928464479574850e-01 2.441300755412327828e-01 3.628554482476558096e-01 5.270125467560942134e-01 3.153568081686476954e-01 6.950892745847223608e-01 2.273699312436574527e-01 6.286262678840003337e-01 2.273699317240844286e-01 6.950892741855050350e-01 3.153568092141106893e-01 5.270125473917850467e-01 3.628554475735203400e-01 2.441300759172677637e-01 1.759928478004222363e-01 1.118797483308825447e-01 8.268410524159897079e-02 5.835555953956700348e-02 5.835555953956700348e-02
5.943467277482605837e-02 5.943467277482605837e-02 8.490317211391107399e-02 1.149840918813556656e-01 1.864756897302393135e-01 2.620495120882626594e-01 3.641469143112042728e-01 5.465697873394264050e-01 2.949954715316159826e-01 6.894976867842115276e-01 2.255148734814530487e-01 6.300920488163965771e-01 2.255148737909996592e-01 6.894976864487076806e-01 2.949954724375237203e-01 5.465697878756934358e-01 3.641469132272471265e-01 2.620495124975342760e-01 1.864756911670628625e-01 1.149840917060261924e-01 8.490317237321043375e-02 5.943467242500360959e-02 5.943467242500360959e-02
6.083880818237569210e-02 6.083880818237569210e-02 8.788106057515110425e-02 1.191674568550460944e-01 1.982544287830697027e-01 2.804256328410104082e-01 3.634366328994403927e-01 5.642713381094270897e-01 2.752127220254352857e-01 6.829535637368585599e-01 2.246259595665460740e-01 6.324716772887748473e-01 2.246259595134643128e-01 6.829535634718318926e-01 2.752127227716871793e-01 5.642713384118238640e-01 3.634366315138087833e-01 2.804256331998723484e-01 1.982544302055970764e-01 1.191674566029837790e-01 8.788106071065981961e-02 6.083880772903610401e-02 6.083880772903610401e-02
6.257440446722217775e-02 6.257440446722217775e-02 9.228026654586884980e-02 1.249117010651336623e-01 2.111914786245300268e-01 2.993696191697791109e-01 3.609431493387254553e-01 5.802286046778585282e-01 2.564877013442775633e-01 6.754127588754836875e-01 2.243270664483636434e-01 6.358022079307951158e-01 2.243270659772477194e-01 6.754127586897300528e-01 2.564877018127870167e-01 5.802286048301182886e-01 3.609431478789274506e-01 2.993696195284950567e-01 2.111914801166795974e-01 1.249117007305238225e-01 9.228026650717391366e-02 6.257440394782048942e-02 6.257440394782048942e-02
6.464158525733587624e-02 6.464158525733587624e-02 9.850694874014742641e-02 1.325149433591682469e-01 2.247680062132495493e-01 3.189833420545972742e-01 3.566920723365566426e-01 5.945746880666775702e-01 2.391778604457102664e-01 6.669353302580709464e-01 2.242819846813570717e-01 6.401631384179702344e-01 2.242819838304512259e-01 6.669353301215903418e-01 2.391778606982842281e-01 5.945746881373787929e-01 3.566920709375784870e-01 3.189833423599425233e-01 2.247680076598141397e-01 1.325149429468948648e-01 9.850694852887514896e-02 6.464158469265912643e-02 6.464158469265912643e-02
6.703007590212223255e-02 6.703007590212223255e-02 1.066531305286343434e-01 1.420802968717941317e-01 2.382426472767094072e-01 3.393407910521943349e-01 3.505656552909582335e-01 6.074177544602388235e-01 2.234852424437408502e-01 6.577034261655593239e-01 2.242260316384571128e-01 6.456104005437299787e-01 2.242260306070740783e-01 6.577034260551742895e-01 2.234852425467337977e-01 6.074177544864004519e-01 3.505656541551241956e-01 3.393407913636148354e-01 2.382426487470597487e-01 1.420802964415198710e-01 1.066531301643239837e-01 6.703007535568428210e-02 6.703007535568428210e-02
6.972290538789827075e-02 6.972290538789827075e-02 1.165235102863612648e-01 1.535450343595843870e-01 2.508663887976174678e-01 3.604677680723025190e-01 3.424036710127695837e-01 6.188044032748742929e-01 2.094647294730873077e-01 6.480105452490935170e-01 2.239772935419616640e-01 6.521061230812814635e-01 2.239772924701137202e-01 6.480105450511612908e-01 2.094647299919085159e-01 6.188044030514160410e-01 3.424036702139934274e-01 3.604677683262960119e-01 2.508663901281115716e-01 1.535450338644888668e-01 1.165235097604415127e-01 6.972290482554166502e-02 6.972290482554166502e-02
7.270797032203568655e-02 7.270797032203568655e-02 1.277270161238064361e-01 1.667343699070144569e-01 2.620827729643057102e-01 3.823205292571104086e-01 3.321160492977568435e-01 6.287007673271347574e-01 1.970682430382031947e-01 6.382307593379832333e-01 2.234295843082177990e-01 6.594636624045594475e-01 2.234295833491880545e-01 6.382307589669795611e-01 1.970682443821158980e-01 6.287007669193280801e-01 3.321160488147770207e-01 3.823205291885960477e-01 2.620827740401295847e-01 1.667343693536201821e-01 1.277270156526353340e-01 7.270796967425458002e-02 7.270796967425458002e-02
7.599396459552720806e-02 7.599396459552720806e-02 1.397983102964838187e-01 1.814207800026131912e-01 2.716512940542697985e-01 4.047669277910984076e-01 3.197685049444329852e-01 6.369951177011479171e-01 1.862085333772182660e-01 6.287789426293195483e-01 2.225328865696694636e-01 6.673243885472635029e-01 2.225328862774257899e-01 6.287789420552468700e-01 1.862085355167455436e-01 6.369951172667465134e-01 3.197685048006311259e-01 4.047669276924585890e-01 2.716512949572195135e-01 1.814207795160333037e-01 1.397983098180177741e-01 7.599396401447705562e-02 7.599396401447705562e-02
7.962552402005385055e-02 7.962552402005385055e-02 1.523115692350650585e-01 1.973726098551695229e-01 2.796597459312319955e-01 4.275756852939307517e-01 3.056154724037504766e-01 6.435211027168823428e-01 1.768214615496154218e-01 6.200716108055993603e-01 2.212687258276609947e-01 6.751750893807312304e-01 2.212687262570807722e-01 6.200716100193025548e-01 1.768214648540704093e-01 6.435211023306488531e-01 3.056154724637398790e-01 4.275756849127427817e-01 2.796597464184288340e-01 1.973726093428738726e-01 1.523115688417177593e-01 7.962552341524270494e-02 7.962552341524270494e-02
8.369199433142759936e-02 8.369199433142759936e-02 1.649570517814588633e-01 2.143826954637427784e-01 2.864282031176830778e-01 4.504192267449751430e-01 2.900748528700869966e-01 6.480967447942227455e-01 1.689075827765077475e-01 6.124945124913001582e-01 2.196272799979530066e-01 6.824044976278378360e-01 2.196272816707631748e-01 6.124945113635273941e-01 1.689075870058665552e-01 6.480967445809548977e-01 2.900748528791682879e-01 4.504192263658834960e-01 2.864282032860248073e-01 2.143826951927871316e-01 1.649570516094123751e-01 8.369199384504055761e-02 8.369199384504055761e-02
8.832598864254337379e-02 8.832598864254337379e-02 1.775661667866250681e-01 2.322761656855384382e-01 2.923414693214180238e-01 4.728930987918912865e-01 2.736590130169083146e-01 6.505713055371993292e-01 1.625411369980824250e-01 6.063788080039032025e-01 2.175911596637345458e-01 6.883875999195024908e-01 2.175911622800115741e-01 6.063788065912216751e-01 1.625411420624479075e-01 6.505713056125768112e-01 2.736590128289800306e-01 4.728930982054375121e-01 2.923414689352137330e-01 2.322761653997075237e-01 1.775661667605632488e-01 8.832598814093195472e-02 8.832598814093195472e-02
9.369062310429177032e-02 9.369062310429177032e-02 1.900878896893464232e-01 2.509033800794329139e-01 2.976676768321910860e-01 4.945507654731424174e-01 2.568894369052686644e-01 6.508708744856270823e-01 1.578449293494329497e-01 6.019842603482778998e-01 2.151281582999387543e-01 6.925792542288979892e-01 2.151281619269952428e-01 6.019842584876726743e-01 1.578449347897505350e-01 6.508708749819152040e-01 2.568894362541416787e-01 4.945507648956360414e-01 2.976676760764376817e-01 2.509033799118431940e-01 1.900878898322508892e-01 9.369062263077787556e-02 9.369062263077787556e-02
9.995738094143635788e-02 9.995738094143635788e-02 2.025328358653630811e-01 2.701272038631833960e-01 3.024224734615093002e-01 5.149481142859073657e-01 2.402246654823021466e-01 6.490338593986518800e-01 1.549396539067200984e-01 5.994862784322503302e-01 2.121931737226890879e-01 6.945967907994453627e-01 2.121931783390933468e-01 5.994862758596952723e-01 1.549396591053718852e-01 6.490338602748837449e-01 2.402246640829870938e-01 5.149481138168090499e-01 3.024224724709887457e-01 2.701272040006191810e-01 2.025328363375964447e-01 9.995738057548331224e-02 9.995738057548331224e-02
1.072791189134803536e-01 1.072791189134803536e-01 2.149079131499724848e-01 2.898128657324707813e-01 3.063214226424050279e-01 5.336889712852320722e-01 2.240229421487509587e-01 6.452295036291616492e-01 1.538831795266583646e-01 5.989640516689542782e-01 2.087379617903595275e-01 6.942740475070207085e-01 2.087379664814804081e-01 5.989640485070476528e-01 1.538831837305436046e-01 6.452295051390405378e-01 2.240229402274053205e-01 5.336889708186651760e-01 3.063214212954085691e-01 2.898128657339713588e-01 2.149079135542486529e-01 1.072791184890208860e-01 1.072791184890208860e-01
1.157642750716346702e-01 1.157642750716346702e-01 2.271633249646662911e-01 3.098250082263006577e-01 3.088339781505562986e-01 5.504623574817255616e-01 2.085459299453649162e-01 6.397557232115651527e-01 1.546177220731651536e-01 6.003892340300006625e-01 2.047264691769842826e-01 6.916768732294322763e-01 2.047264739213718876e-01 6.003892300699522622e-01 1.546177246506917902e-01 6.397557251879005813e-01 2.085459273035788486e-01 5.504623570724457293e-01 3.088339767755357568e-01 3.098250085388934982e-01 2.271633256692019431e-01 1.157642747264152616e-01 1.157642747264152616e-01
1.254578351127279001e-01 1.254578351127279001e-01 2.391662268932914226e-01 3.300314942007379626e-01 3.093205650647344873e-01 5.650645250273704789e-01 1.939938719083591501e-01 6.330165283859613412e-01 1.569397989373153557e-01 6.036171296789591967e-01 2.001524846034939964e-01 6.870793006055458951e-01 2.001524885479585292e-01 6.036171251332421717e-01 1.569397993561834070e-01 6.330165310052664474e-01 1.939938691419042516e-01 5.650645246466747817e-01 3.093205636588015062e-01 3.300314942070597946e-01 2.391662272903959940e-01 1.254578346586112669e-01 1.254578346586112669e-01
1.363332424847607527e-01 1.363332424847607527e-01 2.507050384953335431e-01 3.503099508952227659e-01 3.072095365308638582e-01 5.774031639974792629e-01 1.805513988904056122e-01 6.254830506057712514e-01 1.605016729213248894e-01 6.083846981573771684e-01 1.950560286824748468e-01 6.809085629480196022e-01 1.950560316516667392e-01 6.083846932192660262e-01 1.605016709770009653e-01 6.254830537662068313e-01 1.805513961929097744e-01 5.774031636765258879e-01 3.072095353183574851e-01 3.503099509069357298e-01 2.507050387922206136e-01 1.363332420503671205e-01 1.363332420503671205e-01
1.482969406481990382e-01 1.482969406481990382e-01 2.615186772448435670e-01 3.705518550769260067e-01 3.021605073400074337e-01 5.874859078682701519e-01 1.684205546739521164e-01 6.176452560745735454e-01 1.648445172387577595e-01 6.143199163251460426e-01 1.895345577436398643e-01 6.736728711089515764e-01 1.895345596441723734e-01 6.143199114645395698e-01 1.648445129828025046e-01 6.176452595993862094e-01 1.684205522690076506e-01 5.874859074702803996e-01 3.021605063813799230e-01 3.705518552202318183e-01 2.615186776382790179e-01 1.482969403994483515e-01 1.482969403994483515e-01
1.612044939180592440e-01 1.612044939180592440e-01 2.713388165620123638e-01 3.906605229398397716e-01 2.941670569218673981e-01 5.953988372638487903e-01 1.578242075102985753e-01 6.099630357961078886e-01 1.694559864593032650e-01 6.209662535050843868e-01 1.837454785441939853e-01 6.658882963846031178e-01 1.837454792856728636e-01 6.209662492653892363e-01 1.694559804582718709e-01 6.099630399115093526e-01 1.578242063958404939e-01 5.953988369374777490e-01 2.941670561742814050e-01 3.906605228265659369e-01 2.713388163847771928e-01 1.612044936269582118e-01 1.612044936269582118e-01
1.748846707836653191e-01 1.748846707836653191e-01 2.799314843939841868e-01 4.105424514189260909e-01 2.835716713403633182e-01 6.012820971807113501e-01 1.489756166240302493e-01 6.028250995095372211e-01 1.738393456275681981e-01 6.278223104531921450e-01 1.778970803326471728e-01 6.580184687506874797e-01 1.778970802745588053e-01 6.278223074694654349e-01 1.738393385337542174e-01 6.028251038496658110e-01 1.489756168102094880e-01 6.012820968391811016e-01 2.835716706614269667e-01 4.105424513640958950e-01 2.799314841702157386e-01 1.748846707532029088e-01 1.748846707532029088e-01
1.891664695041304078e-01 1.891664695041304078e-01 2.871272254561408888e-01 4.300950587951979376e-01 2.709929913880843033e-01 6.053087673083995535e-01 1.420244152901577461e-01 5.965219871179706645e-01 1.775793599519923105e-01 6.343928452358950087e-01 1.722273962677751680e-01 6.504360231623840249e-01 1.722273957788315046e-01 6.343928437995784986e-01 1.775793528507056407e-01 5.965219917603357125e-01 1.420244173868737136e-01 6.053087672545416353e-01 2.709929907162070828e-01 4.300950585610323618e-01 2.871272247118987764e-01 1.891664695989490608e-01 1.891664695989490608e-01
2.039036040790072057e-01 2.039036040790072057e-01 2.928342709379624376e-01 4.491956614654470381e-01 2.571906248415248286e-01 6.076703975442374617e-01 1.369998960065155758e-01 5.912362915443721834e-01 1.803917714626244173e-01 6.402435276605210612e-01 1.669729034323639838e-01 6.434076058444873070e-01 1.669729030971678907e-01 6.402435279501639265e-01 1.803917653668682952e-01 5.912362962313767456e-01 1.369999000492531649e-01 6.076703977491748621e-01 2.571906240012683531e-01 4.491956612100451163e-01 2.928342699125813242e-01 2.039036043272820509e-01 2.039036043272820509e-01
2.189915608097978139e-01 2.189915608097978139e-01 2.970349122052579061e-01 4.676965495207106027e-01 2.429089915807873257e-01 6.085695680709543032e-01 1.337752881536301564e-01 5.870493481678268344e-01 1.821473253104151091e-01 6.450494090831362382e-01 1.623321666105415617e-01 6.370987902379743328e-01 1.623321671587800719e-01 6.450494107625692752e-01 1.821473210684785293e-01 5.870493524587893086e-01 1.337752938649650059e-01 6.085695682653424754e-01 2.429089901478527214e-01 4.676965490401782111e-01 2.970349110063376097e-01 2.189915612572598813e-01 2.189915612572598813e-01
2.343740740488808871e-01 2.343740740488808871e-01 2.997696681186437506e-01 4.854287753525128313e-01 2.287446286647172866e-01 6.082172870679739551e-01 1.320710734940069297e-01 5.839604687432096153e-01 1.828670812912064347e-01 6.486272673805302258e-01 1.584317935793223553e-01 6.315911032093637356e-01 1.584317953772267917e-01 6.486272698975080742e-01 1.828670798619130844e-01 5.839604726461798956e-01 1.320710811129882645e-01 6.082172878185992948e-01 2.287446268310998621e-01 4.854287747942641063e-01 2.997696666411863164e-01 2.343740746974590228e-01 2.343740746974590228e-01
2.500380206415665496e-01 2.500380206415665496e-01 3.011158166023715221e-01 5.022141323601589935e-01 2.150711211168805925e-01 6.068317780860583710e-01 1.315026747413524655e-01 5.819128226948405702e-01 1.826917434130984619e-01 6.509448774216385347e-01 1.553028049228433183e-01 6.269028337764268599e-01 1.553028085480719356e-01 6.509448794839123309e-01 1.826917450602005832e-01 5.819128257456781528e-01 1.315026833448608157e-01 6.068317789136624674e-01 2.150711184426345457e-01 5.022141314634558373e-01 3.011158149757808822e-01 2.500380214111150856e-01 2.500380214111150856e-01
2.659979997180612066e-01 2.659979997180612066e-01 3.011663438496694489e-01 5.178818494340926559e-01 2.020362860283398954e-01 6.046355399811367271e-01 1.316625466909818742e-01 5.808198636513819402e-01 1.818324781744711238e-01 6.521049339545677004e-01 1.528743059908177493e-01 6.230070197622128436e-01 1.528743113765115291e-01 6.521049345380266482e-01 1.818324827016890022e-01 5.808198661709440547e-01 1.316625561526988952e-01 6.046355413155475311e-01 2.020362830752254202e-01 5.178818484720862925e-01 3.011663421753756897e-01 2.659980007742717145e-01 2.659980007742717145e-01
2.822739068246946648e-01 2.822739068246946648e-01 3.000133951703415347e-01 5.322850065146678133e-01 1.896241723354494257e-01 6.018488609595048500e-01 1.322140687654084212e-01 5.805874364405274601e-01 1.805139588994717492e-01 6.523070044575747239e-01 1.509880075300437108e-01 6.198435900734480253e-01 1.509880145400365747e-01 6.523070021519343786e-01 1.805139657033610345e-01 5.805874384053738568e-01 1.322140782950357307e-01 6.018488623865633214e-01 1.896241690417934667e-01 5.322850053531476000e-01 3.000133934746024855e-01 2.822739080821288216e-01 2.822739080821288216e-01
2.988661346931654750e-01 2.988661346931654750e-01 2.977378624940181240e-01 5.453120042670674961e-01 1.777562805082152919e-01 5.986798969846637286e-01 1.329688988546265382e-01 5.811288635130974489e-01 1.789211125168739813e-01 6.517956872003650703e-01 1.494320869856171630e-01 6.173267754291976717e-01 1.494320949719961100e-01 6.517956808790815737e-01 1.789211207752939847e-01 5.811288648351645714e-01 1.329689076089330957e-01 5.986798980522680669e-01 1.777562768479012956e-01 5.453120027607798459e-01 2.977378607736720362e-01 2.988661358842005233e-01 2.988661358842005233e-01
3.157334198429512240e-01 3.157334198429512240e-01 2.944048773578556433e-01 5.568903528507719303e-01 1.663974373600410339e-01 5.953131541809760785e-01 1.339227828460444192e-01 5.823725867633564590e-01 1.771599634486941133e-01 6.508061141272570849e-01 1.479877610029883828e-01 6.153514053287238994e-01 1.479877691428568287e-01 6.508061035531835792e-01 1.771599714040449358e-01 5.823725884333199598e-01 1.339227904180458895e-01 5.953131554322708130e-01 1.663974340404884011e-01 5.568903515009591132e-01 2.944048756844987458e-01 3.157334212569115062e-01 3.157334212569115062e-01
3.327778732576653908e-01 3.327778732576653908e-01 2.900641988985480091e-01 5.669826907087880397e-01 1.556337354692144404e-01 5.918993741660971697e-01 1.352364583095109207e-01 5.842635555289380500e-01 1.752398520589664166e-01 6.495179816488709790e-01 1.464780244769768869e-01 6.138021555545500885e-01 1.464780315800876531e-01 6.495179667917018174e-01 1.752398583776642038e-01 5.842635575477509446e-01 1.352364639975989768e-01 5.918993744718238359e-01 1.556337323868081102e-01 5.669826891662691493e-01 2.900641971760260507e-01 3.327778745431544394e-01 3.327778745431544394e-01
3.498402392686035256e-01 3.498402392686035256e-01 2.847546069304260907e-01 5.755773447778029794e-01 1.457012950749150271e-01 5.885499028215581685e-01 1.371645658299952553e-01 5.867602897568263698e-01 1.730801977568957595e-01 6.480272048245959704e-01 1.448064051228442062e-01 6.125685753272225309e-01 1.448064103252834633e-01 6.480271868945307601e-01 1.730802005404343813e-01 5.867602933480789984e-01 1.371645693126637422e-01 5.885499029587434316e-01 1.457012926707825784e-01 5.755773436503774931e-01 2.847546050070689505e-01 3.498402408399294838e-01 3.498402408399294838e-01
3.667064637583271614e-01 3.667064637583271614e-01 2.785118618330048590e-01 5.826769991319931119e-01 1.369611888022780333e-01 5.853378009541415627e-01 1.399514597230106516e-01 5.898293233811287006e-01 1.705401749057928740e-01 6.463395875435056226e-01 1.429755464190637371e-01 6.115648127955183311e-01 1.429755485461072784e-01 6.463395679306964681e-01 1.705401731383721642e-01 5.898293286917123401e-01 1.399514609367608076e-01 5.853378002965951010e-01 1.369611870101670181e-01 5.826769981477633031e-01 2.785118595760454063e-01 3.667064653528037677e-01 3.667064653528037677e-01
3.831243136801367744e-01 3.831243136801367744e-01 2.713799687174519581e-01 5.882888856126071708e-01 1.298321648305439391e-01 5.823062581080215017e-01 1.437234924772121669e-01 5.934380443520310688e-01 1.674650113140812024e-01 6.443860836866825981e-01 1.410799714274308392e-01 6.107503059559007408e-01 1.410799695074259619e-01 6.443860640181207078e-01 1.674650046516340529e-01 5.934380512290095000e-01 1.437234919627524699e-01 5.823062558788316689e-01 1.298321635984968081e-01 5.882888842736253565e-01 2.713799658345543153e-01 3.831243149572690632e-01 3.831243149572690632e-01
3.988267393426426777e-01 3.988267393426426777e-01 2.634248327023412384e-01 5.924185952414168232e-01 1.247039676481507264e-01 5.794829644825094661e-01 1.484091502848163824e-01 5.975462698695597208e-01 1.637391136650703238e-01 6.420543179492983477e-01 1.392741229504510514e-01 6.101449861120176177e-01 1.392741171881287654e-01 6.420543002507388408e-01 1.637391017544255201e-01 5.975462792881500729e-01 1.484091481167592042e-01 5.794829620770575174e-01 1.247039671065491850e-01 5.924185945228183092e-01 2.634248291069811732e-01 3.988267409872326974e-01 3.988267409872326974e-01
4.135573858933452307e-01 4.135573858933452307e-01 2.547482250113396463e-01 5.950678190226945663e-01 1.218574169971506915e-01 5.768972382672643562e-01 1.537111218385280864e-01 6.020967390427317545e-01 1.593342648902571490e-01 6.392279688915709635e-01 1.377235496309053842e-01 6.098324528123831856e-01 1.377235400056757708e-01 6.392279540296594842e-01 1.593342494491654104e-01 6.020967498589357980e-01 1.537111194609536158e-01 5.768972344186759083e-01 1.218574167342345582e-01 5.950678177052948215e-01 2.547482205723832216e-01 4.135573871313693584e-01 4.135573871313693584e-01
4.270931024517342633e-01 4.270931024517342633e-01 2.454985593133942601e-01 5.962349204792450896e-01 1.214128055743453061e-01 5.745956783528031186e-01 1.591398078460226628e-01 6.070050709937844235e-01 1.543414907448471540e-01 6.358247709493988209e-01 1.365520056527201875e-01 6.099471877990976232e-01 1.365519934403671698e-01 6.358247599361426250e-01 1.543414731067297430e-01 6.070050837540328370e-01 1.591398056659500959e-01 5.745956748698887173e-01 1.214128057945184080e-01 5.962349198458186672e-01 2.454985541032282392e-01 4.270931042128010002e-01 4.270931042128010002e-01
4.392591435146535606e-01 4.392591435146535606e-01 2.358742853670554585e-01 5.959166675247251632e-01 1.233174848509156485e-01 5.726522052611449087e-01 1.641002974105065793e-01 6.121505358862383561e-01 1.489778126286258608e-01 6.318251389294027298e-01 1.357989361386510163e-01 6.106454036066627511e-01 1.357989227347358718e-01 6.318251313746392483e-01 1.489777957512511408e-01 6.121505495359303994e-01 1.641002968932846473e-01 5.726522018244735168e-01 1.233174852823202827e-01 5.959166668818480783e-01 2.358742795158886851e-01 4.392591454213541358e-01 4.392591454213541358e-01
4.499343620076749484e-01 4.499343620076749484e-01 2.261164369728836387e-01 5.941099426786365933e-01 1.273713652975876354e-01 5.711694941427318817e-01 1.680100776748206792e-01 6.173698727774570294e-01 1.435642535450256663e-01 6.272865736631967337e-01 1.353997098794473830e-01 6.120644489977131730e-01 1.353996972125240950e-01 6.272865684014321541e-01 1.435642406436671292e-01 6.173698860638102692e-01 1.680100800692894136e-01 5.711694903032764614e-01 1.273713656397438276e-01 5.941099410078261034e-01 2.261164305276124886e-01 4.499343633481522886e-01 4.499343633481522886e-01
4.590460350039868298e-01 4.590460350039868298e-01 2.164889869011912271e-01 5.908134595181920856e-01 1.332783990436242627e-01 5.702709047579049839e-01 1.704161241100238255e-01 6.224568103927116125e-01 1.384773710503911515e-01 6.223427859662957751e-01 1.351949623871532280e-01 6.142790908490280977e-01 1.351949523729760183e-01 6.223427824209581960e-01 1.384773642637676661e-01 6.224568239233331246e-01 1.704161294468476973e-01 5.702709029085967218e-01 1.332783998124470459e-01 5.908134589135496384e-01 2.164889805290372005e-01 4.590460371829318542e-01 4.590460371829318542e-01
4.665564742415980182e-01 4.665564742415980182e-01 2.072491928976329945e-01 5.860305917879842230e-01 1.407069014703128396e-01 5.700843736173688558e-01 1.710810366478607292e-01 6.271694227031361368e-01 1.340832043600767021e-01 6.171899699458270883e-01 1.349677582582602398e-01 6.172651629501235693e-01 1.349677528287800410e-01 6.171899660844032409e-01 1.340832061460677238e-01 6.271694348595624469e-01 1.710810455305370459e-01 5.700843725257820349e-01 1.407069022205817976e-01 5.860305902010003454e-01 2.072491864842193610e-01 4.665564756445687022e-01 4.665564756445687022e-01
4.724454111493499586e-01 4.724454111493499586e-01 1.986136083220677584e-01 5.797750670608733392e-01 1.493416827966173033e-01 5.707216718197468674e-01 1.700168076203816825e-01 6.312463131680959849e-01 1.306670680926098060e-01 6.120647810663186750e-01 1.344993086795161497e-01 6.208801562677587205e-01 1.344993085541900113e-01 6.120647765811315644e-01 1.306670787497793418e-01 6.312463250898249223e-01 1.700168190251949984e-01 5.707216738090641339e-01 1.493416840785751765e-01 5.797750669511095856e-01 1.986136027740975085e-01 4.724454135403015620e-01 4.724454135403015620e-01
4.766932777930053544e-01 4.766932777930053544e-01 1.907280874290728789e-01 5.720805995896971474e-01 1.589166238060019110e-01 5.722574531423073596e-01 1.674599130691588611e-01 6.344306266607041556e-01 1.283749715356374832e-01 6.072191770233745789e-01 1.336285378899404463e-01 6.248671818883714257e-01 1.336285435404095390e-01 6.072191707697873753e-01 1.283749905036458694e-01 6.344306376774430101e-01 1.674599259679185881e-01 5.722574575256405005e-01 1.589166253335099199e-01 5.720805997710681767e-01 1.907280826307466981e-01 4.766932801362078753e-01 4.766932801362078753e-01
4.792701531540594084e-01 4.792701531540594084e-01 1.836504624364062588e-01 5.630139947729113636e-01 1.692240912613999226e-01 5.747122986970321090e-01 1.637973586578962970e-01 6.364988282586654389e-01 1.271808465270712896e-01 6.028963944598734193e-01 1.322991570111219373e-01 6.288833519278148598e-01 1.322991680864336050e-01 6.028963857344575850e-01 1.271808715364274311e-01 6.364988381430944919e-01 1.637973714327707331e-01 5.747123047084761183e-01 1.692240928122394905e-01 5.630139941618773625e-01 1.836504581353095578e-01 4.792701543629680483e-01 4.792701543629680483e-01
4.801337260132291784e-01 4.801337260132291784e-01 1.773524501017657018e-01 5.526892249066540641e-01 1.801053876217281191e-01 5.780426473097495244e-01 1.594660862205556917e-01 6.372895969931124949e-01 1.268889381201022126e-01 5.993105851071619528e-01 1.305806283878766516e-01 6.325477749856038834e-01 1.305806424892380080e-01 5.993105751060232578e-01 1.268889655642428949e-01 6.372896071516349625e-01 1.594660966380114786e-01 5.780426562191048889e-01 1.801053893621644697e-01 5.526892256182034391e-01 1.773524468736812354e-01 4.801337281427622283e-01 4.801337281427622283e-01
4.792372226150616310e-01 4.792372226150616310e-01 1.717426684688578842e-01 5.412783395063891501e-01 1.914312410662364350e-01 5.821386023966721446e-01 1.548539129320782304e-01 6.367275176644975332e-01 1.271729481546832741e-01 5.966309782491121538e-01 1.286561570401911769e-01 6.354995021343810002e-01 1.286561726672752481e-01 5.966309664826225934e-01 1.271729737076013333e-01 6.367275274172317090e-01 1.548539192205934389e-01 5.821386118125179143e-01 1.914312426576653126e-01 5.412783392111508718e-01 1.717426654730866975e-01 4.792372234244470786e-01 4.792372234244470786e-01
4.765455626829284141e-01 4.765455626829284141e-01 1.667069955358552180e-01 5.290145409459268144e-01 2.030824859154759521e-01 5.868288277056353808e-01 1.502280368531218047e-01 6.348367968945474171e-01 1.276450748999741203e-01 5.949702497053017680e-01 1.267795906664654915e-01 6.374529438801718184e-01 1.267796044547577772e-01 5.949702380308279359e-01 1.276450945927539715e-01 6.348368073800783051e-01 1.502280374641563054e-01 5.868288381253734531e-01 2.030824873328186952e-01 5.290145414337219520e-01 1.667069930199780448e-01 4.765455642727241536e-01 4.765455642727241536e-01
4.720556849797913346e-01 4.720556849797913346e-01 1.621569867676503351e-01 5.161839059462198787e-01 2.149383319985723184e-01 5.918907050950429349e-01 1.457076966203599833e-01 6.317420154920451170e-01 1.279404606536614919e-01 5.943765901556704589e-01 1.252118123362964686e-01 6.382389396566674478e-01 1.252118224521197032e-01 5.943765788463817312e-01 1.279404711917681570e-01 6.317420261671188308e-01 1.457076909461434422e-01 5.918907144427540956e-01 2.149383331155412247e-01 5.161839058771149347e-01 1.621569841722199090e-01 4.720556862286210409e-01 4.720556862286210409e-01
4.658155907783593785e-01 4.658155907783593785e-01 1.580738122521393452e-01 5.031046607658793413e-01 2.268748666802180569e-01 5.970638544165973727e-01 1.412843414339132186e-01 6.276553517317479125e-01 1.277981185989066626e-01 5.948294106597253883e-01 1.241530023869615862e-01 6.378230396596076268e-01 1.241530075720456705e-01 5.948294000221306943e-01 1.277981182550842476e-01 6.276553619930411720e-01 1.412843297474320470e-01 5.970638606943093896e-01 2.268748676106587814e-01 5.031046590719960854e-01 1.580738092210739465e-01 4.658155907342823587e-01 4.658155907342823587e-01
4.579366718146845594e-01 4.579366718146845594e-01 1.545351331252057259e-01 4.900962127521983902e-01 2.387714630889142819e-01 6.020658489093816401e-01 1.368793027991428435e-01 6.228523459749029101e-01 1.271192711791842012e-01 5.962394416800069763e-01 1.236887714824356777e-01 6.362982790058406835e-01 1.236887709660796641e-01 5.962394329032916218e-01 1.271192604780065905e-01 6.228523557971716862e-01 1.368792864810623455e-01 6.020658518697794559e-01 2.387714640935601484e-01 4.900962103327807240e-01 1.545351297333281138e-01 4.579366715638435448e-01 4.579366715638435448e-01
4.485952662799579382e-01 4.485952662799579382e-01 1.517158218562867367e-01 4.774431543415991186e-01 2.505194666322366759e-01 6.066098995062346733e-01 1.324192967746556926e-01 6.176403393407792208e-01 1.259885590866910432e-01 5.984544822761337368e-01 1.237649039338437063e-01 6.338558894147087175e-01 1.237648982587939428e-01 5.984544763270751577e-01 1.259885405718658702e-01 6.176403486077368665e-01 1.324192782175465100e-01 6.066098994820712242e-01 2.505194679061787943e-01 4.774431521456160565e-01 1.517158181085099811e-01 4.485952667665045190e-01 4.485952667665045190e-01
4.380218563640698726e-01 4.380218563640698726e-01 1.498597414054388954e-01 4.653613718588442971e-01 2.620269653848135150e-01 6.104247080548382831e-01 1.279065417515583558e-01 6.123248146888300436e-01 1.246519331939580644e-01 6.012719212123551760e-01 1.241980031708693755e-01 6.307423577098127954e-01 1.241979944528919244e-01 6.012719180574829236e-01 1.246519107813341409e-01 6.123248227253405007e-01 1.279065234966891285e-01 6.104247045086816925e-01 2.620269674402780913e-01 4.653613694451966820e-01 1.498597373777058595e-01 4.380218567607923053e-01 4.380218567607923053e-01
4.264793121409271026e-01 4.264793121409271026e-01 1.492274168408976309e-01 4.539735224749258946e-01 2.732156055998651301e-01 6.132761531393768895e-01 1.234634557557365842e-01 6.071786928002477213e-01 1.234553112957483267e-01 6.044581070015508928e-01 1.247197776577614325e-01 6.272136994213364236e-01 1.247197685466673311e-01 6.044581067804959407e-01 1.234552898867673498e-01 6.071786993800013521e-01 1.234634404520909001e-01 6.132761469628404960e-01 2.732156087578097581e-01 4.539735202524260993e-01 1.492274127282104401e-01 4.264793124545814829e-01 4.264793124545814829e-01
4.142343123173470865e-01 4.142343123173470865e-01 1.500311669162726069e-01 4.432994899999184168e-01 2.840092199179083954e-01 6.149889522436541300e-01 1.193403784239163157e-01 6.024184934646595879e-01 1.227578820492467582e-01 6.077730142275833414e-01 1.250438030102251075e-01 6.234973148537397147e-01 1.250437966115980903e-01 6.077730164433605697e-01 1.227578663035415185e-01 6.024184981898268454e-01 1.193403676483938969e-01 6.149889439807256775e-01 2.840092246000013310e-01 4.432994875652226385e-01 1.500311630421637954e-01 4.142343118301822780e-01 4.142343118301822780e-01
4.015278810549117727e-01 4.015278810549117727e-01 1.523732887542996739e-01 4.332642836867450775e-01 2.943179307993669114e-01 6.154646079044565621e-01 1.158857597317194399e-01 5.981894680335564374e-01 1.228406134899928670e-01 6.109968441301226738e-01 1.249374743439276569e-01 6.197686332079330729e-01 1.249374729630772229e-01 6.109968488619055282e-01 1.228406073847459479e-01 5.981894715014549613e-01 1.158857549546128407e-01 6.154646003412591604e-01 2.943179366403292918e-01 4.332642819298229697e-01 1.523732851464341120e-01 4.015278805268047702e-01 4.015278805268047702e-01
3.885513792435412173e-01 3.885513792435412173e-01 1.562029356014544845e-01 4.237220971754080967e-01 3.040238803311233196e-01 6.146906762583990158e-01 1.134886107882205897e-01 5.945600064794305251e-01 1.238324007067835852e-01 6.139539421893929205e-01 1.242804840394015065e-01 6.161452557826990750e-01 1.242804892561100161e-01 6.139539492218134553e-01 1.238324065218782133e-01 5.945600095672806118e-01 1.134886126908867254e-01 6.146906724450019732e-01 3.040238866003354135e-01 4.237220966855733684e-01 1.562029319286034612e-01 3.885513791304107123e-01 3.885513791304107123e-01
3.754331770430013870e-01 3.754331770430013870e-01 1.613032788972713627e-01 4.144917184162991708e-01 3.129748640902966783e-01 6.127366409812783354e-01 1.125098063288503258e-01 5.915242508275159183e-01 1.256726101827480013e-01 6.165292188507847104e-01 1.230948199939609355e-01 6.126966230227085530e-01 1.230948325836466184e-01 6.165292270414141074e-01 1.256726277822378113e-01 5.915242536042482069e-01 1.125098129377784528e-01 6.127366414264187044e-01 3.129748703356655115e-01 4.144917178160103521e-01 1.613032752824118399e-01 3.754331766448165131e-01 3.754331766448165131e-01
3.622388573228655373e-01 3.622388573228655373e-01 1.673133035292162507e-01 4.053960711584669308e-01 3.209898025541012001e-01 6.097338536191019287e-01 1.132204861098722870e-01 5.890112256354108622e-01 1.281202277892603547e-01 6.186734262549342667e-01 1.215389320062607581e-01 6.094637867843007983e-01 1.215389512295568242e-01 6.186734347754406782e-01 1.281202551676265955e-01 5.890112285549670146e-01 1.132204951810658056e-01 6.097338592665002555e-01 3.209898079166120244e-01 4.053960695051102014e-01 1.673132997736376248e-01 3.622388565966027096e-01 3.622388565966027096e-01
3.489847142483357700e-01 3.489847142483357700e-01 1.737799953569927336e-01 3.962978686917870697e-01 3.278759648707505470e-01 6.058408597615217994e-01 1.157621941670378130e-01 5.868988529624373784e-01 1.308082829106594347e-01 6.203959874167022104e-01 1.198683821845238362e-01 6.064823213948826730e-01 1.198684061676693613e-01 6.203959952010338341e-01 1.308083162940484323e-01 5.868988557190708555e-01 1.157622020036829791e-01 6.058408695010299994e-01 3.278759685927118972e-01 3.962978640007884801e-01 1.737799914849398886e-01 3.489847127952619421e-01 3.489847127952619421e-01
3.356613030745472237e-01 3.356613030745472237e-01 1.802292513409382013e-01 3.871243798428421479e-01 3.334537468879499311e-01 6.011998154350892687e-01 1.201362427710565561e-01 5.850316740306953367e-01 1.333308508106151313e-01 6.217468714047744704e-01 1.183739706043224205e-01 6.038016245850663655e-01 1.183739966658624021e-01 6.217468781797810262e-01 1.333308858562393118e-01 5.850316772948525035e-01 1.201362476681197000e-01 6.011998295574676465e-01 3.334537483146873260e-01 3.871243719595654498e-01 1.802292469599968694e-01 3.356613013778459997e-01 3.356613013778459997e-01
3.222615201177303490e-01 3.222615201177303490e-01 1.862390975995557030e-01 3.778767902470510087e-01 3.375817363490842826e-01 5.958934575526358968e-01 1.262209059888936280e-01 5.832414229843820852e-01 1.353409787847234536e-01 6.227917218432578172e-01 1.173139760540685139e-01 6.014959304323053146e-01 1.173140014119052332e-01 6.227917275024739130e-01 1.353410112608444127e-01 5.832414273261423698e-01 1.262209069910106285e-01 5.958934755087579305e-01 3.375817355272316966e-01 3.778767793477739723e-01 1.862390926048581030e-01 3.222615185121279757e-01 3.222615185121279757e-01
3.088067559878075463e-01 3.088067559878075463e-01 1.914985910064738173e-01 3.686231203333930617e-01 3.401743147611965834e-01 5.899135378469981816e-01 1.338077854560548730e-01 5.813694599557315268e-01 1.366345774645648103e-01 6.235859758987050139e-01 1.168582237703271742e-01 5.996648837354479067e-01 1.168582456897348520e-01 6.235859800793922547e-01 1.366346036241161688e-01 5.813694642837943238e-01 1.338077805148231159e-01 5.899135563339753530e-01 3.401743120755958971e-01 3.686231052791109630e-01 1.914985857971091554e-01 3.088067543327334130e-01 3.088067543327334130e-01
2.953652204335931453e-01 2.953652204335931453e-01 1.958397010111369019e-01 3.594772650009999126e-01 3.412061064574526403e-01 5.831502032181192785e-01 1.426445577569358525e-01 5.792892828965294783e-01 1.371981406931265246e-01 6.241538760643002837e-01 1.170578417456673570e-01 5.984242601656961646e-01 1.170578582686608859e-01 6.241538789531491105e-01 1.371981584630221906e-01 5.792892866481686998e-01 1.426445471056212999e-01 5.831502200229788935e-01 3.412061028374481220e-01 3.594772461318934687e-01 1.958396959083638089e-01 2.953652189413520368e-01 2.953652189413520368e-01
2.820584475745657738e-01 2.820584475745657738e-01 1.992366696069562404e-01 3.505696982426685371e-01 3.407017697542312207e-01 5.754074447561187133e-01 1.524715335512820680e-01 5.769261638318279317e-01 1.372069738274891426e-01 6.244769336397328896e-01 1.178471731701831171e-01 5.978895170981382012e-01 1.178471830650336671e-01 6.244769355042655290e-01 1.372069826774874324e-01 5.769261655310662373e-01 1.524715175487223462e-01 5.754074569642808612e-01 3.407017662092335364e-01 3.505696755952030230e-01 1.992366650967623554e-01 2.820584465945747965e-01 2.820584465945747965e-01
2.690547397566213084e-01 2.690547397566213084e-01 2.017757914399492813e-01 3.420170629976223009e-01 3.387145572856846143e-01 5.664434390670828323e-01 1.630435313174488643e-01 5.742699387598058092e-01 1.369732897970195595e-01 6.244939854525004552e-01 1.190754340029921976e-01 5.981560476371028390e-01 1.190754377017333443e-01 6.244939871351246063e-01 1.369732914649323674e-01 5.742699386889518198e-01 1.630435134058563773e-01 5.664434464464931374e-01 3.387145553366565087e-01 3.420170385985768502e-01 2.017757876721532617e-01 2.690547393723773384e-01 2.690547393723773384e-01
2.565512491772000692e-01 2.565512491772000692e-01 2.036059203192114309e-01 3.338978986054514930e-01 3.353011227972699793e-01 5.560281021052266848e-01 1.741349394213348445e-01 5.713768673385501984e-01 1.368568777842732453e-01 6.241121413865832190e-01 1.205577684613645117e-01 5.992802250910347350e-01 1.205577674917515663e-01 6.241121438100190044e-01 1.368568752094307950e-01 5.713768661410414396e-01 1.741349233374326344e-01 5.560281052177427075e-01 3.353011238200978017e-01 3.338978745199448483e-01 2.036059171557836334e-01 2.565512490425716496e-01 2.565512490425716496e-01
2.447488480895498864e-01 2.447488480895498864e-01 2.048844270647881549e-01 3.262401718655802974e-01 3.305018775131142728e-01 5.440052170200565529e-01 1.855324163629474832e-01 5.683577293370632999e-01 1.371616782128686762e-01 6.232253934255960193e-01 1.221306031781943524e-01 6.012647804420754305e-01 1.221305990587636670e-01 6.232253972247105978e-01 1.371616745582779906e-01 5.683577262263188601e-01 1.855324036687502343e-01 5.440052152565354460e-01 3.305018817449439927e-01 3.262401483918762057e-01 2.048844244672653470e-01 2.447488484552003407e-01 2.447488484552003407e-01
