-1.008649148970253151e-05 -1.494518925393428788e-06 -5.836271894654743164e-07 -8.646045360771736910e-07 -1.062935516749075049e-05 -3.031406846543127642e-06 3.233011134917695983e-06 4.824948074411139487e-07 -2.862493108435337774e-06 -5.447278357939566718e-06 -2.631269255815027464e-07
2.535374351881108934e-02 2.536106247944730496e-02 4.935267098468498759e-02 2.535899354987103393e-02 4.936353689268635492e-02 2.537187400451201835e-02 4.935866292754592655e-02 2.536654730121840062e-02 4.934799703330683407e-02 2.535640787995274703e-02 2.536466089683075964e-02
7.932274994475424501e-02 7.932150051516578815e-02 1.414573192278286706e-01 8.007535025010237284e-02 1.422103932396576176e-01 8.006940107520699179e-02 1.422089604267726681e-01 8.006363684239431455e-02 1.414687892972734118e-01 7.931560712077295738e-02 7.931302828894715162e-02
1.206674196399562526e-01 1.206736222479589671e-01 1.833245479591769089e-01 1.269416053827223667e-01 1.893934904198273372e-01 1.269559532833329785e-01 1.893997398251984765e-01 1.269420873157411922e-01 1.833295365686534173e-01 1.206664083065365767e-01 1.206601451808396175e-01
1.201907361235442506e-01 1.201922122976152862e-01 1.424990628248465896e-01 1.432743281919102163e-01 1.635504431400994774e-01 1.435666585705843157e-01 1.635534145462972377e-01 1.432710521269506265e-01 1.425049336440118997e-01 1.201908619806188461e-01 1.202054253274902340e-01
1.000832580198263155e-01 1.000825447014534464e-01 9.418101843712534116e-02 1.462665642680299749e-01 1.312854299492396404e-01 1.483753118480797828e-01 1.312974580305121819e-01 1.462712836606651079e-01 9.418150108169853763e-02 1.000809181592359209e-01 1.000875317698093903e-01
8.875350601079973201e-02 8.875803846930524488e-02 8.704973605042237716e-02 1.473584452043449344e-01 1.233460529850408105e-01 1.553701526976101199e-01 1.233349488329003596e-01 1.473651699767949408e-01 8.705558245118738547e-02 8.875482148947794192e-02 8.875945217968211898e-02
9.460741988649168377e-02 9.461703231929324831e-02 9.958448448497814187e-02 1.437783484351778940e-01 1.153680645273933991e-01 1.627273884684046212e-01 1.153642733081818306e-01 1.437747384212028634e-01 9.958462584450905597e-02 9.461263477589781923e-02 9.461288821001578864e-02
1.099361331715785761e-01 1.099269302153608741e-01 9.831736781825822780e-02 1.381442931427895315e-01 9.410241687706383251e-02 1.674972742674013526e-01 9.410454375189214460e-02 1.381519909119490186e-01 9.830807127319718397e-02 1.099269756652446195e-01 1.099311257562700650e-01
1.187429368184672596e-01 1.187392450208181183e-01 8.413668201305685157e-02 1.346429074315889096e-01 7.267153639483581173e-02 1.615120992087258345e-01 7.267022936425138191e-02 1.346337113128605045e-01 8.414641061512961873e-02 1.187478184617930532e-01 1.187390605529334842e-01
1.220160220840736387e-01 1.220204885085894309e-01 8.571492475476738537e-02 1.447795658329724122e-01 6.875665121781499023e-02 1.512809929766821271e-01 6.875361927025841480e-02 1.448008723565437639e-01 8.571647172755014754e-02 1.220105246062876958e-01 1.220257267466821616e-01
1.245183893066838521e-01 1.245222430301058392e-01 1.056907023151069658e-01 1.638441834119607754e-01 6.992929598501984589e-02 1.463226885397673760e-01 6.993923090205955706e-02 1.638421901011380966e-01 1.056943561554453126e-01 1.245142750760911410e-01 1.245282924482709053e-01
1.214391245417279497e-01 1.214305970316621464e-01 1.181370405854029193e-01 1.713864131795648782e-01 6.310097753829224665e-02 1.484952250869778223e-01 6.308809833026374214e-02 1.713778873201190489e-01 1.181313257631682045e-01 1.214357927051148978e-01 1.214371242159528186e-01
1.189935679544475433e-01 1.189900604173823040e-01 1.194595205931269777e-01 1.717286330265203054e-01 6.565062310505803689e-02 1.706980371997128265e-01 6.565104483272149460e-02 1.717336302247273183e-01 1.194677580668421224e-01 1.190013210227728324e-01 1.189852284911460667e-01
1.122434636367233285e-01 1.122337761620391672e-01 1.136016451708962149e-01 1.644695705749465997e-01 8.283206320873987005e-02 1.969806786467627191e-01 8.283458905313600962e-02 1.644729482467873205e-01 1.136013885915486132e-01 1.122446691534224605e-01 1.122488175113647291e-01
1.061047013084888690e-01 1.061205980420057982e-01 1.128925131116061409e-01 1.623276930518796068e-01 1.029602349354721280e-01 2.121581530120595360e-01 1.029521391752168391e-01 1.623283228921975629e-01 1.128885019405288515e-01 1.061106665258595982e-01 1.061087492275323840e-01
1.047527109854562988e-01 1.047345606928173911e-01 1.178685052036774761e-01 1.688317392261695638e-01 1.193844224455137826e-01 2.122391841573176841e-01 1.193788296961258988e-01 1.688305339531825378e-01 1.178651040068222633e-01 1.047510035903999603e-01 1.047620870675361471e-01
1.059454872622490607e-01 1.059496151581405532e-01 1.246504834019076524e-01 1.747019045837580609e-01 1.409902843930047056e-01 1.971830359176021674e-01 1.409784919593650154e-01 1.747084450868601202e-01 1.246584668763129344e-01 1.059438487756029779e-01 1.059450185765355990e-01
1.140165494284924308e-01 1.140157042041071711e-01 1.385123603445927998e-01 1.760867373797779245e-01 1.713932391585411552e-01 1.787925048198704125e-01 1.713902200326247183e-01 1.760891773822726436e-01 1.385081634123903616e-01 1.140068098854900014e-01 1.140212398823269857e-01
1.184176077258062287e-01 1.184166673487995758e-01 1.476078445849817733e-01 1.560893260297785412e-01 1.789417226665220850e-01 1.446692333589947310e-01 1.789338026336376175e-01 1.560906739794198916e-01 1.475952427050578608e-01 1.184331397714015188e-01 1.184200904330770521e-01
1.105619399221600685e-01 1.105736509453948968e-01 1.365029410785771891e-01 1.192112500769261230e-01 1.420440087186709555e-01 1.013227267276521903e-01 1.420574164385920990e-01 1.192052394496597167e-01 1.365017817145159351e-01 1.105704929681898818e-01 1.105815474478629712e-01
7.797046677337127196e-02 7.796640228216833446e-02 8.622838197244747649e-02 6.769436688204688579e-02 6.596896463781770636e-02 5.359506830698429480e-02 6.596954171063951211e-02 6.769785758549634602e-02 8.622901587512477040e-02 7.797358510800928011e-02 7.797456521179402245e-02
3.941058786712425821e-02 3.941070362783122283e-02 3.352493610988710460e-02 3.615089288868039707e-02 2.250676555037200988e-02 3.623993327229674266e-02 2.250369728961587601e-02 3.614239160927906758e-02 3.352836799766367726e-02 3.940924394272032893e-02 3.939974695981546260e-02
2.436268283902237597e-02 2.436383041295064888e-02 3.231523843838651766e-02 4.661165417121354571e-02 5.815417069552802909e-02 6.108336844698175616e-02 5.815863500812479270e-02 4.661500446276900522e-02 3.232304843845373865e-02 2.436578266979250174e-02 2.435740888387499803e-02
4.598738427388349148e-02 4.599906411339088619e-02 1.001710573890882139e-01 9.458475473587668603e-02 1.552239151120579086e-01 1.119905372213386707e-01 1.552150380331404067e-01 9.458549273297472970e-02 1.001664763611125886e-01 4.598666920662830560e-02 4.598459204804750122e-02
8.882953572242247020e-02 8.883199211486764169e-02 1.845709300813618836e-01 1.436861163062628233e-01 2.278113464191685589e-01 1.495057013540195268e-01 2.278189581351361959e-01 1.436679715014857472e-01 1.845703643716994358e-01 8.882642911386379181e-02 8.883798095693185015e-02
1.217218276951022582e-01 1.217310066256150902e-01 2.121402998501019654e-01 1.613195726935042762e-01 2.117874383924727710e-01 1.531246696515471406e-01 2.117918418099193900e-01 1.613225675906526102e-01 2.121428375912787212e-01 1.217240396578531669e-01 1.217270124588973879e-01
1.238193568938378841e-01 1.238192443361246786e-01 1.673483688472675035e-01 1.481440942372142522e-01 1.391746270078711434e-01 1.413064299397682189e-01 1.391758405591244085e-01 1.481466734419034648e-01 1.673493358706155676e-01 1.238158874718615632e-01 1.238247391374658890e-01
1.011666185530576967e-01 1.011659315539417681e-01 9.752666869356824142e-02 1.294193198010874513e-01 8.825537275914135948e-02 1.438543749075268940e-01 8.825477380521234982e-02 1.294165698397820585e-01 9.753952776710872463e-02 1.011611645337980314e-01 1.011536007172276208e-01
8.532650242190659151e-02 8.533722049874054028e-02 7.591925320340842109e-02 1.316497360223657376e-01 1.118311011773582275e-01 1.691285102969112275e-01 1.118222184977782363e-01 1.316530501951467813e-01 7.591267416356822784e-02 8.533772560787061812e-02 8.533906080776948455e-02
8.623672610528293481e-02 8.624111919204252574e-02 9.299361597876476537e-02 1.403218188126055810e-01 1.482537192856687724e-01 1.827476849666016534e-01 1.482623305104557310e-01 1.403299528775614480e-01 9.299513890177879549e-02 8.624262144604583069e-02 8.623732863156124973e-02
1.031107249776091472e-01 1.031105323870034618e-01 1.055257828943736431e-01 1.420129025803354428e-01 1.311825204090218966e-01 1.665647348245629655e-01 1.311828419130489087e-01 1.420089333073372706e-01 1.055227042525462844e-01 1.031050354018896442e-01 1.031062340400781263e-01
1.216434537719274789e-01 1.216276498925626948e-01 9.445047166728687271e-02 1.365513257812225323e-01 7.337133201393220006e-02 1.366344604001243912e-01 7.336469735050527019e-02 1.365457400579928593e-01 9.444473247827067652e-02 1.216412360361147638e-01 1.216378776019372832e-01
1.371598700979266838e-01 1.371707067035082828e-01 8.888193936246108207e-02 1.461968419117121165e-01 5.751695081344349036e-02 1.378152343511015454e-01 5.752138394023587065e-02 1.461992182696190135e-01 8.887660648706308120e-02 1.371682866503790565e-01 1.371755803167631349e-01
