3.622864124475100311e-06 -3.483703389095538228e-07 2.775411099387170566e-06 2.800646432155051713e-06 -2.238816433464130284e-06 2.315790174067799967e-07 9.999991452221268506e-01 1.000001434912443976e+00 1.000004141750039377e+00 2.570568683635254814e-06 2.357036629985209686e-06 -3.071802230580900073e-06 -7.910762070961752102e-07 -9.102602438026963227e-06 1.945058896335449816e-06
2.401903653466408439e-02 2.401251238009399769e-02 4.681907653549577386e-02 2.402389969171886408e-02 4.815778593244773864e-02 2.536041453815496283e-02 9.518460137158391010e-01 9.759673892288538433e-01 9.518444315724430282e-01 2.536215834622351784e-02 4.815736264531617072e-02 2.404273233940823484e-02 4.681472691980770318e-02 2.401678554860131598e-02 2.402397423028901358e-02
7.620001465757186843e-02 7.618974164613118161e-02 1.368226559700926881e-01 7.685624528435847092e-02 1.582076316738862398e-01 9.782282728145452744e-02 8.415881406265652842e-01 9.231243306882889188e-01 8.415852908487333472e-01 9.782078295572632642e-02 1.582074547332543712e-01 7.685663716815793745e-02 1.368206455185559944e-01 7.618740563601272830e-02 7.620326256890475047e-02
1.133739881726618104e-01 1.133790573061702056e-01 1.753331756052665114e-01 1.198732018560594303e-01 2.614500787881614552e-01 2.027737817074684035e-01 7.364244487137058259e-01 8.796342741410833055e-01 7.364303725288428026e-01 2.027803433694758128e-01 2.614496384889812841e-01 1.198657997243354201e-01 1.753277084500486915e-01 1.133793213300106628e-01 1.133886680501512978e-01
1.171144896946876290e-01 1.171115272488353898e-01 1.475879202188978279e-01 1.424080504237234535e-01 3.288581874045629072e-01 3.159254763632134422e-01 6.615797849976458034e-01 8.540662413692279298e-01 6.615775474177448823e-01 3.159199295356661663e-01 3.288605974033763646e-01 1.424041280687154409e-01 1.475971687636928320e-01 1.171140234370306454e-01 1.171194186054931863e-01
9.906735684388029428e-02 9.906599022831602541e-02 1.148461976294025133e-01 1.599589425215734440e-01 3.750371428375814942e-01 4.173811765045858380e-01 5.958194554418163591e-01 8.272860688051311140e-01 5.958208795154967818e-01 4.173865954254740718e-01 3.750352922852735471e-01 1.599603446010005037e-01 1.148499535071855204e-01 9.907815199392222549e-02 9.907095015509498337e-02
8.792306379910852510e-02 8.792241787771754025e-02 1.357932849625594351e-01 1.950980444014330240e-01 4.187751451376394152e-01 5.035876133814467526e-01 5.142539214132576531e-01 7.781801055636090592e-01 5.142495580067951710e-01 5.035924457613104588e-01 4.187831072008741384e-01 1.950927734862455409e-01 1.358004934860703727e-01 8.792813682274025489e-02 8.792521236835043608e-02
9.735605028387145365e-02 9.736376021013282145e-02 1.983826684733345225e-01 2.539605841399238395e-01 4.478707628939853080e-01 5.799662548999087175e-01 4.258395618586392484e-01 7.110894120452311284e-01 4.258361204961484403e-01 5.799640349257583205e-01 4.478645057000670837e-01 2.539631289760465593e-01 1.983823859896902131e-01 9.736321102966288832e-02 9.734741974373811724e-02
1.260892911872477096e-01 1.260951468902581363e-01 2.589761968397182867e-01 3.316600398073363265e-01 4.412786224772855537e-01 6.447257749030945728e-01 3.551309697436128565e-01 6.464456851012387872e-01 3.551235024509322158e-01 6.447234923988177657e-01 4.412838178603406547e-01 3.316638636352978731e-01 2.589830097336891512e-01 1.260892979519042112e-01 1.260845824829535111e-01
1.704621168231693074e-01 1.704659451440529438e-01 3.033047644259460052e-01 4.197373307101693873e-01 4.010496338713880338e-01 6.844854911205431325e-01 3.112353794338214574e-01 6.010226145560126909e-01 3.112354141678965735e-01 6.844809967630621772e-01 4.010453672475293718e-01 4.197481607856026753e-01 3.033145258423034507e-01 1.704685190310706866e-01 1.704666363601418655e-01
2.286629362655965836e-01 2.286634491892282073e-01 3.446316618169189550e-01 5.076338375751366927e-01 3.460418230836248554e-01 6.900319802032137684e-01 2.832103243159769246e-01 5.826690058313981346e-01 2.832056531151960765e-01 6.900459306302357820e-01 3.460424188018056957e-01 5.076350377859637497e-01 3.446383941419437491e-01 2.286608269729920040e-01 2.286613318358524660e-01
2.978149001529266648e-01 2.978156772671252117e-01 3.812564860924025356e-01 5.824468898978844011e-01 2.915863123198623730e-01 6.661262036870263525e-01 2.625930576419982510e-01 5.917476246014907737e-01 2.625873011908993471e-01 6.661135542243830088e-01 2.915899094566642979e-01 5.824471546044645009e-01 3.812621058729179224e-01 2.978183677588546741e-01 2.978093718781221200e-01
3.707903815101674105e-01 3.708054113697402121e-01 3.884677759405866793e-01 6.340413217436241533e-01 2.438580172242580391e-01 6.299434047754923771e-01 2.492000715336167294e-01 6.222364389871209989e-01 2.491903521012799327e-01 6.299499231660866672e-01 2.438700416587794573e-01 6.340575574948403847e-01 3.884799038251843806e-01 3.707824457904873028e-01 3.707930308778307205e-01
4.411118366301807203e-01 4.411101325256072125e-01 3.557563003027157666e-01 6.572708843970881398e-01 2.141396723323762963e-01 5.994285019999455733e-01 2.420585567554395801e-01 6.567842808944341915e-01 2.420502538674200177e-01 5.994280628966085489e-01 2.141434858614658654e-01 6.572757945862323092e-01 3.557613002634179011e-01 4.411147307534294404e-01 4.411062674733045585e-01
5.052137945036102584e-01 5.052149775389666031e-01 3.033785770943774884e-01 6.533429365197913619e-01 2.123403986181903180e-01 5.863993442748725027e-01 2.329774682847434164e-01 6.758861507212567954e-01 2.329729447793846275e-01 5.864025500493493803e-01 2.123247369324022804e-01 6.533405489178834014e-01 3.033871887278137280e-01 5.052217509161559539e-01 5.052125862096719100e-01
5.585148067893422885e-01 5.585151506335964688e-01 2.567616937626773232e-01 6.290148542009281751e-01 2.316014045594908533e-01 5.945233507817635488e-01 2.172562200850641223e-01 6.701115172067031445e-01 2.172668806867332214e-01 5.945194045878100519e-01 2.316007002308939633e-01 6.290249986904090651e-01 2.567704228990367321e-01 5.585152904431283094e-01 5.585150801167918511e-01
5.929579186506805932e-01 5.929639299731350732e-01 2.210671041800570946e-01 5.952122163680038103e-01 2.519213194955620683e-01 6.181822651969087756e-01 2.015858208424443632e-01 6.451284749067963675e-01 2.015781888701916880e-01 6.181815284271956479e-01 2.519278830063105268e-01 5.952195456632067838e-01 2.210663810574736710e-01 5.929700204954013731e-01 5.929628264983621833e-01
6.000876213859392960e-01 6.000781074953526195e-01 1.903130590791600740e-01 5.631155390279664052e-01 2.632913817528818590e-01 6.446779678356359122e-01 1.943829520750275930e-01 6.166206860720100380e-01 1.943863389650326012e-01 6.446701965803137702e-01 2.632957818759046331e-01 5.631164816402737250e-01 1.903160794885068730e-01 6.000873893717399987e-01 6.000842604042592177e-01
5.802365850467492425e-01 5.802309173934695474e-01 1.736760731829670168e-01 5.407249517077105105e-01 2.736564683705620116e-01 6.584797120175265306e-01 1.940176000577997772e-01 5.978302557828943931e-01 1.940283129432105458e-01 6.584735114547445312e-01 2.736595560853464226e-01 5.407065001730525511e-01 1.736823319077593908e-01 5.802323318105535588e-01 5.802354566793541668e-01
5.397497119190173276e-01 5.397521893543670846e-01 1.857648920090846922e-01 5.291422068273576862e-01 2.869591452070618942e-01 6.529315791205005937e-01 1.936030873573983402e-01 5.953168089767940652e-01 1.936008315790631595e-01 6.529394384447455568e-01 2.869700795288323003e-01 5.291420780682372094e-01 1.857615116185967197e-01 5.397560394001259532e-01 5.397414822910282517e-01
4.875888848469240311e-01 4.875918267692581631e-01 2.257502139549845688e-01 5.238708051058410531e-01 2.883415328836946845e-01 6.324968425556559692e-01 1.970572276881232265e-01 6.066035666170742635e-01 1.970498552198721720e-01 6.325051298554402734e-01 2.883507695196865228e-01 5.238660808910053923e-01 2.257493029286836705e-01 4.875958070140207767e-01 4.875856075537646217e-01
4.291727181931953572e-01 4.291716278554721375e-01 2.737533790437012282e-01 5.184083157346515147e-01 2.671349333328750242e-01 6.068128103625390901e-01 2.177453566170348687e-01 6.225093942887460763e-01 2.177518285456652158e-01 6.068057125929269269e-01 2.671394407579102959e-01 5.184116434942354079e-01 2.737415323178070681e-01 4.291718187257959616e-01 4.291690134667744960e-01
3.702335690802939228e-01 3.702403484156454594e-01 3.149520713050173448e-01 5.105614456500705556e-01 2.392443048951184981e-01 5.803945259648720656e-01 2.605774488483671436e-01 6.334840085085580164e-01 2.605807617857973102e-01 5.803984305499139129e-01 2.392433626450717332e-01 5.105620197709367369e-01 3.149534164709599793e-01 3.702395447531100503e-01 3.702477209366036304e-01
3.191329536756617458e-01 3.191297684001086488e-01 3.511165258532408240e-01 5.024663928750011666e-01 2.295729870271860373e-01 5.505868882576618883e-01 3.114003040764056207e-01 6.383368556876339861e-01 3.114055143341811771e-01 5.505863168836118149e-01 2.295718114367092944e-01 5.024596020621645565e-01 3.511210704071990318e-01 3.191244244510255124e-01 3.191283348003258746e-01
2.809288689673939965e-01 2.809354660767560130e-01 3.817174932618240812e-01 4.920643993529622007e-01 2.373947732077348327e-01 5.136477026173379423e-01 3.550874245187606859e-01 6.426249005852413543e-01 3.550835450438462604e-01 5.136468054231841940e-01 2.373968828202998038e-01 4.920572152416022860e-01 3.817291232205023976e-01 2.809291624751406036e-01 2.809271984369819952e-01
2.534847123602780306e-01 2.534812794595827645e-01 3.968166624778197704e-01 4.750617120185199882e-01 2.347259276017272800e-01 4.726800371198197070e-01 3.916709444723761036e-01 6.454596943566190959e-01 3.916769194297514689e-01 4.726937010878203838e-01 2.347298107830371738e-01 4.750723359823935676e-01 3.968168276119496962e-01 2.534787126096868515e-01 2.534788242892905274e-01
2.280905511530381125e-01 2.280904872851589049e-01 3.848964153749979689e-01 4.496250757699526979e-01 2.053542749869816109e-01 4.369584691825799672e-01 4.290761193572375509e-01 6.332509281408122970e-01 4.290759393936497967e-01 4.369720506411045591e-01 2.053438507493658971e-01 4.496284081838895497e-01 3.848992274974818439e-01 2.280898297634312843e-01 2.280889239012196534e-01
1.978342689644229657e-01 1.978462419085064150e-01 3.514620021416976492e-01 4.220113299647814675e-01 1.667774613931630734e-01 4.149593428288428365e-01 4.596898335578117334e-01 5.909116663055460350e-01 4.596904903262185593e-01 4.149649348584584230e-01 1.667686220968376265e-01 4.220038602998030797e-01 3.514741771743062904e-01 1.978367727446564417e-01 1.978329597327312395e-01
1.648531921608177853e-01 1.648480396208842902e-01 3.120641463210755973e-01 3.985024097499538787e-01 1.467511073943680855e-01 4.046409224456308795e-01 4.671604455216477048e-01 5.201794763164395707e-01 4.671699382495166919e-01 4.046482421113343220e-01 1.467469362886074657e-01 3.985038196503917773e-01 3.120523619334479304e-01 1.648467414198412917e-01 1.648514501409300559e-01
1.407581886812775962e-01 1.407444438412826515e-01 2.836549787895250585e-01 3.792557332469946307e-01 1.561608754738860183e-01 3.962881512093860970e-01 4.527861598242737262e-01 4.437398289071717294e-01 4.527881977671902591e-01 3.962959003845719641e-01 1.561519555026325001e-01 3.792519914769049150e-01 2.836560849799967254e-01 1.407535579813248838e-01 1.407498977205126622e-01
1.383705865619139774e-01 1.383891544068304169e-01 2.807259408860892647e-01 3.606666768062413153e-01 1.920725639541376872e-01 3.841659553404778160e-01 4.375597510424618641e-01 3.905758889972339443e-01 4.375588219500040621e-01 3.841650416155367176e-01 1.920767186483823830e-01 3.606593214833530014e-01 2.807272583197002458e-01 1.383753041769059111e-01 1.383753574420751864e-01
1.589334165263623921e-01 1.589335215282968172e-01 3.079219655642631004e-01 3.426390528056428852e-01 2.490803243439541070e-01 3.709466697684814518e-01 4.292104011985120038e-01 3.731373399876445340e-01 4.292200703567308762e-01 3.709388238638751112e-01 2.490786596188308555e-01 3.426413667407060548e-01 3.079142412116838146e-01 1.589357786846672393e-01 1.589288078879410038e-01
1.863102370536287578e-01 1.863130397923120074e-01 3.453883894810370614e-01 3.257368750272547908e-01 3.196654948905284233e-01 3.658239835983373434e-01 4.042735143730715741e-01 3.790724171001466081e-01 4.042800744321541351e-01 3.658258428488911362e-01 3.196527034512722798e-01 3.257382298724926795e-01 3.453823105742193644e-01 1.863139309358984863e-01 1.863201604814336831e-01
1.991232094988061307e-01 1.991278307910447909e-01 3.558358594811266706e-01 3.076468358752773580e-01 3.840269913167949634e-01 3.735281934354661715e-01 3.436515204795957956e-01 3.880323907036045683e-01 3.436506168764308367e-01 3.735322314715304737e-01 3.840277240832569716e-01 3.076590201576147043e-01 3.558383130661910698e-01 1.991151490527099388e-01 1.991321803857697970e-01
1.895817180580915973e-01 1.895996863714963787e-01 3.208417484022464405e-01 2.862605871188155238e-01 4.244892689959526288e-01 3.925577318798119109e-01 2.696037360289353924e-01 3.930371290036214216e-01 2.696037951555319001e-01 3.925464295455582953e-01 4.244796812068833969e-01 2.862562181331884670e-01 3.208445636189356520e-01 1.895754216574913054e-01 1.895759273316131033e-01
1.731824842427401312e-01 1.731832365809733432e-01 2.743994694158506942e-01 2.692016063689904870e-01 4.430709076096195354e-01 4.165753622293876801e-01 2.228184346269567184e-01 4.039687829456208856e-01 2.228225739638854952e-01 4.165782437412851036e-01 4.430651192302025310e-01 2.692037945690683443e-01 2.744043490393952567e-01 1.731883351256336967e-01 1.731836719252289325e-01
