-7.873603197983136681e-06 -3.592964662346709304e-06 2.067926863358326983e-06 1.029203184882421240e-05 -3.768874463405680331e-06 7.080213408727775715e-06 7.241195541518585799e-07 -6.877969674246031673e-06 -4.571834039013289441e-06 3.012624891940429706e-06 -7.111848066010395542e-07 -3.801823264537596003e-06 -2.420250990731176444e-06 -1.797934052749639022e-07 -3.024842448073883361e-06 -3.869105616671753012e-06 -5.726441763886924718e-06 -9.051877626342630379e-07 -9.698046229411616537e-06
4.440493298063508121e-07 -7.316762027587131456e-06 -2.761671208384441911e-06 3.158542499714922513e-06 -7.096834114483918654e-06 -2.786795865183933074e-06 -7.056302526176061463e-06 -4.664321435088325529e-06 1.818407246445552516e-07 -5.509066237086024387e-06 2.043234256010606487e-06 9.173218808444794092e-07 -4.910171063521318047e-06 -1.402314270704252408e-06 -1.261691365828099265e-07 -4.146346183508953231e-06 -4.903365973252249432e-07 5.002130498088508403e-06 4.473864110010605799e-06
-6.271163926485634477e-06 1.087082889927870610e-06 4.258471694329468704e-06 -5.397254223549197150e-07 2.391018712855075279e-06 8.864860738810875773e-07 2.946737927111975353e-06 -1.559407686313463159e-07 5.442781465136992125e-06 4.814679066544869102e-08 3.232846006673284478e-06 1.569385180699711668e-06 5.343247351352609087e-06 -3.297489749476412157e-06 -1.522455788216525718e-06 2.235311907738957160e-06 1.170824057927788431e-06 -7.074180048860512215e-06 2.705300964023216181e-06
1.482064866442645013e-06 6.670241930739617686e-06 2.662693170396579490e-06 -4.923246585741836157e-06 4.395377546539958047e-06 -2.159649571842336968e-06 -1.019319075923341700e-06 -2.774987697851116764e-06 6.258491018873435507e-06 1.784157725892576707e-06 -7.692230816758183209e-07 2.579721437023785313e-07 -1.333005491432892597e-06 -1.059566774341824669e-05 7.640943330833316338e-07 5.413309213775363560e-06 4.107422514942893343e-06 3.537547859144840601e-06 6.764066826425718659e-06
5.692162338366557606e-06 3.523476710343143026e-06 4.171794091401004323e-06 -5.533896311193942097e-06 -5.950578819025054145e-06 -8.801854849416201887e-06 2.033907490983644095e-06 2.179334947560729319e-06 4.568820064498879674e-07 5.129067068843085053e-06 -4.743836548803948006e-06 -2.002600003825349972e-06 7.577083283361041310e-06 -5.229429291597753604e-06 2.469984714481565646e-06 3.240522194136730150e-06 -3.098253786526505849e-06 -4.785546064423051860e-06 1.263732283263152567e-06
-2.719365021830455476e-06 5.522918818168243149e-06 1.234970701530224702e-05 5.662344232160165802e-06 6.225665146741832245e-07 -6.087493405582122818e-06 -4.350713892375956959e-06 -9.145790333953129903e-07 -1.900577159874572430e-06 3.203443926735882741e-06 -4.872709569170297073e-09 -3.671983662689726202e-07 1.619130068020169233e-06 -4.046103814436818880e-06 8.710984262250143217e-07 6.594632944723066714e-06 4.759186127745174133e-06 -4.644686292798461125e-06 1.097476488143289686e-05
3.480726598448224962e-06 -5.687369192708402466e-06 1.255651725540207764e-06 -1.621499644111068505e-06 3.064531169327811000e-06 3.942391892941543574e-06 6.058878224080022079e-06 8.849002834210306645e-06 2.363388707071756301e-06 2.544887262700967767e-06 4.278141622238162967e-06 5.880819687886784664e-06 -4.302546310341881508e-07 -1.978735296059852544e-06 8.885191792706859104e-06 2.881146222544206381e-06 -3.914738272770001970e-06 -1.242345850860360201e-05 -6.608079948788869729e-06
-2.700927968946054136e-06 1.152811102322903736e-05 -1.906027330855764035e-06 4.147899479167715953e-06 1.171589183224241992e-06 -1.209362918386247543e-05 8.272913860740693792e-06 -6.612796879856830401e-06 4.887036301748359790e-07 -6.164297614130731517e-06 -6.619578116762170339e-07 -2.742235950980997927e-06 -1.529445635473081211e-06 4.761830051880355796e-06 -3.341895769781721981e-06 -4.306052227343037941e-06 5.414258628710921784e-06 2.319592548705173840e-06 -2.881519132080789802e-06
5.882092775688629871e-06 -8.266092354825005373e-06 1.823260827427120034e-06 5.834690418815569046e-06 -6.212724299015093266e-06 -2.319360452029961550e-06 7.562903998614700640e-07 2.361950636686760419e-06 -3.966173723557453457e-06 -3.451526537912030790e-06 9.514231559148988993e-06 7.865867027057049654e-06 -3.817451784571268547e-06 -1.777911950995303414e-07 -5.649826205211816443e-06 5.771063368131823523e-06 2.733201335480828220e-06 3.464368689753971609e-06 -2.861933224518331542e-06
-2.637855425646762342e-06 -3.609700415019290176e-06 1.228516880447116932e-06 -9.374763881409009514e-06 3.132852352982773425e-06 -9.204170360321839439e-07 8.321516745124490910e-07 7.887067667022851225e-06 9.479928279043647876e-07 -4.483629699292279724e-06 -6.332758801685933747e-06 3.805309843729620667e-06 3.235836066206587702e-06 4.908938673331419977e-06 -9.278302982695940671e-06 -6.466594521192803313e-06 -8.126242690309481986e-06 2.302359105865736666e-06 1.990152033615188998e-06
-3.616420948038268079e-06 3.687802318019794967e-06 -9.216586250082592358e-06 2.237684814221374552e-06 1.530724478893130680e-06 -7.447725169584806792e-06 2.767043187357209888e-06 3.837420428698390396e-06 -2.900782401393797727e-06 -5.580960040441063086e-06 4.453676944238260660e-06 1.768695399029240889e-07 -9.245896977039258502e-06 2.845544718133030671e-06 5.657690035631990355e-06 9.608734110488903468e-06 4.967737385397352767e-06 8.454714334082957805e-06 1.306392435618253245e-06
-3.233054390539003009e-06 -3.991230031141768109e-06 2.335582550805348490e-06 5.291376478588905030e-06 -3.642948142035251635e-07 -7.208157410731885761e-06 -7.839190746317115099e-06 -1.018461414981075563e-06 1.861910662204202538e-06 -6.587561908188988014e-07 -9.667716925898517388e-06 5.098724816743338550e-06 -7.628683873273089944e-06 -2.426177324821310322e-06 -2.870107094654628099e-06 1.680062330089437950e-06 -1.144060506708122205e-05 -3.392714610694902433e-06 8.426719172172081329e-06
-6.100963261035374785e-06 1.169614601836954648e-07 -9.383363340442762990e-06 -4.454735702208445502e-06 -4.449859056787630607e-07 -8.536745267018197580e-06 4.213876501069080405e-07 1.012364807428944857e-05 6.475731989308286529e-06 8.070725793174471363e-06 -4.600301748536317348e-06 -4.268708051480274435e-06 3.725573903212708871e-06 4.653712512292518255e-06 5.149788196434634813e-06 -1.228651605011954473e-06 -5.378261466737477292e-06 1.371999043930927087e-06 2.660869216686290173e-06
2.186091755007613102e-06 -1.038745983672484385e-07 1.270212901027800712e-06 -3.357974342810265966e-06 5.828962800047410298e-06 -4.008779665776174284e-06 -2.773581849302431124e-06 3.478428211522999192e-06 -1.374504689177769023e-06 -1.580632607467435946e-06 -3.731636842863039760e-07 -1.217969196942725318e-06 -1.187212309128327092e-06 -1.480909136430952344e-07 -6.718599077082387794e-07 8.813257464213020143e-06 -9.594136174406742157e-07 5.864325220095167879e-06 4.955837388798123300e-07
4.055883264908466401e-06 2.993346278512554193e-06 5.703997496164792125e-06 -5.062178630499403198e-06 2.890159143675852249e-06 -3.590047884749481000e-06 1.222062357680853140e-05 2.758359599785986660e-06 -2.802299822968201681e-06 7.266104989356314547e-07 -1.689572621810242481e-06 -4.155177251052855070e-06 4.303622031409659598e-06 8.980625238075301553e-06 3.794538322887675008e-06 2.445089854752335867e-06 -3.973454365313600078e-06 -6.857161455320337495e-07 -2.239261619796373282e-06
-3.019533400538954027e-06 -6.896825831770314608e-06 3.011237962091684039e-06 -9.596268216727210643e-06 -5.012388193281758220e-06 -3.888053170530980651e-06 -1.144433382616050210e-06 3.977214274419882400e-06 -7.696495298858962997e-07 2.270121626124499414e-06 2.124539734471575514e-06 -3.202942409186171346e-06 6.758145690177741471e-06 -7.858251277581551619e-06 2.303528019775846758e-06 1.173884656924251146e-06 -7.752284702400302763e-06 -1.055566993213297167e-05 -8.518740391316725891e-06
-2.881142741828490728e-06 -5.170859655567738855e-06 -1.245158928075973392e-06 -4.113829124685608463e-06 3.341648395993601639e-06 2.008818928644906521e-06 7.356207886943799679e-06 3.698997529943959250e-07 -1.737648508637334999e-06 -4.394764499537906488e-06 -3.331327530942118642e-06 5.252294472568586059e-06 8.378157205779501737e-06 5.689057934132879524e-06 4.639567265540822660e-06 1.099603305798613206e-06 -6.065520968823179260e-07 -1.134586988360553050e-06 -3.725073053351124486e-06
8.847661677746643250e-07 9.129646247163503148e-06 4.260798449451375092e-06 -3.729232641136448478e-06 -3.117531185203858968e-06 -1.560791359711544146e-06 1.109116316511116196e-06 2.986619572931115130e-06 -5.653299793628718817e-06 -1.358124587147457873e-05 -5.682203872869884265e-06 -4.754263864814589624e-07 -1.210313154031972260e-06 -2.956336620840716023e-06 2.821539715203158494e-06 -2.703323453867589876e-06 7.315374509764271949e-06 -9.522954365071001348e-06 2.548341608843429640e-06
4.830069041450446576e-06 5.536867919542221017e-06 -1.577210396286332639e-06 2.859546317013350603e-06 1.710546750355312895e-07 -1.174339708698290963e-06 1.664218913011161760e-06 8.472453877361729724e-07 1.185911569889785966e-06 1.799851934436436096e-06 4.463557788658700787e-06 2.436390927895715208e-08 -4.111043563237437581e-06 -1.669118555036597229e-06 4.912912703658456337e-06 -8.649967296991967203e-06 -1.046473839472206180e-06 5.984164932137936432e-06 -2.345766172751062584e-06
-3.381007870895125222e-06 4.164775893988892363e-06 7.910551501455476142e-06 -6.587541847569156062e-07 2.957356869004446054e-06 -7.863707394251129301e-06 -5.515937069322518482e-07 1.669332217679730945e-06 6.017165475880048575e-06 2.598510851103963404e-06 -6.988277982733492877e-06 -8.671534047821616298e-06 -8.405309199988053592e-06 -2.445882056778536651e-06 -2.615939196259908783e-06 2.916959758125781121e-06 6.325559139430669831e-06 7.722452223635212221e-06 -5.638196341806178680e-06
-2.444363854992026575e-06 -9.429603132660169251e-06 4.523123620647773180e-06 4.730383150297612360e-06 4.950131100245336313e-06 -4.178389430564699580e-06 6.596571112849058949e-06 2.061524187080276960e-06 3.321745284612376281e-06 -1.260672059411049872e-06 -6.950657988946673527e-06 9.494714709457063861e-07 1.312570671541113398e-06 -4.314775593927677733e-06 -8.618437856933169883e-06 1.509855327430642546e-07 -1.281676675124465703e-06 -1.942817624778214736e-06 5.192575938894883336e-06
-2.179543500568925651e-06 1.084663615597003528e-05 -5.148623261064244616e-08 -3.944435414293678832e-06 -7.841148928489083403e-06 -4.673858866599545081e-06 2.709537129941264055e-06 -4.655090504068759572e-06 8.958712354234510400e-06 -5.119432139433222062e-06 6.017652241396831414e-06 6.033801995486420822e-06 -4.270771931214056849e-06 8.759632333266154092e-06 -1.079661050229496766e-06 -2.583564190361542501e-06 -7.541892451778942075e-06 -3.221801447406136276e-06 -1.447817221333913551e-06
-8.193544719703460544e-06 -4.167674862443071504e-06 -6.517300333075404239e-06 3.579302310041665436e-06 -3.988746061556192046e-06 -2.494652254547702341e-06 2.945605079018864814e-06 2.928563422044394571e-06 -1.450208238717998199e-06 -1.156825384929227596e-06 3.788738382026757279e-06 7.139291227642452498e-07 2.202642029047741090e-06 1.882040250200667231e-06 6.970369135550491535e-06 -3.133773818220220164e-07 -6.231822298197187138e-07 -1.024393351256591700e-07 4.935810515860339365e-08
-9.611005871379418863e-06 -1.231164710913112970e-05 -4.162608179703042310e-06 -6.227301958539044335e-06 -5.035578834688969607e-06 4.541505658928191025e-06 5.071659852529109003e-06 -7.312991815999758671e-06 1.073552307440106546e-06 -1.424144295492091317e-06 -6.625205121180144374e-07 3.111501843677810797e-06 -3.340630649217857240e-06 5.097391545527685253e-07 5.032111446534592858e-06 -6.081004209623763757e-06 -2.721674091876735702e-06 5.194091629023844803e-08 -3.084184263535405535e-07
3.726973728079840953e-06 -1.274107630400145297e-06 2.558831773080694205e-06 -2.449094641421289964e-06 2.090964256462601867e-06 3.112907957847355078e-06 3.511363428521097063e-06 4.098294566878823986e-06 4.482704553110394841e-06 1.115522802852542128e-06 3.152915970416891867e-06 6.551025928391851494e-06 4.005711587096172366e-06 1.039679124176240421e-05 -3.104684256016732036e-06 -3.743412457901662549e-06 1.083508077009964765e-05 2.657969219332922961e-06 6.093270483120694081e-06
4.338277410198543294e-06 -2.113252125623965583e-06 -3.292404242349888932e-06 1.028815043713215971e-07 3.931022838687958654e-06 8.190405758612406828e-07 7.001113747850951086e-06 -2.511673363403410519e-06 4.510076056229994634e-06 3.474697383154534691e-07 -3.813141443265166686e-06 -3.437483037216360060e-06 -2.589242498185484465e-06 -4.423447382495560021e-06 5.264585022646262047e-06 -6.718349153556069098e-06 2.335320935520357466e-07 -4.744591398209152544e-06 -9.189500201900457910e-07
-1.696066325607148428e-06 7.671338687176287863e-06 -2.039811532350555012e-06 1.089293459988205370e-06 5.668719739726491014e-06 -3.473985654367517384e-06 4.518803090824974333e-06 1.594581514552384505e-06 3.891414416812288835e-06 3.994306815413573020e-06 5.371751949978520457e-06 -2.332954667783049274e-06 -3.354812931899431305e-07 -5.963278824294704350e-06 -5.999949564072792896e-06 -5.643950059863733770e-06 3.584347680607447018e-06 -4.349520076329937979e-07 -1.434759553053943648e-06
-5.097022688471675167e-06 7.112915910434391975e-06 -7.597988720409176722e-07 -2.542287927509434553e-06 -3.978936773951780026e-06 -7.712827040262659750e-06 -2.623847502603027237e-06 7.509653531245774616e-06 -6.789473513513222258e-06 -3.962852491268264998e-06 -6.947719590533196765e-06 1.192501280888880189e-06 -8.391151136155627910e-06 -2.459294073497986233e-06 -2.215936843130705824e-06 3.309738386580995950e-06 1.488707939545363956e-05 1.301645036089205121e-06 1.074061119543667786e-06
-1.952271469485289401e-06 4.570926911973138829e-06 -5.959762952034708405e-07 -2.224270283512908009e-07 -9.692329128174748121e-07 -1.097875471300913119e-05 -7.310065365029316808e-06 1.520978599622857530e-06 -2.707670830215391788e-06 1.813869753508612348e-06 3.014907908993613717e-06 4.924610724932332317e-06 -7.941012960421822697e-06 2.130598423411012021e-06 -8.559282237752263711e-06 6.905946760560333075e-07 3.885050771368359079e-06 2.746089534155782275e-06 1.668508559649062306e-07
5.630046422067103151e-06 -1.987918150092582437e-07 -4.452392732168242162e-06 1.924814484632886291e-06 -3.945365551705215523e-06 -4.825604010383344189e-06 8.994578137466735512e-06 -3.466473491031685228e-06 -7.618632211436882073e-06 -3.609284176753213558e-06 -5.071642411258459049e-06 -7.432851002353579872e-06 1.037005238152532982e-05 2.523802995202384380e-06 -3.731645901172697677e-07 5.379702751107107161e-06 -4.101480250873201783e-06 -1.076390888354872288e-05 -1.330036266644629706e-05
-3.292568348411961665e-06 3.195083952356458923e-06 -4.059754438956453271e-06 -9.440598847110237557e-07 -1.526591050793335569e-06 -2.045476010792413035e-06 -2.416908075453250149e-06 -1.978820975967465756e-06 -5.689617079474018624e-06 6.941981650632200740e-06 -2.981756483277919756e-06 -1.668570392965307292e-07 4.871134953343680962e-06 3.574925494520542202e-06 -7.056878787992104662e-07 -7.081635285732801322e-06 3.744922952575446828e-06 -2.371170353843154999e-06 -3.130963169728495643e-06
6.975211669368874823e-08 9.213193400969821312e-07 -5.003681480264532411e-06 7.089982114905080124e-06 2.879770471531095666e-07 -3.704349895938818804e-06 2.667955094737273214e-06 -9.760841283790178124e-06 3.579674240417052289e-06 9.742340668583704399e-06 1.300159041406345750e-05 -3.402796021068077437e-06 2.724748104920848846e-07 -5.515465401950692126e-06 5.836059658481662638e-06 4.781461579228540870e-06 -2.999015835780660666e-06 -2.046179346848475689e-06 -7.766968801226070696e-06
2.422346819130893891e-06 4.258937675971630199e-06 -1.159315685794748418e-05 -1.343873313075505393e-06 3.514073516230897809e-06 -4.719654960183561343e-07 -1.625517357606298674e-06 -3.537677412124295984e-07 7.165887927373937316e-06 3.852896247824588727e-06 4.970996761444190781e-07 4.510560740411673208e-06 1.486976935194395111e-06 -2.941572792902746869e-06 -1.289998857734175886e-06 2.965749466898870423e-06 4.561242171352564156e-06 5.550930393949382591e-06 -9.827306661769341645e-07
-3.115833516087462840e-06 -4.145604602601160593e-06 -4.738688083261166639e-06 3.342206952305915024e-06 9.533853789600588158e-06 -8.673169347162001941e-07 -7.522992154451735303e-06 -9.756389475978899384e-06 4.331793802825334438e-06 -7.924851241902786114e-07 8.691698607510289776e-06 5.314508589537858541e-06 2.740460745498385364e-06 2.145398141917276291e-06 2.400986467976373717e-07 -2.145958177823814594e-07 -2.947645263318143805e-06 -1.527682435442656583e-06 4.979659392001511975e-06
