-2.694041545070469112e-06 3.194917049809120613e-06 -4.297648703910361689e-06 6.009478563107073512e-06 -2.144493331801555769e-06 7.362948973355099014e-06 9.232607384390689731e-06 -9.045529851037237279e-06 -1.815333577237510099e-06 -1.046796390757886996e-05 5.672077544871534371e-07 5.381115120495216786e-06 2.476724242583827618e-06 6.202288284518076011e-06 -5.671978738686078714e-06
5.230132071043502862e-06 -6.652539871754292733e-06 1.083327308915027487e-06 3.237158419322483383e-06 5.919756535521791818e-07 3.259180102355152542e-06 6.784265522530308345e-06 7.933722691699784946e-06 1.411047064414638896e-06 5.268978284733716322e-06 -3.594958310149110048e-06 -1.034141392075582644e-06 3.662449875041495773e-06 6.520211845439938259e-06 -3.276344387792562429e-06
-2.114947491693719428e-06 -9.745800150673389339e-06 6.483576604654484044e-06 7.130123152010447996e-06 2.826903584551843096e-06 4.233437813916385295e-06 6.591226435315178378e-06 -4.389752150890657845e-06 3.670287912482805837e-07 -2.382721538296550534e-06 -6.583362567535999688e-06 3.209903164935745679e-06 4.293440162117523329e-06 4.222463041436697040e-06 -1.119629273482747323e-05
-4.290287214048227327e-06 -7.177147529291438843e-06 2.111832944573510673e-06 -2.261771063327699949e-06 4.282723545800948273e-07 -1.011676965900765168e-05 -2.911478851452820038e-06 -3.271148047101490874e-06 7.211394571937645992e-06 1.536000198365528036e-06 4.288378531225323087e-06 -8.086215912417316076e-06 -7.364238778451159817e-06 -5.908584058578192355e-06 7.546307199179924652e-06
6.532468059927687420e-06 4.190446269147773961e-06 -4.310639766913482163e-06 -5.733361642779044587e-06 4.562024516652218864e-06 1.805163138801635370e-06 4.448470656448488825e-06 5.830414043228593357e-07 -4.929491292826604365e-06 -3.582005472457794326e-06 -4.475428896144606483e-06 -6.175402093133719461e-06 7.232037673610136608e-06 -1.165285027360241088e-06 -1.758731130729884740e-06
3.140496018072536089e-06 1.958931975853950291e-06 -9.241022009276456117e-06 4.085761780014962596e-07 -7.470176403234773943e-06 -4.229174071945784874e-06 -7.575938243409297002e-08 -3.428854325360219946e-06 7.324876276137981534e-06 -3.384281769047703392e-06 -1.412102332731812737e-06 2.137496332876853700e-06 4.098635214222490220e-06 -4.882064668865204737e-06 4.208284679452223287e-06
6.265494110091474056e-06 -2.953780268377670382e-06 4.065844407985519382e-06 3.023947182489994390e-06 -6.967138243885173665e-06 1.241329191381534969e-06 3.274586677315394212e-06 -1.511066984094533439e-06 6.474447712845332603e-06 3.211394744684348268e-06 -4.810846579328398320e-06 -1.993551429935180863e-06 3.509078447261337885e-06 -1.851420901921585482e-06 6.881647000023249916e-06
-5.493535906175850414e-06 2.282835299127761175e-07 -1.177938340202189238e-07 -2.031257095636007648e-06 -7.397038624956664421e-07 -4.763189292544822706e-06 1.065081419915347993e-05 -2.617204943766715530e-06 5.607548688169039508e-07 5.498238949797062958e-06 4.380938514292331831e-06 5.055328763881039578e-06 8.304783797263848300e-06 4.121014707592074444e-06 2.841794469965464032e-06
8.069286457801361223e-06 -3.946724844716698044e-07 -4.840740638556439990e-06 -9.785901406988983808e-07 1.020088754022374644e-07 -1.238864401620354272e-06 4.188178462538605373e-06 7.326378307914716004e-07 -3.437607506429074533e-07 -3.177132413045846704e-06 3.475781895523333276e-06 6.306424265023480302e-07 2.612286920666839762e-06 4.928675763571366275e-06 -4.889070211677726263e-06
3.109855719052312395e-07 5.596341914382296778e-06 -3.163049096643888447e-06 -2.843524047446699399e-06 1.836727717086095168e-06 9.985597160366843639e-06 -5.060204750884089719e-06 -4.928388206537626104e-06 2.583349128892908908e-06 2.246671226835417201e-06 5.449324635198316003e-06 5.892850040711827830e-07 5.049187104533281456e-07 5.463168352037861553e-06 6.668015958832818058e-07
-1.427887603488997570e-06 1.859488477640169890e-07 -3.982664822155257411e-06 1.605815396432674902e-06 -8.012620340558385124e-07 -1.378487394232408292e-06 -3.338758824855680984e-06 -5.088160073385417093e-06 -1.135079409020356422e-06 3.247426946906273315e-06 1.565075635256985009e-06 6.321241719509096413e-07 4.247243775956643930e-06 1.358894555325562692e-06 9.308803586072222913e-06
-3.428666634164301286e-06 2.906736956131972249e-07 4.511728922018676258e-06 -6.296768592539692122e-06 -1.905659593792741191e-06 -4.172092525567272503e-06 -2.909944036844080983e-06 7.304161870280712066e-06 -9.563082116526011589e-06 -7.974932350163221884e-06 -7.510967289792169765e-06 1.426804575932472119e-06 -2.367524426838407692e-06 8.371160570452840233e-06 3.689395099371051145e-06
-2.025327369925555843e-06 -5.339698206596743546e-06 1.099969496998198792e-05 -3.479510025106158366e-06 3.761267631408049539e-06 1.438423201216565417e-06 -4.195304872389726825e-06 -3.726593250763521326e-06 -6.515584965449683352e-06 -2.882944080573324186e-06 4.654745004328830760e-06 3.678887802283092867e-06 -6.329530192861199112e-06 6.890728783626176579e-06 -3.906582470847297373e-06
-1.265115584225817713e-05 6.542705916989799420e-06 -5.218189653710680886e-07 -1.021888636598689004e-06 1.040003454078064493e-06 -1.167899109533188096e-06 -1.629671115388475755e-06 -2.993611488921743558e-06 8.049100541085429938e-07 -4.490670658885420607e-06 6.018276570374236911e-06 7.958984211686725985e-06 5.703747380736423622e-06 -4.168484540989503273e-06 2.209724599466778017e-06
-1.771152638774253774e-06 7.245847911674374586e-06 1.000041901755288620e-05 -2.871864884568253729e-06 -4.294155666717536235e-06 -8.714429691303315906e-06 -4.333578177417862776e-07 -1.854780149690427038e-06 -3.437201784306509467e-07 -7.282505209982303995e-07 1.095087870162103627e-06 -1.459101659384565153e-06 -4.713879512396879079e-06 4.829248681392783737e-06 6.414725057968251321e-06
1.336980563149126056e-06 3.288220889130499813e-06 -5.127974557539438649e-06 1.067727901093995513e-06 -3.809496868845130280e-06 -6.431165063824906269e-07 7.413905867281744833e-06 1.393686191175635969e-06 2.835317254423763700e-06 -3.505303181494667797e-06 -1.067136377042032791e-06 -1.031397086181939926e-06 6.460337259595050341e-07 4.347996746534299461e-07 -2.886061498896808075e-06
9.759616205418097934e-06 5.821567888364409527e-06 6.617662893948494940e-06 -5.981603629079401685e-07 6.284241006015989228e-06 7.177864575491632593e-07 7.912492469619447633e-06 6.888491500212090557e-06 -4.845594864688607117e-06 -5.620554287544266003e-07 -3.843795887914502885e-06 3.927345624599176688e-06 -3.203154626429949303e-06 8.738353258819220315e-06 -3.731302105292044757e-06
-1.016225025685102423e-06 5.727618395012790131e-06 -5.088790137053322837e-07 1.464311241150539900e-07 -3.087696615611257300e-06 5.621742778461058521e-06 4.493499425495262045e-06 9.348692193156260544e-07 -2.182933580230361770e-06 1.502187345414629505e-05 -1.482017703335891667e-06 5.284976108188566002e-06 -5.808291427378264871e-06 1.875426785924450002e-06 -4.639692577357301673e-06
-2.772311740950605952e-06 3.992543566866402216e-07 -3.957527174858199714e-06 -4.408654968868219726e-07 -2.953276577732921737e-07 7.001077297896785012e-07 -8.478482083074112552e-06 2.221204798369402766e-06 5.130141324027892580e-06 -1.712160222488989803e-07 2.506169855365225629e-06 5.105439503660935685e-06 -1.384317327990380875e-06 2.940506514115259762e-06 -2.855997169870505559e-07
3.695543706438986220e-06 -1.002848859343874466e-05 5.680553638587326759e-08 -2.393238240916417681e-08 3.249631629564930790e-06 2.822281354175615320e-07 -7.904945047432221372e-07 1.392248171083743102e-06 -3.302314146136353656e-06 2.883197762149070087e-06 -2.943712326120007106e-06 1.329872105604312793e-06 -9.604448350408745227e-06 -2.800146785664203719e-06 -4.114513739050806862e-06
-4.845988175627979899e-06 1.898157916957465829e-07 -2.117601474505015346e-06 1.135263967333433044e-06 -1.384246383073772790e-06 -5.776470243246123459e-07 1.206509557311052916e-05 -4.431212672684203824e-06 -1.154870830821774774e-05 -6.046446751839518186e-06 -1.046183568442771161e-06 3.367724669023353101e-06 4.267826807902164177e-06 -5.900617844001310175e-06 -2.679329857424583849e-06
-6.716766882686187046e-06 4.479964054004970109e-06 -1.317627292052314658e-06 1.280578484252892224e-06 5.708960016392872205e-07 -4.716274846661150377e-06 -1.686911476062036286e-07 -1.278023122597282679e-05 -7.875142111535282652e-06 -1.647275993554853102e-05 -3.075163688692761355e-06 -4.722388795896925728e-06 7.374774599999689428e-06 4.013431483429474866e-06 4.421136709398254538e-06
4.536060579096723444e-06 -7.239916431922566176e-07 7.471864060581978606e-06 5.668036786032892849e-06 7.266649174997308336e-06 -5.306863194554090057e-06 -7.496481819524447587e-06 -7.082526752522078084e-06 1.725661774587550212e-08 -1.829861143831656989e-06 -1.363144200183796784e-06 -1.119286460515844794e-06 -5.837670757347090955e-06 -5.244626552824982468e-06 1.054435167341383206e-05
-9.001538613384596488e-07 -2.055666635469854953e-06 3.104324632796640060e-06 -7.514583439283128996e-06 7.803619418877971725e-06 8.482168060264250187e-06 7.135677933090001090e-06 3.175091446649958016e-06 1.743375424967386067e-06 4.665810149906413073e-06 2.915046061147119616e-06 -4.187605871175392735e-06 -3.632330126568383832e-06 -6.674632200609487143e-06 1.706503543530413225e-06
-6.976379726242321055e-06 5.680854698875137387e-07 7.215520455017276902e-07 -2.914212340998645345e-06 9.613798145124974326e-06 -4.194382113742456397e-06 -4.989465031579598531e-06 -1.678951797923211586e-06 -7.913519163293969427e-07 8.427526417720265783e-06 3.163704776321107914e-06 -5.527313823305846086e-07 -1.654874230649916456e-06 -4.276713663653453068e-06 7.153397933057359381e-06
1.224097593288675512e-06 -1.475019304697511302e-06 -4.935059917166029209e-06 2.937710043393604309e-06 -2.330270380546117792e-06 3.050429600581772149e-07 -2.328937842355216503e-06 4.025769581084137627e-06 -8.723625540385526733e-06 6.778636941262572435e-06 -2.327112033517764189e-06 7.901156401424191955e-06 1.548976740761709436e-06 -7.496855427113757742e-06 -3.212144426112395479e-06
-6.707827471585936507e-06 2.023508999138279307e-06 -2.099387562015664344e-06 6.744448634354860417e-06 8.107804995272083204e-06 4.682081491069745027e-06 2.349008786484141353e-06 -3.908094169169373799e-06 -2.975951470363114026e-06 4.526298723050992123e-06 -3.941273389651556158e-06 -8.254188974543552604e-07 9.606003512241390041e-06 -2.269430799284322120e-06 5.281633543463559732e-06
-2.960450951494664196e-06 -2.805809255046476380e-06 -1.748809866253253631e-06 -3.322696760954535478e-06 7.725856655871332634e-06 -1.330055869952495584e-05 1.381574849523836690e-07 6.588476262670006633e-06 -3.093788591423951573e-06 -2.420924959389836317e-07 2.269326912496261173e-07 -5.695300103747413800e-07 7.627787411534914241e-06 1.026670238368776467e-05 5.823604340593480089e-06
9.376847707187607739e-07 -3.366152024897317574e-06 1.852470309149367722e-06 3.709407806473663527e-07 -5.472829025410241854e-06 5.905380375592628184e-06 7.160903087166659020e-07 -1.581898723901353776e-06 3.450788779169045029e-07 3.531631601827456279e-06 2.957841385153869851e-07 3.598196839260658919e-06 3.396194893201531784e-06 4.642722644110364172e-06 -8.192647903415561927e-07
9.034213051539730088e-07 3.054901725474401530e-06 1.320339268695569501e-06 4.687275213188790701e-06 1.455377298564819455e-06 -5.098012112125793749e-06 4.118155745858054217e-06 8.963036510656330336e-06 -6.357169156090414219e-06 -3.727161494104791473e-06 3.541820267682904699e-06 -2.657088607582736017e-06 2.887118036531965970e-06 -3.919651701322912629e-06 4.002937575575682416e-06
1.871612262727140319e-06 -4.509844491740189198e-06 4.590667343484788887e-06 -6.555900957994076350e-06 3.906903398187555609e-06 5.517856680459232166e-06 -4.749285333227604156e-06 5.126897093810089956e-06 1.050758178600119663e-05 2.890404118716105586e-06 6.387522876294404739e-06 4.809177203135561740e-07 -5.433636607543590458e-06 -5.189586009368696295e-06 -1.251477176456017304e-05
-7.545859517454900356e-06 9.357542057775170008e-06 -3.831343666438336015e-06 3.271257855930187475e-06 3.091096637097834332e-06 -4.418279264228885950e-06 -2.285590030237649728e-06 -7.083302218102716097e-07 -4.317804037645700532e-06 4.678159708448870191e-06 6.358988266286225155e-06 -3.905377737090098833e-06 -5.345572773318707505e-06 7.063255583195093834e-07 8.817721408593826027e-08
5.045375326639955915e-06 2.940054702360583860e-06 -4.071742071620754189e-06 -3.945569109764512916e-06 -6.553164670797251290e-06 2.290289621287300292e-06 1.726802440371599801e-06 3.787269027999418114e-06 1.147260378403514025e-05 -5.461119209071441105e-07 3.264156814841712162e-07 -4.294075341637615395e-06 -6.589191544725814254e-06 6.543390098368018215e-06 -8.198421068361660957e-06
1.072763545711952204e-05 -1.680846743234987173e-06 5.877421827060747006e-06 -5.500669372993094441e-06 -4.448970938208951509e-06 -1.472079836140061104e-06 -9.803262513985444571e-06 5.240918156679263973e-07 -6.967352333409060350e-06 -7.174415138644363310e-07 2.878496582925382796e-06 5.068124966756126781e-06 -2.012873659307246044e-06 1.507855485027853604e-06 -4.777471387051868135e-06
