-1.219480689429452980e-05 -1.696768481640464898e-05 -7.721196555565690289e-06 4.156478477290725948e-06 5.075475962068587421e-06 4.606273794116599873e-06 5.720143210374839526e-06 5.615941368997123817e-06 -3.393357083103509808e-06 -6.650430469656853916e-06 3.842060509184896944e-06
4.759537810372638234e-06 6.555987271394947413e-07 -7.920091254609573639e-06 1.854266622580702517e-06 1.803091170315962444e-06 -4.400491929623662202e-06 6.134731072471311109e-06 2.673579980905227416e-06 4.133522042260029394e-06 -6.307338818789531842e-06 3.116770284916636768e-06
-6.654244203430081939e-07 4.951599301694642463e-07 8.133820310840533807e-06 6.743731732206104112e-06 5.259147849934198149e-06 3.231175664919483381e-06 -1.375248925961081170e-06 1.350872413263815019e-06 8.538877602493055718e-06 4.436396381035656589e-06 -2.371041112447791477e-06
5.160693588524001285e-06 1.047247894514491406e-07 -6.121063610531329857e-06 -7.583793097953872575e-07 -4.510201299434690725e-06 -1.154645342338334046e-06 6.390144951795573292e-06 -3.437726103006077949e-06 -1.346745156727280346e-06 -1.483450734030000717e-06 1.883623031162517947e-06
5.130662144692266224e-06 -5.605074258951958655e-06 5.467897612632111048e-06 -2.151976200570615561e-06 3.055552739161804254e-07 -7.468862126547293201e-06 -6.043590757176531270e-06 -6.086799270610399049e-06 -7.579351655295774037e-06 -1.680593792907636441e-06 -6.737335362827501228e-06
-4.633231998507625349e-06 1.029875200675434144e-07 -6.783970627477486914e-07 -8.604598209727143399e-06 4.475082210630976221e-06 2.934787155295381922e-06 -9.260210669381763182e-06 6.947497621645482013e-08 -1.317986177007401949e-05 3.965956994589348028e-06 3.575411586298482547e-06
-1.743647491503352853e-06 -1.393647797942598743e-06 3.047584857585050599e-06 9.696016799287665577e-06 -9.022580306439209608e-06 -8.341933561695213939e-07 3.150694262543662916e-06 5.127956184181048371e-06 3.624896089626794549e-06 -4.059834648795224155e-06 -1.350967901436739282e-06
1.113465793955992211e-06 -2.688959296337500859e-06 -6.019974310933484674e-06 -8.349255446349346244e-06 -1.281134315411769364e-05 2.484960429038896024e-06 1.150444884190360284e-06 -2.991503319504928982e-06 6.636001192439344720e-07 2.412793201844731783e-06 -4.965456837258130918e-06
1.881710722850815642e-06 -1.013905812230486703e-05 6.673077203700472637e-06 7.171585074128294934e-07 6.806604133879901042e-06 7.615948823813667445e-07 -2.358855011541649560e-06 1.019301240690051458e-06 5.227576783117804382e-06 -5.952867583092213977e-06 -4.169277968091300579e-06
3.023241831601186647e-06 2.720991085003454657e-06 9.368356901351404531e-08 8.910410069062901783e-06 -4.602801546016443979e-06 5.958699276942258649e-06 2.999743978937541300e-06 4.879394072510034874e-06 5.770313081188138682e-06 5.746558233765686197e-06 2.399610312842082038e-06
1.109017854605820474e-06 8.863145227244739743e-06 -8.710175776527329106e-06 -1.107635190411571102e-05 1.018972115685023994e-06 -3.135926998076854488e-07 5.739426634787658799e-06 -3.512960533469389190e-06 -1.413482283663114458e-06 5.565866554368970043e-06 4.008651513398575617e-06
6.063337038009208868e-08 -6.112718070716560703e-06 5.919046871694089162e-06 2.423253527727986523e-06 -5.848007617270667424e-06 6.089443492673929370e-06 2.990378104916757707e-06 -1.285197206102317580e-06 5.657283121962564110e-07 -1.346118745138014106e-06 -7.321220656941740401e-06
-4.030687651757070000e-06 -1.224044565817372643e-06 -7.045117462411987219e-06 -4.237390416772512935e-06 -4.186853338472573682e-07 -3.524731671977754388e-06 -7.521110504504768812e-06 4.161961478066356079e-06 2.073148887560272158e-07 5.267881161730159079e-06 3.380045181466950766e-06
-7.650924079838361536e-07 4.100898959302767821e-07 4.231200592452744047e-06 2.909677320417358715e-06 7.428708746981538269e-06 6.544635351379834987e-06 5.137430943158438623e-06 9.368744812443541292e-06 3.826976863297026910e-06 2.029920538382246065e-06 -5.108015423860301496e-06
2.637273134986628520e-06 2.072939955577446369e-06 -3.311185831522678313e-06 4.694333825105978519e-06 -2.215043750641854103e-06 6.106773552505551095e-06 -7.340209676298670161e-06 -4.449115940441394912e-06 4.326942200316707954e-06 -4.708426847743751864e-06 4.805333759794194748e-07
-4.143830876324194890e-06 3.729307837541107062e-06 9.250675912508832255e-07 8.733255085047186839e-06 1.423409369483152886e-06 7.557764077348316789e-07 -5.916504991709814476e-06 3.734796006626961429e-06 6.240573854510156337e-06 -2.444501607357096873e-06 9.190279668946921277e-07
7.544526171021637140e-07 -4.084211294386186353e-06 -1.915127389562343296e-06 -4.814154976884310599e-06 3.339380315992013237e-06 -2.110302864677393586e-06 -1.072811666946726916e-06 -3.552733564227139595e-06 -7.008383172690813012e-07 -1.079669034398378358e-06 9.437834509296028074e-06
-5.616322760193526165e-07 9.679542149476638713e-07 6.070159807025632404e-06 -2.751276871548746783e-06 1.890204270438289313e-06 -1.779523251976833365e-06 2.917004047142679468e-06 -6.749582769360884527e-07 1.264837792980255671e-05 -3.312118442289069264e-06 -4.342856578132270329e-06
5.584256874691106987e-07 -2.498482084334341380e-06 1.395056191455523731e-06 4.489051695089063543e-06 -1.542498283213511456e-06 1.825630944807254963e-06 -3.069471852468197426e-06 -7.940561324026873535e-07 -4.774287105657748498e-07 -3.911028097713931118e-06 3.880613568763013888e-06
-6.199597346934204722e-06 -1.357144454550152091e-05 4.429056797039532256e-06 -6.323331983582036742e-07 5.411893002071899161e-07 1.703722187218481565e-06 4.512469500450588811e-06 -2.044264595935096906e-06 -1.251690414028061582e-05 -1.010022478287186942e-05 -2.909302211806519267e-06
5.136699343655237726e-07 6.232146937790172814e-06 -1.624421951951227072e-06 3.449461243421048096e-06 -2.897962581349666777e-06 -7.160077086010296910e-06 9.937062453779788029e-06 -9.887204114100711649e-06 4.211745486815132722e-07 -7.188533087454374026e-06 2.081380464868942681e-06
6.880142424448010274e-06 -6.764659080893409282e-06 -2.948325001472795748e-06 -3.806635203829067393e-06 -5.075733416015637545e-06 1.229280692238710060e-07 2.371929050948295981e-06 2.084748471686825866e-06 7.766935777864247825e-07 1.590214115942956141e-08 3.131464240135883870e-07
1.096695474223086109e-05 -2.195681691130602076e-06 -4.523163405156793715e-06 -4.906946626803687650e-08 2.322229580131729421e-06 -2.683020988158979492e-06 5.963070916992219139e-06 -1.068958704331102183e-06 -7.863402894381366082e-07 -3.934032711483403943e-06 4.422372919199446528e-06
7.383132771265898953e-07 -2.403975850717721130e-06 4.335169892177859197e-06 -3.657924066535755969e-06 -2.809243758505886035e-06 1.070476913533902064e-05 -4.060321352250539917e-06 -9.974285908320723593e-08 7.828347136473734480e-06 -3.262410421256412008e-06 4.002887464271687179e-06
4.196971721492914753e-06 -3.137046110546215516e-06 1.419502622224122490e-06 9.375672865574724568e-06 -5.993280802529810103e-06 3.310837144276934652e-06 -2.239394043535014589e-07 1.462930653950422766e-06 -5.459796491025237231e-06 3.283377143781240903e-06 1.006338815001672771e-05
4.178626025641563047e-06 -2.554635628482238019e-06 5.748256584725552898e-06 2.915365705680184050e-06 -4.014734446111667410e-06 5.585177673683716648e-06 6.918077796791433087e-06 -4.485341583482238548e-06 -1.553643131702031610e-06 -1.525548072089932816e-06 3.022822049336681971e-06
-1.686038036963211084e-07 3.780002953313044145e-06 -1.828514003432424317e-06 -2.105200708202303872e-07 2.854423918563497864e-06 1.786191235808587408e-06 -3.324358854861486634e-08 -1.035781569858063023e-05 -9.485221784677477785e-07 2.032206345592424412e-06 3.531570279380336075e-06
-3.735285441952562735e-06 4.218198091765490432e-06 6.554067539188412894e-06 3.192454238742925554e-07 5.042172454727822384e-06 8.629244065416763476e-06 -4.513288946905724686e-06 -1.103618878428580530e-05 6.162116352625979232e-06 -5.185600808754742275e-06 2.241528827495731235e-06
-9.805367304438483700e-06 2.647961189761183221e-06 -1.210422058361970699e-06 8.097913345994633971e-07 8.887319853934094738e-07 5.783709775664114261e-06 -3.313006494254366885e-06 -1.388014216674449131e-06 5.088945107478703989e-06 -3.894800933434972023e-06 6.766881572306537862e-07
3.148861155599647077e-06 4.007385677240460353e-06 -6.394547015453611039e-06 1.032956173169230496e-05 2.713068554482944705e-06 -1.350888126960825275e-05 -4.691740067341854115e-06 -8.814117634647899990e-07 2.887083952296531919e-06 1.184200968951110156e-07 -3.546220521788434610e-06
7.057242206953695529e-06 -8.866320482248113422e-07 -4.822705685136874365e-06 6.110142765414217081e-06 -7.756755002197301962e-06 2.131910936675751600e-07 1.172020260631345678e-05 -4.901335834528453006e-06 -3.001532220658909011e-06 5.971959765593837233e-08 -1.197006059161509484e-06
-1.384355621358857036e-06 6.978716200312096163e-06 -7.493702297134419155e-06 -5.420731072680595730e-06 8.022004404029114966e-06 -4.711332725060302096e-07 2.282487553517675849e-06 2.063724935719157827e-06 -7.256693012713810731e-06 -3.245953812291979546e-06 3.810666273418306105e-06
-6.965224671251490918e-06 1.748543396740132039e-07 4.272282406847516256e-06 -6.001404094679863022e-06 -2.450487850746974061e-06 1.424721092435632386e-06 7.097626634589015993e-06 9.235761125159225315e-06 -1.690696257439228134e-06 -2.745981487750626115e-07 3.629693714535253690e-06
-5.968872924366763755e-06 -5.853186747395433542e-06 -5.949506994951114791e-06 3.303813401411836992e-06 -4.286443990864086118e-07 1.468708570706578342e-06 6.207469591457126512e-06 -8.614228949044289152e-06 2.877788749744425445e-06 -3.150398091955608493e-06 -1.932593759468304029e-06
