# L = 6 / J = 1 / lamb = 0.5
# particle_position = 2
# final_time = 10 / layers = 100
0.000000000000000000e+00 0.000000000000000000e+00 0.000000000000000000e+00 0.000000000000000000e+00 1.000000000000000000e+00 1.000000000000000000e+00 1.000000000000000000e+00 0.000000000000000000e+00 0.000000000000000000e+00 0.000000000000000000e+00 0.000000000000000000e+00
2.497917360987118775e-03 2.497917360987118775e-03 4.983355539689591704e-03 2.497917360987115306e-03 9.950166444603102400e-01 9.975020826390127437e-01 9.950166444603103511e-01 2.497917360987117908e-03 4.983355539689589969e-03 2.497917360987117041e-03 2.497917360987117041e-03
9.554725731094837471e-03 9.554725731094837471e-03 1.932644850194750741e-02 9.964501653648144899e-03 9.806721418223590669e-01 9.904442481192757830e-01 9.806721418223590669e-01 9.964501653648155308e-03 1.932644850194750741e-02 9.554725731094820124e-03 9.554725731094820124e-03
1.994606335343626635e-02 1.994606335343626635e-02 4.132486869275716485e-02 2.230406250285146483e-02 9.586546621350761077e-01 9.800383042764737596e-01 9.586546621350761077e-01 2.230406250285148564e-02 4.132486869275714403e-02 1.994606335343622125e-02 1.994606335343622125e-02
3.190220677349746292e-02 3.190220677349746292e-02 6.850231637004340624e-02 3.931712556882095699e-02 9.313800894673762709e-01 9.680062895950600765e-01 9.313800894673762709e-01 3.931712556882099169e-02 6.850231637004335072e-02 3.190220677349735884e-02 3.190220677349735884e-02
4.345723075547672926e-02 4.345723075547672926e-02 9.807809209952039753e-02 6.066297044011157574e-02 9.014948983492162560e-01 9.562061972750323102e-01 9.014948983492162560e-01 6.066297044011163125e-02 9.807809209952028651e-02 4.345723075547663905e-02 4.345723075547663905e-02
5.283562607177144654e-02 5.283562607177144654e-02 1.274800140716030039e-01 8.584263315359551283e-02 8.713529361054338507e-01 9.462342286488863996e-01 8.713529361054338507e-01 8.584263315359558222e-02 1.274800140716028929e-01 5.283562607177129389e-02 5.283562607177129389e-02
5.879984866189637976e-02 5.879984866189637976e-02 1.547967429402097861e-01 1.142195372942221149e-01 8.425850779748539354e-01 9.390922657735543133e-01 8.425850779748538244e-01 1.142195372942222814e-01 1.547967429402097028e-01 5.879984866189618548e-02 5.879984866189618548e-02
6.089099792739923606e-02 6.089099792739923606e-02 1.790762237211865060e-01 1.450822748549689400e-01 8.158545067691205244e-01 9.349918733087971834e-01 8.158545067691203023e-01 1.450822748549691343e-01 1.790762237211864782e-01 6.089099792739909728e-02 6.089099792739909728e-02
5.951721105141831447e-02 5.951721105141831447e-02 2.004096463183509536e-01 1.777389234510562410e-01 7.908427511134608068e-01 9.333326195572844153e-01 7.908427511134604737e-01 1.777389234510564353e-01 2.004096463183509258e-01 5.951721105141821733e-02 5.951721105141821733e-02
5.587562808665544334e-02 5.587562808665544334e-02 2.197863491129791735e-01 2.116198191891287550e-01 7.664553994322007568e-01 9.328514883594514195e-01 7.664553994322005348e-01 2.116198191891289215e-01 2.197863491129791180e-01 5.587562808665542946e-02 5.587562808665542946e-02
5.172732528665600210e-02 5.172732528665600210e-02 2.387546733564240298e-01 2.463597872069933914e-01 7.411859447091023734e-01 9.319018415062486627e-01 7.411859447091021513e-01 2.463597872069936690e-01 2.387546733564240298e-01 5.172732528665609231e-02 5.172732528665609231e-02
4.907343019125066930e-02 4.907343019125066930e-02 2.589660595253907016e-01 2.818331598114307002e-01 7.135436139718228654e-01 9.287939188874625440e-01 7.135436139718226434e-01 2.818331598114310332e-01 2.589660595253907016e-01 4.907343019125084971e-02 4.907343019125084971e-02
4.979882449252724663e-02 4.979882449252724663e-02 2.817051501075322206e-01 3.181249831383125559e-01 6.824431815236606802e-01 9.221200115226975136e-01 6.824431815236603471e-01 3.181249831383127780e-01 2.817051501075321651e-01 4.979882449252752419e-02 4.979882449252752419e-02
5.535387088023382279e-02 5.535387088023382279e-02 3.075114017787314302e-01 3.554373870913756783e-01 6.474718758527882034e-01 9.109972912979150683e-01 6.474718758527879814e-01 3.554373870913760669e-01 3.075114017787313747e-01 5.535387088023418362e-02 5.535387088023418362e-02
6.653401414095919120e-02 6.653401414095919120e-02 3.359768334564444126e-01 3.939476890305657619e-01 6.089844755481936822e-01 8.951861329651391586e-01 6.089844755481934602e-01 3.939476890305660395e-01 3.359768334564441350e-01 6.653401414095959365e-02 6.653401414095959365e-02
8.339457938928980518e-02 8.339457938928980518e-02 3.657645190449336225e-01 4.336501540050317627e-01 5.680221143659902605e-01 8.750743287153852634e-01 5.680221143659899274e-01 4.336501540050319847e-01 3.657645190449332340e-01 8.339457938929026315e-02 8.339457938929026315e-02
1.053087816307085312e-01 1.053087816307085312e-01 3.948421821217812933e-01 4.742220550674704493e-01 5.260914038864652476e-01 8.515490859175741667e-01 5.260914038864651365e-01 4.742220550674705604e-01 3.948421821217807381e-01 1.053087816307090169e-01 1.053087816307090169e-01
1.311473390079548607e-01 1.311473390079548607e-01 4.208761621979715817e-01 5.149533421357713747e-01 4.848683217719803595e-01 8.258012341876602713e-01 4.848683217719800820e-01 5.149533421357713747e-01 4.208761621979709155e-01 1.311473390079553603e-01 1.311473390079553603e-01
1.595344789460270141e-01 1.595344789460270141e-01 4.416944413808622794e-01 5.547667208776472236e-01 4.459003747081736191e-01 7.991147260492326154e-01 4.459003747081733415e-01 5.547667208776473347e-01 4.416944413808615022e-01 1.595344789460275137e-01 1.595344789460275137e-01
1.891223508481957860e-01 1.891223508481957860e-01 4.557120228290098551e-01 5.923334493473153550e-01 4.103708175129177071e-01 7.726884889488401242e-01 4.103708175129175406e-01 5.923334493473154660e-01 4.557120228290089670e-01 1.891223508481963966e-01 1.891223508481963966e-01
2.188261751635852681e-01 2.188261751635852681e-01 4.622216356793025227e-01 6.262651000136926216e-01 3.789651769481885424e-01 7.475202732186961851e-01 3.789651769481882648e-01 6.262651000136929547e-01 4.622216356793014680e-01 2.188261751635859897e-01 2.188261751635859897e-01
2.479751538201390715e-01 2.479751538201390715e-01 4.614855133401729592e-01 6.553401344933809103e-01 3.518510192949548809e-01 7.243595966791056551e-01 3.518510192949545479e-01 6.553401344933811323e-01 4.614855133401719600e-01 2.479751538201398209e-01 2.479751538201398209e-01
2.763558003596505719e-01 2.763558003596505719e-01 4.546122075643517779e-01 6.787130365108751118e-01 3.287552146726286928e-01 7.037164618372563352e-01 3.287552146726281377e-01 6.787130365108753338e-01 4.546122075643507787e-01 2.763558003596515156e-01 2.763558003596515156e-01
3.041496169329019339e-01 3.041496169329019339e-01 4.432544091225650851e-01 6.960566096924735158e-01 3.091051666365624562e-01 6.859002210103488650e-01 3.091051666365620676e-01 6.960566096924737378e-01 4.432544091225640304e-01 3.041496169329031551e-01 3.041496169329031551e-01
3.317900622014826606e-01 3.317900622014826606e-01 4.292066664193426861e-01 7.076042173635255228e-01 2.921942317389975008e-01 6.710616956776216391e-01 2.921942317389971122e-01 7.076042173635257448e-01 4.292066664193415759e-01 3.317900622014839929e-01 3.317900622014839929e-01
3.597794308277405539e-01 3.597794308277405539e-01 4.140048771073965295e-01 7.140835087637464884e-01 2.773357059993289964e-01 6.592203794277502471e-01 2.773357059993286633e-01 7.140835087637465994e-01 4.140048771073953637e-01 3.597794308277419417e-01 3.597794308277419417e-01
3.885114723104234336e-01 3.885114723104234336e-01 3.986265533410217610e-01 7.165594470364780033e-01 2.639804865349355545e-01 6.502727882147339988e-01 2.639804865349352214e-01 7.165594470364782254e-01 3.986265533410205952e-01 3.885114723104249324e-01 3.885114723104249324e-01
4.181398042462758369e-01 4.181398042462758369e-01 3.833628325898555955e-01 7.162250964278680243e-01 2.517861503168832837e-01 6.439915953240514801e-01 2.517861503168830062e-01 7.162250964278680243e-01 3.833628325898543188e-01 4.181398042462775022e-01 4.181398042462775022e-01
4.485175403885058865e-01 4.485175403885058865e-01 3.678873096673113685e-01 7.141885637554641342e-01 2.406359605513968547e-01 6.400326110733904894e-01 2.406359605513965216e-01 7.141885637554641342e-01 3.678873096673101473e-01 4.485175403885073298e-01 4.485175403885073298e-01
4.792141724593044216e-01 4.792141724593044216e-01 3.514950310339832185e-01 7.113019202302235389e-01 2.306134361758747087e-01 6.379651919969817619e-01 2.306134361758745421e-01 7.113019202302234278e-01 3.514950310339818862e-01 4.792141724593060315e-01 4.792141724593060315e-01
5.095966324727452257e-01 5.095966324727452257e-01 3.334410183376355086e-01 7.080644714857070587e-01 2.219418953367766345e-01 6.373321990897674594e-01 2.219418953367764125e-01 7.080644714857070587e-01 3.334410183376342873e-01 5.095966324727467800e-01 5.095966324727467800e-01
5.389472590742794278e-01 5.389472590742794278e-01 3.132829994567212228e-01 7.046126784211667049e-01 2.149003756302943768e-01 6.377321559577734389e-01 2.149003756302942103e-01 7.046126784211667049e-01 3.132829994567201126e-01 5.389472590742809821e-01 5.389472590742809821e-01
5.665852301395131185e-01 5.665852301395131185e-01 2.911339652849780912e-01 7.007879824026507221e-01 2.097291528209952460e-01 6.389041223879546871e-01 2.097291528209949962e-01 7.007879824026506110e-01 2.911339652849770920e-01 5.665852301395146728e-01 5.665852301395146728e-01
5.919608270642304770e-01 5.919608270642304770e-01 2.677561905262998976e-01 6.962571765846174987e-01 2.065403155677086044e-01 6.407896251638394158e-01 2.065403155677082991e-01 6.962571765846173877e-01 2.677561905262990649e-01 5.919608270642318093e-01 5.919608270642318093e-01
6.147022621632670658e-01 6.147022621632670658e-01 2.444721801938175842e-01 6.906515875950814953e-01 2.052506533514922571e-01 6.435481632026431864e-01 2.052506533514918963e-01 6.906515875950812733e-01 2.444721801938168626e-01 6.147022621632685091e-01 6.147022621632685091e-01
6.346094878325267974e-01 6.346094878325267974e-01 2.229176253579112088e-01 6.836924031438390559e-01 2.055535819420452881e-01 6.475129442550828784e-01 2.055535819420448995e-01 6.836924031438386118e-01 2.229176253579107370e-01 6.346094878325285737e-01 6.346094878325285737e-01
6.516042682472840131e-01 6.516042682472840131e-01 2.047034314536968769e-01 6.752784334827981461e-01 2.069420620059101712e-01 6.530888753128829549e-01 2.069420620059096716e-01 6.752784334827981461e-01 2.047034314536966271e-01 6.516042682472854564e-01 6.516042682472854564e-01
6.656569064580513118e-01 6.656569064580513118e-01 1.910770255281837859e-01 6.655257489656493108e-01 2.087847586827846214e-01 6.606112772380596798e-01 2.087847586827839552e-01 6.655257489656491998e-01 1.910770255281838415e-01 6.656569064580527550e-01 6.656569064580527550e-01
6.767146940711574743e-01 6.767146940711574743e-01 1.826715547663498584e-01 6.547615504106226725e-01 2.104443637499294473e-01 6.701968594099392273e-01 2.104443637499287534e-01 6.547615504106227835e-01 1.826715547663501915e-01 6.767146940711590286e-01 6.767146940711590286e-01
6.846545786160116442e-01 6.846545786160116442e-01 1.794062119092222629e-01 6.434836383471242982e-01 2.114134245713298055e-01 6.816243709133735784e-01 2.114134245713289728e-01 6.434836383471242982e-01 1.794062119092228458e-01 6.846545786160130875e-01 6.846545786160130875e-01
6.892739082480834334e-01 6.892739082480834334e-01 1.805592076482886721e-01 6.323002037247588136e-01 2.114337220677024731e-01 6.942787882200168736e-01 2.114337220677016127e-01 6.323002037247591467e-01 1.805592076482894215e-01 6.892739082480847657e-01 6.892739082480847657e-01
6.903211641755968575e-01 6.903211641755968575e-01 1.849886111536072908e-01 6.218628628560844973e-01 2.105643546885025696e-01 7.071799359712537258e-01 2.105643546885016815e-01 6.218628628560848304e-01 1.849886111536083733e-01 6.903211641755984118e-01 6.903211641755984118e-01
6.875568180643020222e-01 6.875568180643020222e-01 1.914381120396299318e-01 6.128011086626837800e-01 2.091733017862212329e-01 7.190967430796698645e-01 2.091733017862203448e-01 6.128011086626843351e-01 1.914381120396310976e-01 6.875568180643032434e-01 6.875568180643032434e-01
6.808260983375450381e-01 6.808260983375450381e-01 1.988448404137007075e-01 6.056614761911854883e-01 2.078462168551145628e-01 7.287268817326779669e-01 2.078462168551135358e-01 6.056614761911861544e-01 1.988448404137019287e-01 6.808260983375462594e-01 6.808260983375462594e-01
6.701226408449025840e-01 6.701226408449025840e-01 2.065695038076323653e-01 6.008520179887925083e-01 2.072300038453986915e-01 7.349043421579535273e-01 2.072300038453977755e-01 6.008520179887932855e-01 2.065695038076337531e-01 6.701226408449036942e-01 6.701226408449036942e-01
6.556252169799154927e-01 6.556252169799154927e-01 2.144935504315277353e-01 5.985931148045054995e-01 2.078504528884102531e-01 7.367897289965061880e-01 2.078504528884093372e-01 5.985931148045066097e-01 2.144935504315292896e-01 6.556252169799168250e-01 6.556252169799168250e-01
6.376977629857791818e-01 6.376977629857791818e-01 2.229663306712640902e-01 5.988785969811210030e-01 2.099555844204642752e-01 7.340021706250706712e-01 2.099555844204634425e-01 5.988785969811221133e-01 2.229663306712658388e-01 6.376977629857804031e-01 6.376977629857804031e-01
6.168532885577610037e-01 6.168532885577610037e-01 2.326262747266731878e-01 6.014547604312548978e-01 2.134341484371992947e-01 7.266664317638986681e-01 2.134341484371984621e-01 6.014547604312561191e-01 2.326262747266749364e-01 6.168532885577624469e-01 6.168532885577624469e-01
5.936919061508058038e-01 5.936919061508058038e-01 2.441525914876599146e-01 6.058267599465227971e-01 2.178408078691037586e-01 7.153695114505365105e-01 2.178408078691031202e-01 6.058267599465242403e-01 2.441525914876617742e-01 5.936919061508072470e-01 5.936919061508072470e-01
5.688295176326332303e-01 5.688295176326332303e-01 2.580194354940871793e-01 6.113001167033627059e-01 2.225297586407810058e-01 7.010414709673814526e-01 2.225297586407807005e-01 6.113001167033643712e-01 2.580194354940891777e-01 5.688295176326346736e-01 5.688295176326346736e-01
5.428350156474426313e-01 5.428350156474426313e-01 2.743195012809871991e-01 6.170590446920934946e-01 2.268650893463662055e-01 6.847898969273619185e-01 2.268650893463661222e-01 6.170590446920952710e-01 2.743195012809891975e-01 5.428350156474440746e-01 5.428350156474440746e-01
5.161900722737660097e-01 5.161900722737660097e-01 2.927010259831857586e-01 6.222741049572860783e-01 2.304493543116436227e-01 6.677231909203785731e-01 2.304493543116438448e-01 6.222741049572879657e-01 2.927010259831877570e-01 5.161900722737673419e-01 5.161900722737673419e-01
4.892780192620332924e-01 4.892780192620332924e-01 3.124285136955060604e-01 6.262220517076672044e-01 2.333008317415596056e-01 6.507948973425360384e-01 2.333008317415602439e-01 6.262220517076692028e-01 3.124285136955082254e-01 4.892780192620348467e-01 4.892780192620348467e-01
4.623993200510159163e-01 4.623993200510159163e-01 3.325430085115699264e-01 6.283940844904758460e-01 2.359197082942476043e-01 6.346921813616506203e-01 2.359197082942485479e-01 6.283940844904777334e-01 3.325430085115719248e-01 4.623993200510174151e-01 4.623993200510174151e-01
4.358033691623047212e-01 4.358033691623047212e-01 3.520719656349008964e-01 6.285679453963815000e-01 2.392126100968652580e-01 6.197800342353548819e-01 2.392126100968665070e-01 6.285679453963834984e-01 3.520719656349027282e-01 4.358033691623063866e-01 4.358033691623063866e-01
4.097220669078748267e-01 4.097220669078748267e-01 3.702282428907973100e-01 6.268255091347481045e-01 2.442857323271777070e-01 6.061019816701304075e-01 2.442857323271794279e-01 6.268255091347499919e-01 3.702282428907990863e-01 4.097220669078764921e-01 4.097220669078764921e-01
3.843909878170897465e-01 3.843909878170897465e-01 3.865443870398063142e-01 6.235094742921089006e-01 2.521572389512956591e-01 5.934297420795834332e-01 2.521572389512976575e-01 6.235094742921112321e-01 3.865443870398080350e-01 3.843909878170914118e-01 3.843909878170914118e-01
3.600488079318245882e-01 3.600488079318245882e-01 4.009093312397766784e-01 6.191272474041120688e-01 2.634669279612485981e-01 5.813487332469130520e-01 2.634669279612508186e-01 6.191272474041141782e-01 4.009093312397781772e-01 3.600488079318263646e-01 3.600488079318263646e-01
3.369135113656168690e-01 3.369135113656168690e-01 4.135033033412797154e-01 6.142230098968373131e-01 2.782662091025672191e-01 5.693631012289556148e-01 2.782662091025697726e-01 6.142230098968397556e-01 4.135033033412812697e-01 3.369135113656185898e-01 3.369135113656185898e-01
3.151424332196109956e-01 3.151424332196109956e-01 4.246550262499801942e-01 6.092466767765466473e-01 2.959516991580616874e-01 5.570026166208529306e-01 2.959516991580645739e-01 6.092466767765489788e-01 4.246550262499815265e-01 3.151424332196127165e-01 3.151424332196127165e-01
2.947898779782850975e-01 2.947898779782850975e-01 4.346657305158251328e-01 6.044490093544846454e-01 3.153663923665453450e-01 5.439143665657446558e-01 3.153663923665485092e-01 6.044490093544870879e-01 4.346657305158265205e-01 2.947898779782868184e-01 2.947898779782868184e-01
2.757788300514060764e-01 2.757788300514060764e-01 4.436522318851894298e-01 5.998256015850934597e-01 3.350448574927185619e-01 5.299249779403542027e-01 3.350448574927220036e-01 5.998256015850959022e-01 4.436522318851908175e-01 2.757788300514077418e-01 2.757788300514077418e-01
2.579011410233391088e-01 2.579011410233391088e-01 4.514550728816661418e-01 5.951207267271357848e-01 3.535374493617448599e-01 5.150642399140069605e-01 3.535374493617485792e-01 5.951207267271382273e-01 4.514550728816675296e-01 2.579011410233406631e-01 2.579011410233406631e-01
2.408538572740005490e-01 2.408538572740005490e-01 4.576397836394285323e-01 5.898881936448178154e-01 3.697256407118670318e-01 4.995479013074424213e-01 3.697256407118705845e-01 5.898881936448202579e-01 4.576397836394299756e-01 2.408538572740020478e-01 2.408538572740020478e-01
2.243096271437330091e-01 2.243096271437330091e-01 4.615946694693902064e-01 5.835938562930120810e-01 3.830432579584336916e-01 4.837248541332947460e-01 3.830432579584374109e-01 5.835938562930146345e-01 4.615946694693917607e-01 2.243096271437343692e-01 2.243096271437343692e-01
2.080088636287544535e-01 2.080088636287544535e-01 4.627034258062848182e-01 5.757362054982340105e-01 3.935458987831204625e-01 4.680003378518662327e-01 3.935458987831240152e-01 5.757362054982365640e-01 4.627034258062865946e-01 2.080088636287556192e-01 2.080088636287556192e-01
1.918532715559483626e-01 1.918532715559483626e-01 4.605512540240536690e-01 5.659593104299901478e-01 4.018148817408424556e-01 4.527509418726973212e-01 4.018148817408458973e-01 5.659593104299928124e-01 4.605512540240556119e-01 1.918532715559493340e-01 1.918532715559493340e-01
1.759767970235930901e-01 1.759767970235930901e-01 4.551133245558886542e-01 5.541363475205360878e-01 4.087295065534240490e-01 4.382484285877809027e-01 4.087295065534272132e-01 5.541363475205384193e-01 4.551133245558905416e-01 1.759767970235938950e-01 1.759767970235938950e-01
1.607723311418506051e-01 1.607723311418506051e-01 4.468763202083746444e-01 5.404104075069531277e-01 4.151780065219067284e-01 4.246077635968126818e-01 4.151780065219095595e-01 5.404104075069556812e-01 4.468763202083766983e-01 1.607723311418512990e-01 1.607723311418512990e-01
1.468605357655605459e-01 1.468605357655605459e-01 4.368567367749928154e-01 5.251893678258803266e-01 4.217925316974554528e-01 4.117705878689832955e-01 4.217925316974578398e-01 5.251893678258826581e-01 4.368567367749949804e-01 1.468605357655610177e-01 1.468605357655610177e-01
1.349994730943628596e-01 1.349994730943628596e-01 4.265007859301448989e-01 5.091003692074382858e-01 4.287826722397978796e-01 3.995291551502128113e-01 4.287826722398001000e-01 5.091003692074402842e-01 4.265007859301470639e-01 1.349994730943632482e-01 1.349994730943632482e-01
1.259476974627984913e-01 1.259476974627984913e-01 4.174758640402490562e-01 4.929148430796947422e-01 4.359092339246689041e-01 3.875880671989627713e-01 4.359092339246707914e-01 4.929148430796969627e-01 4.174758640402514431e-01 1.259476974627988244e-01 1.259476974627988244e-01
1.203059124796603541e-01 1.203059124796603541e-01 4.113877548463413247e-01 4.774567718106499936e-01 4.425957883238737511e-01 3.756529523982133356e-01 4.425957883238753610e-01 4.774567718106521585e-01 4.113877548463439338e-01 1.203059124796606177e-01 1.203059124796606177e-01
1.183701459388969979e-01 1.183701459388969979e-01 4.094763413870899926e-01 4.635061090965454933e-01 4.481339114259007550e-01 3.635281495878115998e-01 4.481339114259021983e-01 4.635061090965476582e-01 4.094763413870927127e-01 1.183701459388972477e-01 1.183701459388972477e-01
1.200304237032392557e-01 1.200304237032392557e-01 4.123517573370892308e-01 4.517078143723290973e-01 4.519118836046240317e-01 3.512014938731273239e-01 4.519118836046251975e-01 4.517078143723313177e-01 4.123517573370920619e-01 1.200304237032394500e-01 1.200304237032394500e-01
1.247423047935123791e-01 1.247423047935123791e-01 4.198301339614782801e-01 4.424959833196476788e-01 4.535936145233854244e-01 3.388951863345694981e-01 4.535936145233864236e-01 4.424959833196497883e-01 4.198301339614812777e-01 1.247423047935126150e-01 1.247423047935126150e-01
1.315852255873600773e-01 1.315852255873600773e-01 4.309128065402432761e-01 4.360420840178822477e-01 4.531947224559250698e-01 3.270680230008194966e-01 4.531947224559257359e-01 4.360420840178841351e-01 4.309128065402460517e-01 1.315852255873602161e-01 1.315852255873602161e-01
1.394038523411855190e-01 1.394038523411855190e-01 4.439267456093267117e-01 4.322352947723864802e-01 4.510386285461277511e-01 3.163647961062537872e-01 4.510386285461280842e-01 4.322352947723881456e-01 4.439267456093295983e-01 1.394038523411856856e-01 1.394038523411856856e-01
1.470101941533860923e-01 1.470101941533860923e-01 4.568112375076949783e-01 4.307001792313873700e-01 4.476150093589959522e-01 3.075207731951251078e-01 4.476150093589962298e-01 4.307001792313889799e-01 4.568112375076979204e-01 1.470101941533861756e-01 1.470101941533861756e-01
1.534091634025490924e-01 1.534091634025490924e-01 4.675027211835990903e-01 4.308520092623269737e-01 4.433931451092179010e-01 3.012395192645455078e-01 4.433931451092178455e-01 4.308520092623283615e-01 4.675027211836018104e-01 1.534091634025491757e-01 1.534091634025491757e-01
1.580022222669676957e-01 1.580022222669676957e-01 4.743435603901943187e-01 4.319837379159215951e-01 4.386543661249401871e-01 2.980682751782680051e-01 4.386543661249396875e-01 4.319837379159225388e-01 4.743435603901966502e-01 1.580022222669677512e-01 1.580022222669677512e-01
1.607250490547365018e-01 1.607250490547365018e-01 4.764282749522088523e-01 4.333725609969566461e-01 4.333981437186136265e-01 2.982954530466507825e-01 4.333981437186130159e-01 4.333725609969574233e-01 4.764282749522109062e-01 1.607250490547366406e-01 1.607250490547366406e-01
1.620861841469244391e-01 1.620861841469244391e-01 4.738069387359337137e-01 4.343898404764745536e-01 4.273496346874230967e-01 3.018900195748825954e-01 4.273496346874223750e-01 4.343898404764749421e-01 4.738069387359353790e-01 1.620861841469244669e-01 1.620861841469244669e-01
1.630925872872863724e-01 1.630925872872863724e-01 4.674907698875039874e-01 4.345968659166233317e-01 4.200622112079197001e-01 3.084942166923798079e-01 4.200622112079187009e-01 4.345968659166233317e-01 4.674907698875053752e-01 1.630925872872864835e-01 1.630925872872864835e-01
1.650712526904790090e-01 1.650712526904790090e-01 4.592454625071134000e-01 4.338105999149503011e-01 4.110781795400352823e-01 3.174711813225823964e-01 4.110781795400343941e-01 4.338105999149499681e-01 4.592454625071143437e-01 1.650712526904791200e-01 1.650712526904791200e-01
1.694185853048638946e-01 1.694185853048638946e-01 4.512053882856981168e-01 4.321277378902096400e-01 4.000941539315356898e-01 3.279993135763968337e-01 4.000941539315349127e-01 4.321277378902092514e-01 4.512053882856990050e-01 1.694185853048640611e-01 1.694185853048640611e-01
1.773260916158302392e-01 1.773260916158302392e-01 4.453856437698301973e-01 4.299015451589732750e-01 3.870791763578260714e-01 3.391970515953801057e-01 3.870791763578254607e-01 4.299015451589727754e-01 4.453856437698310300e-01 1.773260916158305722e-01 1.773260916158305722e-01
1.895380364600058321e-01 1.895380364600058321e-01 4.431980673655616099e-01 4.276734745943059357e-01 3.723122081774427050e-01 3.502561285792629708e-01 3.723122081774422609e-01 4.276734745943051585e-01 4.431980673655622760e-01 1.895380364600062206e-01 1.895380364600062206e-01
2.061920106231374672e-01 2.061920106231374672e-01 4.450834242229628757e-01 4.260697471814973158e-01 3.563340825315058358e-01 3.605593671628699037e-01 3.563340825315052807e-01 4.260697471814962056e-01 4.450834242229634308e-01 2.061920106231379946e-01 2.061920106231379946e-01
2.267773633102356801e-01 2.267773633102356801e-01 4.503515607665845022e-01 4.256805535315784650e-01 3.398373355412342978e-01 3.697613069014275000e-01 3.398373355412340757e-01 4.256805535315771882e-01 4.503515607665847797e-01 2.267773633102363462e-01 2.267773633102363462e-01
2.502222856642711823e-01 2.502222856642711823e-01 4.572774007428750398e-01 4.269444081898748355e-01 3.235358220325013079e-01 3.778165425505925490e-01 3.235358220325011969e-01 4.269444081898734478e-01 4.572774007428753174e-01 2.502222856642720150e-01 2.502222856642720150e-01
2.750930863036184504e-01 2.750930863036184504e-01 4.634423135596399401e-01 4.300605983874319360e-01 3.080586059723119385e-01 3.849506769311289989e-01 3.080586059723117720e-01 4.300605983874302707e-01 4.634423135596401067e-01 2.750930863036195606e-01 2.750930863036195606e-01
2.998648784078504770e-01 2.998648784078504770e-01 4.662511564886815396e-01 4.349477238441897819e-01 2.938989449398670684e-01 3.915803295437304543e-01 2.938989449398670684e-01 4.349477238441880056e-01 4.662511564886814841e-01 2.998648784078516427e-01 2.998648784078516427e-01
3.232070435645725270e-01 3.232070435645725270e-01 4.635099590821724069e-01 4.412568127893340963e-01 2.814247274292930312e-01 3.981991071484765055e-01 2.814247274292930312e-01 4.412568127893321535e-01 4.635099590821722959e-01 3.232070435645738038e-01 3.232070435645738038e-01
3.442232225555865721e-01 3.442232225555865721e-01 4.539300315398634433e-01 4.484358562556430283e-01 2.709308245159206541e-01 4.052533223305216370e-01 2.709308245159208206e-01 4.484358562556409744e-01 4.539300315398631103e-01 3.442232225555877378e-01 3.442232225555877378e-01
3.625952611008282367e-01 3.625952611008282367e-01 4.374374964831082568e-01 4.558320426826119043e-01 2.626963840360415636e-01 4.130328659618693332e-01 2.626963840360416191e-01 4.558320426826095728e-01 4.374374964831074797e-01 3.625952611008294024e-01 3.625952611008294024e-01
3.786015125959154570e-01 3.786015125959154570e-01 4.152110284906351256e-01 4.628112158173234847e-01 2.570079820669966542e-01 4.215986676019806700e-01 2.570079820669968762e-01 4.628112158173211532e-01 4.152110284906342930e-01 3.786015125959165672e-01 3.786015125959165672e-01
3.930075162087717788e-01 3.930075162087717788e-01 3.894349951316473102e-01 4.688723358220026616e-01 2.541240029462571437e-01 4.307596911329930611e-01 2.541240029462573657e-01 4.688723358220001636e-01 3.894349951316462000e-01 3.930075162087728335e-01 3.930075162087728335e-01
4.068550654741954764e-01 4.068550654741954764e-01 3.628244306102750283e-01 4.737374857237807713e-01 2.541816972893627402e-01 4.401015411590141757e-01 2.541816972893629623e-01 4.737374857237783843e-01 3.628244306102739181e-01 4.068550654741964201e-01 4.068550654741964201e-01
4.211976559450102964e-01 4.211976559450102964e-01 3.380346984774587060e-01 4.774035911057108450e-01 2.570765450905650451e-01 4.490580705451459598e-01 2.570765450905653227e-01 4.774035911057084025e-01 3.380346984774577623e-01 4.211976559450112401e-01 4.211976559450112401e-01
