# L = 8 / J = 1 / lamb = 0.5
# particle_position = 3
# final_time = 10 / layers = 100
0.000000000000000000e+00 0.000000000000000000e+00 0.000000000000000000e+00 0.000000000000000000e+00 0.000000000000000000e+00 0.000000000000000000e+00 1.000000000000000000e+00 1.000000000000000000e+00 1.000000000000000000e+00 0.000000000000000000e+00 0.000000000000000000e+00 0.000000000000000000e+00 0.000000000000000000e+00 0.000000000000000000e+00 0.000000000000000000e+00
2.497917360987118342e-03 2.497917360987118342e-03 4.983355539689589969e-03 2.497917360987119209e-03 4.983355539689587367e-03 2.497917360987120076e-03 9.950166444603123495e-01 9.975020826390148532e-01 9.950166444603123495e-01 2.497917360987125281e-03 4.983355539689588234e-03 2.497917360987120944e-03 4.983355539689584765e-03 2.497917360987122245e-03 2.497917360987122245e-03
9.554725731094861757e-03 9.554725731094861757e-03 1.891808322034096643e-02 9.555751880722898606e-03 1.932747368437209845e-02 9.964501653648212554e-03 9.806721418223623976e-01 9.904442481192793357e-01 9.806721418223623976e-01 9.964501653648205615e-03 1.932747368437210192e-02 9.555751880722921157e-03 1.891808322034100112e-02 9.554725731094877370e-03 9.554725731094877370e-03
1.994587800037125186e-02 1.994587800037125186e-02 3.898744886573671936e-02 1.996154452218027592e-02 4.134031877586091114e-02 2.230406208935948112e-02 9.586546625552225809e-01 9.800383042764804209e-01 9.586546625552224699e-01 2.230406208935942214e-02 4.134031877586090420e-02 1.996154452218034531e-02 3.898744886573676099e-02 1.994587800037126574e-02 1.994587800037126574e-02
3.189955189570561206e-02 3.189955189570561206e-02 6.120630228711015225e-02 3.199156337995638644e-02 6.859135138887090255e-02 3.931711184207659776e-02 9.313801035829186725e-01 9.680062895953364110e-01 9.313801035829188946e-01 3.931711184207641735e-02 6.859135138887081928e-02 3.199156337995649052e-02 6.120630228711025633e-02 3.189955189570563981e-02 3.189955189570563981e-02
4.343971605652407336e-02 4.343971605652407336e-02 8.130693506962594075e-02 4.377980392761238876e-02 9.839879541787269202e-02 6.066281676311030546e-02 9.014950585864425214e-01 9.562061972899452700e-01 9.014950585864426325e-01 6.066281676310990995e-02 9.839879541787248385e-02 4.377980392761261080e-02 8.130693506962607953e-02 4.343971605652410112e-02 4.343971605652410112e-02
5.275960331897642380e-02 5.275960331897642380e-02 9.566881945500868567e-02 5.370591132761107916e-02 1.283427071515944318e-01 8.584164568528021566e-02 8.713539804152908852e-01 9.462342289151081109e-01 8.713539804152914403e-01 8.584164568527948014e-02 1.283427071515939877e-01 5.370591132761139141e-02 9.566881945500903262e-02 5.275960331897646544e-02 5.275960331897646544e-02
5.854863881307003498e-02 5.854863881307003498e-02 1.020769812906799773e-01 6.071353358938133549e-02 1.566864207282974986e-01 1.142150765957867103e-01 8.425898573507557554e-01 9.390922684006042243e-01 8.425898573507568656e-01 1.142150765957854475e-01 1.566864207282966104e-01 6.071353358938173794e-02 1.020769812906803797e-01 5.854863881307016682e-02 5.854863881307016682e-02
6.020835593641832295e-02 6.020835593641832295e-02 1.001401743989759063e-01 6.449191071470264380e-02 1.826142130414574460e-01 1.450665556861024663e-01 8.158715284092857845e-01 9.349918908996254219e-01 8.158715284092871167e-01 1.450665556861007177e-01 1.826142130414561138e-01 6.449191071470306014e-02 1.001401743989762949e-01 6.020835593641846173e-02 6.020835593641846173e-02
5.791909002095836645e-02 5.791909002095836645e-02 9.128638225808925755e-02 6.548990198917445382e-02 2.062402840739322729e-01 1.776929657480393887e-01 7.908928696203080255e-01 9.333327084581484190e-01 7.908928696203096909e-01 1.776929657480368352e-01 2.062402840739301912e-01 6.548990198917484240e-02 9.128638225808954898e-02 5.791909002095845665e-02 5.791909002095845665e-02
5.255279101457212970e-02 5.255279101457212970e-02 7.835683002984049350e-02 6.477330976881953695e-02 2.284009701157825589e-01 2.115038286549050239e-01 7.665822390014378485e-01 9.328518498490960820e-01 7.665822390014402909e-01 2.115038286549017488e-01 2.284009701157797001e-01 6.477330976881989777e-02 7.835683002984072942e-02 5.255279101457237256e-02 5.255279101457237256e-02
4.546018045637940930e-02 4.546018045637940930e-02 6.491416958052277641e-02 6.377208439917764204e-02 2.502938310742987560e-01 2.461001825187113801e-01 7.414692713011856728e-01 9.319030747582478513e-01 7.414692713011880043e-01 2.461001825187071890e-01 2.502938310742950923e-01 6.377208439917785021e-02 6.491416958052287356e-02 4.546018045637966604e-02 4.546018045637966604e-02
3.818522040221541958e-02 3.818522040221541958e-02 5.444247708033167488e-02 6.398497837398255117e-02 2.730609129950894443e-01 2.813081003234051414e-01 7.141128253053252717e-01 9.287975528183375351e-01 7.141128253053286024e-01 2.813081003234000343e-01 2.730609129950849479e-01 6.398497837398273158e-02 5.444247708033161243e-02 3.818522040221575958e-02 3.818522040221575958e-02
3.217126302485544959e-02 3.217126302485544959e-02 4.963197503969301455e-02 6.671134081831532614e-02 2.974212469922358770e-01 3.171523890629083797e-01 6.834859414336984518e-01 9.221294545466948156e-01 6.834859414337018935e-01 3.171523890629021070e-01 2.974212469922302149e-01 6.671134081831535390e-02 4.963197503969279251e-02 3.217126302485588674e-02 3.217126302485588674e-02
2.851953767173252483e-02 2.851953767173252483e-02 5.190826557055450846e-02 7.286434370325700627e-02 3.234387274827211778e-01 3.537714769250136504e-01 6.492316267296059928e-01 9.110192626900038837e-01 6.492316267296099896e-01 3.537714769250063229e-01 3.234387274827145720e-01 7.286434370325692300e-02 5.190826557055411294e-02 2.851953767173297238e-02 2.851953767173297238e-02
2.784371777860203054e-02 2.784371777860203054e-02 6.129512959309536130e-02 8.289291710481544451e-02 3.504721174038547549e-01 3.912909427922480754e-01 6.117410885840760537e-01 8.952324168134774274e-01 6.117410885840802726e-01 3.912909427922396377e-01 3.504721174038472054e-01 8.289291710481522246e-02 6.129512959309487558e-02 2.784371777860249544e-02 2.784371777860249544e-02
3.023911439483529390e-02 3.023911439483529390e-02 7.661156731780631446e-02 9.680943544416389934e-02 3.773052735172049421e-01 4.296861393768250936e-01 5.720528749181649220e-01 8.751632945029443889e-01 5.720528749181685857e-01 4.296861393768154902e-01 3.773052735171965599e-01 9.680943544416369118e-02 7.661156731780574547e-02 3.023911439483573799e-02 3.023911439483573799e-02
3.535811274025233569e-02 3.535811274025233569e-02 9.592125917687448211e-02 1.142950737516199439e-01 4.024108038596549419e-01 4.686699782680983084e-01 5.316147421307375609e-01 8.517059058129983207e-01 5.316147421307413357e-01 4.686699782680875392e-01 4.024108038596456161e-01 1.142950737516197079e-01 9.592125917687378822e-02 3.535811274025276590e-02 3.535811274025276590e-02
4.256126260617963675e-02 4.256126260617963675e-02 1.170968030947768801e-01 1.348407637517558266e-01 4.242706047574039685e-01 5.076379389043094159e-01 4.919791712451880850e-01 8.260552798535616414e-01 4.919791712451910271e-01 5.076379389042974255e-01 4.242706047573939210e-01 1.348407637517554658e-01 1.170968030947760197e-01 4.256126260618000451e-02 4.256126260618000451e-02
5.110073767479507423e-02 5.110073767479507423e-02 1.383446557994358894e-01 1.578811234206406178e-01 4.416688483073433757e-01 5.456891553813451035e-01 4.545120032434166180e-01 7.994925571026160194e-01 4.545120032434186164e-01 5.456891553813316698e-01 4.416688483073326066e-01 1.578811234206402292e-01 1.383446557994348625e-01 5.110073767479536566e-02 5.110073767479536566e-02
6.029174058234482159e-02 6.029174058234482159e-02 1.585613616640089429e-01 1.828899016626703289e-01 4.538876470415764142e-01 5.817233320300468913e-01 4.201812960141506070e-01 7.732015065264570275e-01 4.201812960141516062e-01 5.817233320300331245e-01 4.538876470415647568e-01 1.828899016626698570e-01 1.585613616640076662e-01 6.029174058234505057e-02 6.029174058234505057e-02
6.963686334094958130e-02 6.963686334094958130e-02 1.774481453794048424e-01 2.094234935078123083e-01 4.607674353297597225e-01 6.145935893378833281e-01 3.894654314147623086e-01 7.481477297358513079e-01 3.894654314147618646e-01 6.145935893378686732e-01 4.607674353297480097e-01 2.094234935078116422e-01 1.774481453794034824e-01 6.963686334094973396e-02 6.963686334094973396e-02
7.888489646475273231e-02 7.888489646475273231e-02 1.953821155178648850e-01 2.371175980568537844e-01 4.626333811388782524e-01 6.432808315924505305e-01 3.623846478155155482e-01 7.250300887112148818e-01 3.623846478155133832e-01 6.432808315924353204e-01 4.626333811388660955e-01 2.371175980568529240e-01 1.953821155178633862e-01 7.888489646475292660e-02 7.888489646475292660e-02
8.802417793236665122e-02 8.802417793236665122e-02 2.131081290788990334e-01 2.656553746513790060e-01 4.601246786181374393e-01 6.670499787193437946e-01 3.386284153915869455e-01 7.042936154416535866e-01 3.386284153915832262e-01 6.670499787193281405e-01 4.601246786181251158e-01 2.656553746513778402e-01 2.131081290788973404e-01 8.802417793236695653e-02 8.802417793236695653e-02
9.722633101548133761e-02 9.722633101548133761e-02 2.313584499480510759e-01 2.947301526118322190e-01 4.539858314375701531e-01 6.855536546327907210e-01 3.177304439459652796e-01 6.861798481114853576e-01 3.177304439459600061e-01 6.855536546327749559e-01 4.539858314375580517e-01 2.947301526118308868e-01 2.313584499480493828e-01 9.722633101548171231e-02 9.722633101548171231e-02
1.067654801226144839e-01 1.067654801226144839e-01 2.505176125298065326e-01 3.240217836208690860e-01 4.448827496679116922e-01 6.988627691034348111e-01 2.992378029205866041e-01 6.707869751131174674e-01 2.992378029205799983e-01 6.988627691034186018e-01 4.448827496678994797e-01 3.240217836208671431e-01 2.505176125298049228e-01 1.067654801226149142e-01 1.067654801226149142e-01
1.169392036365555498e-01 1.169392036365555498e-01 2.704269034533496319e-01 3.531959474086617257e-01 4.332919648282331782e-01 7.074216302817629698e-01 2.828302371230672629e-01 6.581178213549568889e-01 2.828302371230593804e-01 7.074216302817463164e-01 4.332919648282211322e-01 3.531959474086595052e-01 2.704269034533483551e-01 1.169392036365559245e-01 1.169392036365559245e-01
1.280113648905908674e-01 1.280113648905908674e-01 2.903753035128489590e-01 3.819245488454415249e-01 4.194840670592586140e-01 7.119426669202323366e-01 2.683658904869818951e-01 6.481052284160404575e-01 2.683658904869730133e-01 7.119426669202156832e-01 4.194840670592469567e-01 3.819245488454387494e-01 2.903753035128479598e-01 1.280113648905910617e-01 1.280113648905910617e-01
1.401862358499660066e-01 1.401862358499660066e-01 3.092665178823696404e-01 4.099169506416791009e-01 4.035914943522584397e-01 7.132680883015162232e-01 2.558535673642176600e-01 6.406169612072953878e-01 2.558535673642075570e-01 7.132680883014999029e-01 4.035914943522470599e-01 4.099169506416757702e-01 3.092665178823686967e-01 1.401862358499661454e-01 1.401862358499661454e-01
1.536116491467496570e-01 1.536116491467496570e-01 3.259015121171782714e-01 4.369486203150356740e-01 3.857255422908030251e-01 7.122302746759816561e-01 2.453723873083120677e-01 6.354514030082528686e-01 2.453723873083012152e-01 7.122302746759653358e-01 3.857255422907917564e-01 4.369486203150318437e-01 3.259015121171772167e-01 1.536116491467493239e-01 1.536116491467493239e-01
1.683998063831877445e-01 1.683998063831877445e-01 3.392864112295183032e-01 4.628759729962517167e-01 3.660951452823442143e-01 7.095391251294757007e-01 2.369719388022124840e-01 6.323382226660025918e-01 2.369719388022005491e-01 7.095391251294593804e-01 3.660951452823332231e-01 4.628759729962471092e-01 3.392864112295170820e-01 1.683998063831866898e-01 1.683998063831866898e-01
1.846502435467571868e-01 1.846502435467571868e-01 3.488737452066003608e-01 4.876319970319955011e-01 3.450835433627860716e-01 7.057148787864038209e-01 2.305874636543434886e-01 6.309546541721545720e-01 2.305874636543309431e-01 7.057148787863876116e-01 3.450835433627748583e-01 4.876319970319898389e-01 3.488737452065985289e-01 1.846502435467550496e-01 1.846502435467550496e-01
2.024610141558934595e-01 2.024610141558934595e-01 3.546696891885280922e-01 5.112040252818268460e-01 3.232563483896102041e-01 7.010723027442569144e-01 2.259960932437561076e-01 6.309600711632190606e-01 2.259960932437428127e-01 7.010723027442405941e-01 3.232563483895986023e-01 5.112040252818205177e-01 3.546696891885260938e-01 2.024610141558903231e-01 2.024610141558903231e-01
2.219203393308124272e-01 2.219203393308124272e-01 3.571825985642660406e-01 5.336003791027411625e-01 3.012995510624790763e-01 6.957501194419789536e-01 2.228252037565502108e-01 6.320425744755198139e-01 2.228252037565365551e-01 6.957501194419623003e-01 3.012995510624675854e-01 5.336003791027341681e-01 3.571825985642638757e-01 2.219203393308079586e-01 2.219203393308079586e-01
2.430794171380738222e-01 2.430794171380738222e-01 3.572356125935521320e-01 5.548151651816649599e-01 2.799103241814059895e-01 6.897709195246802816e-01 2.206074070293005118e-01 6.339647906615798467e-01 2.206074070292864120e-01 6.897709195246636282e-01 2.799103241813942211e-01 5.548151651816569663e-01 3.572356125935495230e-01 2.430794171380682156e-01 2.430794171380682156e-01
2.659148878937619975e-01 2.659148878937619975e-01 3.557045473279710768e-01 5.748000209452364118e-01 2.596792291083216409e-01 6.831130143463929327e-01 2.188632920253978653e-01 6.365943102211382154e-01 2.188632920253838210e-01 6.831130143463769455e-01 2.596792291083098725e-01 5.748000209452279741e-01 3.557045473279685233e-01 2.659148878937550586e-01 2.659148878937550586e-01
2.902941024213276933e-01 2.902941024213276933e-01 3.532611294232675947e-01 5.934487882763465061e-01 2.410046984679564686e-01 6.757766943003037374e-01 2.171861810065813803e-01 6.399076616809687978e-01 2.171861810065675580e-01 6.757766943002875282e-01 2.410046984679447835e-01 5.934487882763376243e-01 3.532611294232653187e-01 2.902941024213199217e-01 2.902941024213199217e-01
3.159564339290308332e-01 3.159564339290308332e-01 3.501963555750626234e-01 6.105971546148762918e-01 2.240689581358121518e-01 6.678319981673304095e-01 2.153041827377491502e-01 6.439640899330325574e-01 2.153041827377359663e-01 6.678319981673145334e-01 2.240689581358006333e-01 6.105971546148662998e-01 3.501963555750605694e-01 3.159564339290222845e-01 3.159564339290222845e-01
3.425194889299358891e-01 3.425194889299358891e-01 3.463720319749635790e-01 6.260355141100196752e-01 2.088829218465729776e-01 6.594415982029332435e-01 2.131028229332207480e-01 6.488541468481743291e-01 2.131028229332084523e-01 6.594415982029183665e-01 2.088829218465616533e-01 6.260355141100094611e-01 3.463720319749621912e-01 3.425194889299268408e-01 3.425194889299268408e-01
3.695116785164873074e-01 3.695116785164873074e-01 3.413090464813229863e-01 6.395306832565480493e-01 1.953833213293426074e-01 6.508589622953446785e-01 2.106038443157209339e-01 6.546354121967949968e-01 2.106038443157096929e-01 6.508589622953299125e-01 1.953833213293315607e-01 6.395306832565376132e-01 3.413090464813223202e-01 3.695116785164779261e-01 3.695116785164779261e-01
3.964245729019611475e-01 3.964245729019611475e-01 3.343806527276291241e-01 6.508511800569022343e-01 1.835465695581395273e-01 6.424071255588950091e-01 2.079087713573600782e-01 6.612714108987000072e-01 2.079087713573502250e-01 6.424071255588809093e-01 1.835465695581286194e-01 6.508511800568912431e-01 3.343806527276292906e-01 3.964245729019513775e-01 3.964245729019513775e-01
4.227722939099469723e-01 4.227722939099469723e-01 3.250497113472196054e-01 6.597914841785451623e-01 1.734769651591134554e-01 6.344463167490449473e-01 2.051259197499658293e-01 6.685891016875219472e-01 2.051259197499574194e-01 6.344463167490317357e-01 1.734769651591025474e-01 6.597914841785337270e-01 3.250497113472197164e-01 4.227722939099370358e-01 4.227722939099370358e-01
4.481428030851758448e-01 4.481428030851758448e-01 3.130784882848451356e-01 6.661924626562277796e-01 1.654343478587908811e-01 6.273390964980801732e-01 2.023040072488031804e-01 6.762656673759023240e-01 2.023040072487962138e-01 6.273390964980674056e-01 1.654343478587802230e-01 6.661924626562161222e-01 3.130784882848456907e-01 4.481428030851654087e-01 4.481428030851654087e-01
4.722280481890508419e-01 4.722280481890508419e-01 2.986504603032179572e-01 6.699571167535500749e-01 1.597860230091080469e-01 6.214199126898781733e-01 1.993932576477887575e-01 6.838482530032952145e-01 1.993932576477832896e-01 6.214199126898668490e-01 1.597860230090974443e-01 6.699571167535384175e-01 2.986504603032182348e-01 4.722280481890395731e-01 4.722280481890395731e-01
4.948259051223391491e-01 4.948259051223391491e-01 2.823715861285353013e-01 6.710621864349288757e-01 1.568934647831580764e-01 6.169728504256865032e-01 1.962465596354580899e-01 6.908027463337121921e-01 1.962465596354537878e-01 6.169728504256754009e-01 1.568934647831477791e-01 6.710621864349169963e-01 2.823715861285349127e-01 4.948259051223275473e-01 4.948259051223275473e-01
5.158149138608448814e-01 5.158149138608448814e-01 2.651548132631625365e-01 6.695665134022161791e-01 1.569676825951250299e-01 6.142178805737370517e-01 1.926611504806967634e-01 6.965815229229425087e-01 1.926611504806935160e-01 6.142178805737270597e-01 1.569676825951150656e-01 6.695665134022039666e-01 2.651548132631608157e-01 5.158149138608321138e-01 5.158149138608321138e-01
5.351105726924920702e-01 5.351105726924920702e-01 2.480252976379869745e-01 6.656164895458684949e-01 1.599404525956011902e-01 6.133031164081979014e-01 1.884487934374062534e-01 7.006965907599962406e-01 1.884487934374038942e-01 6.133031164081885755e-01 1.599404525955917256e-01 6.656164895458558384e-01 2.480252976379838104e-01 5.351105726924785255e-01 5.351105726924785255e-01
5.526171519525644449e-01 5.526171519525644449e-01 2.319052043750514658e-01 6.594478908719447752e-01 1.653971733104765418e-01 6.142992479929818561e-01 1.835130569017602575e-01 7.027843250288280386e-01 1.835130569017586755e-01 6.142992479929731964e-01 1.653971733104677710e-01 6.594478908719320076e-01 2.319052043750468861e-01 5.526171519525501230e-01 5.526171519525501230e-01
5.681901171151465535e-01 5.681901171151465535e-01 2.174402909887872826e-01 6.513825448999437384e-01 1.726007825646691252e-01 6.171927821286691263e-01 1.779088902166817976e-01 7.026507649098679975e-01 1.779088902166806596e-01 6.171927821286604665e-01 1.726007825646611316e-01 6.513825448999308598e-01 2.174402909887812596e-01 5.681901171151306773e-01 5.681901171151306773e-01
5.816210098845192578e-01 5.816210098845192578e-01 2.049154929658836000e-01 6.418180779581967865e-01 1.806095597391228214e-01 6.218767936566220733e-01 1.718634921468953636e-01 7.002913629566004383e-01 1.718634921468946697e-01 6.218767936566140797e-01 1.806095597391156604e-01 6.418180779581837969e-01 2.049154929658761615e-01 5.816210098845027154e-01 5.816210098845027154e-01
5.926499898299825153e-01 5.926499898299825153e-01 1.942785338130822437e-01 6.312095856781761993e-01 1.884626842599790852e-01 6.281409117703481426e-01 1.657477697149084273e-01 6.958847878713672053e-01 1.657477697149078444e-01 6.281409117703403711e-01 1.884626842599728958e-01 6.312095856781629877e-01 1.942785338130735839e-01 5.926499898299647517e-01 5.926499898299647517e-01
6.010031219444930128e-01 6.010031219444930128e-01 1.852579394326815121e-01 6.200432895643944731e-01 1.953850365100079645e-01 6.356651773504030656e-01 1.600018678493003721e-01 6.897654054902653264e-01 1.600018678492998447e-01 6.356651773503954050e-01 1.953850365100027187e-01 6.200432895643817055e-01 1.852579394326719087e-01 6.010031219444752493e-01 6.010031219444752493e-01
6.064442398472403850e-01 6.064442398472403850e-01 1.775345066774425551e-01 6.088037297944222104e-01 2.009540433601609000e-01 6.440240578909717239e-01 1.550324081391309949e-01 6.823821858562976184e-01 1.550324081391304398e-01 6.440240578909645075e-01 2.009540433601566256e-01 6.088037297944092208e-01 1.775345066774320080e-01 6.064442398472226214e-01 6.064442398472226214e-01
6.088268786952987233e-01 6.088268786952987233e-01 1.709111130634662357e-01 5.979374446806025034e-01 2.051795195359465140e-01 6.527063762259204260e-01 1.511090536681313767e-01 6.742524147108204247e-01 1.511090536681308216e-01 6.527063762259133206e-01 2.051795195359431556e-01 5.979374446805896248e-01 1.709111130634548559e-01 6.088268786952810707e-01 6.088268786952810707e-01
6.081315595865919299e-01 6.081315595865919299e-01 1.654284737267829319e-01 5.878171590617671249e-01 2.084705408586579600e-01 6.611538794713284206e-01 1.482906047416436002e-01 6.659169374658057139e-01 1.482906047416429340e-01 6.611538794713212042e-01 2.084705408586556286e-01 5.878171590617545794e-01 1.654284737267706917e-01 6.081315595865743884e-01 6.081315595865743884e-01
6.044776404871201603e-01 6.044776404871201603e-01 1.613926692712074895e-01 5.787111224060963455e-01 2.114949650742055653e-01 6.688161720626085716e-01 1.464047605726358503e-01 6.579006558234531399e-01 1.464047605726351287e-01 6.688161720626016882e-01 2.114949650742040665e-01 5.787111224060835779e-01 1.613926692711942223e-01 6.044776404871030628e-01 6.044776404871030628e-01
5.981058838903817731e-01 5.981058838903817731e-01 1.593080668889240714e-01 5.707623178744507531e-01 2.149681671123147009e-01 6.752141168145018302e-01 1.450921330805097220e-01 6.506789229826969168e-01 1.450921330805090559e-01 6.752141168144950578e-01 2.149681671123142013e-01 5.707623178744378745e-01 1.593080668889097495e-01 5.981058838903646757e-01 5.981058838903646757e-01
5.893358633205658670e-01 5.893358633205658670e-01 1.597380662864510970e-01 5.639816824143381035e-01 2.194287544839549908e-01 6.799994067302084222e-01 1.439075071786760918e-01 6.446485430214864421e-01 1.439075071786753979e-01 6.799994067302015388e-01 2.194287544839556292e-01 5.639816824143254470e-01 1.597380662864356649e-01 5.893358633205492136e-01 5.893358633205492136e-01
5.785091199257050842e-01 5.785091199257050842e-01 1.631373071588666790e-01 5.582580678266599872e-01 2.250640554528644255e-01 6.829965355956729711e-01 1.424545358121707683e-01 6.401019769827591688e-01 1.424545358121701577e-01 6.829965355956659767e-01 2.250640554528661463e-01 5.582580678266474417e-01 1.631373071588500256e-01 5.785091199256876537e-01 5.785091199256876537e-01
5.659327374320975990e-01 5.659327374320975990e-01 1.697064724131434610e-01 5.533853243362171215e-01 2.316352379476477319e-01 6.842157695640308512e-01 1.405189277261567060e-01 6.372050675162103106e-01 1.405189277261560399e-01 6.842157695640241899e-01 2.316352379476504797e-01 5.533853243362045760e-01 1.697064724131258084e-01 5.659327374320793913e-01 5.659327374320793913e-01
5.518377537211470729e-01 5.518377537211470729e-01 1.793127650810947549e-01 5.491037226415107497e-01 2.385244417368283243e-01 6.838316545541760494e-01 1.381632549014081834e-01 6.359813464998513854e-01 1.381632549014072953e-01 6.838316545541690550e-01 2.385244417368322378e-01 5.491037226414979822e-01 1.793127650810761586e-01 5.518377537211278661e-01 5.518377537211278661e-01
5.363627156657555517e-01 5.363627156657555517e-01 1.914983807999141863e-01 5.451494474752485164e-01 2.448919841609880910e-01 6.821295935938154198e-01 1.357548263456113125e-01 6.363084657045996462e-01 1.357548263456101190e-01 6.821295935938087585e-01 2.448919841609926429e-01 5.451494474752357489e-01 1.914983807998947574e-01 5.363627156657349015e-01 5.363627156657349015e-01
5.195659031720533116e-01 5.195659031720533116e-01 2.055724280918733993e-01 5.413029836107313697e-01 2.499003093114872953e-01 6.794308762197869278e-01 1.339147941507590200e-01 6.379330027697214245e-01 1.339147941507575212e-01 6.794308762197803775e-01 2.499003093114923191e-01 5.413029836107183801e-01 2.055724280918533042e-01 5.195659031720315513e-01 5.195659031720315513e-01
5.014621772657906762e-01 5.014621772657906762e-01 2.207570214177873857e-01 5.374259508405858643e-01 2.529419412897390140e-01 6.760120453221124537e-01 1.333974306080183136e-01 6.405077246945647396e-01 1.333974306080162875e-01 6.760120453221055703e-01 2.529419412897437325e-01 5.374259508405729857e-01 2.207570214177672074e-01 5.014621772657678056e-01 5.014621772657678056e-01
4.820740730941044938e-01 4.820740730941044938e-01 2.363430914287149298e-01 5.334772090026789204e-01 2.538069632316571900e-01 6.720361877463298939e-01 1.349276641880796102e-01 6.436501482037390032e-01 1.349276641880771677e-01 6.720361877463233435e-01 2.538069632316614643e-01 5.334772090026657088e-01 2.363430914286946127e-01 4.820740730940801799e-01 4.820740730940801799e-01
4.614832821898895432e-01 4.614832821898895432e-01 2.518101609973244503e-01 5.295031013376602091e-01 2.527421210365721205e-01 6.675112995005026972e-01 1.390370734480763093e-01 6.470140196061949789e-01 1.390370734480735060e-01 6.675112995004958139e-01 2.527421210365756732e-01 5.295031013376472195e-01 2.518101609973043553e-01 4.614832821898640081e-01 4.614832821898640081e-01
4.398688434151040716e-01 4.398688434151040716e-01 2.668769524313248098e-01 5.256028812712464360e-01 2.503839151984272871e-01 6.622850503138498768e-01 1.459400259046495507e-01 6.503584440412736312e-01 1.459400259046465809e-01 6.622850503138426603e-01 2.503839151984297295e-01 5.256028812712330023e-01 2.668769524313054919e-01 4.398688434150779258e-01 4.398688434150779258e-01
4.175219852468009529e-01 4.175219852468009529e-01 2.814720272403710144e-01 5.218771568916272807e-01 2.475834018520294000e-01 6.560775115203071328e-01 1.554818305605699114e-01 6.535956638548231501e-01 1.554818305605668582e-01 6.560775115202994723e-01 2.475834018520303714e-01 5.218771568916135140e-01 2.814720272403525847e-01 4.175219852467739745e-01 4.175219852467739745e-01
3.948335432371134490e-01 3.948335432371134490e-01 2.956386700277769952e-01 5.183726122100597022e-01 2.451708028557101349e-01 6.485454165468922394e-01 1.671721337057720524e-01 6.568002254194602596e-01 1.671721337057693046e-01 6.485454165468840237e-01 2.451708028557096353e-01 5.183726122100454914e-01 2.956386700277595092e-01 3.948335432370861930e-01 3.948335432370861930e-01
3.722565838710803487e-01 3.722565838710803487e-01 3.094082238881769586e-01 5.150385274644481148e-01 2.437248091925137139e-01 6.393648776544986756e-01 1.802943541881486533e-01 6.601701867274706315e-01 1.802943541881463774e-01 6.393648776544902379e-01 2.437248091925114657e-01 5.150385274644332378e-01 3.094082238881605829e-01 3.722565838710529262e-01 3.722565838710529262e-01
3.502525952749832583e-01 3.502525952749832583e-01 3.226850854906685995e-01 5.117087320304086751e-01 2.434099984736834699e-01 6.283154471096101812e-01 1.940619322222599807e-01 6.639436250812518203e-01 1.940619322222581766e-01 6.283154471096014104e-01 2.434099984736795841e-01 5.117087320303934650e-01 3.226850854906534449e-01 3.502525952749560023e-01 3.502525952749560023e-01
3.292330320735849525e-01 3.292330320735849525e-01 3.351820749187637838e-01 5.081167702015846332e-01 2.439266999091046495e-01 6.153478022577926199e-01 2.077802057847544237e-01 6.682875737803515293e-01 2.077802057847532857e-01 6.153478022577828499e-01 2.439266999090989319e-01 5.081167702015694232e-01 3.351820749187499060e-01 3.292330320735579186e-01 3.292330320735579186e-01
3.095084942677162609e-01 3.095084942677162609e-01 3.464285623447359019e-01 5.039435907474377752e-01 2.445865687668414556e-01 6.006203881227725194e-01 2.209722917372910767e-01 6.731872848978889268e-01 2.209722917372905771e-01 6.006203881227626384e-01 2.445865687668338784e-01 5.039435907474218990e-01 3.464285623447231344e-01 3.095084942676894491e-01 3.095084942676894491e-01
2.912555350652111796e-01 2.912555350652111796e-01 3.558507649840558784e-01 4.988881266337718001e-01 2.444929982587954187e-01 5.844965791630648555e-01 2.334386390104412623e-01 6.783675375298235943e-01 2.334386390104411235e-01 5.844965791630546414e-01 2.444929982587861206e-01 4.988881266337551468e-01 3.558507649840436105e-01 2.912555350651839792e-01 2.912555350651839792e-01
2.745068487960019565e-01 2.745068487960019565e-01 3.629011216044550348e-01 4.927440748726417130e-01 2.427778524058146203e-01 5.675020764991988154e-01 2.452397254697374351e-01 6.832726211051513010e-01 2.452397254697374351e-01 5.675020764991882682e-01 2.427778524058033516e-01 4.927440748726243935e-01 3.629011216044437660e-01 2.745068487959749226e-01 2.745068487959749226e-01
2.591655755640817627e-01 2.591655755640817627e-01 3.671984179854128061e-01 4.854630075823457847e-01 2.388322842398969970e-01 5.502505426598768290e-01 2.566139039121551613e-01 6.871183160211078444e-01 2.566139039121551058e-01 5.502505426598662819e-01 2.388322842398838131e-01 4.854630075823281321e-01 3.671984179854021479e-01 2.591655755640544512e-01 2.591655755640544512e-01
2.450398742109339001e-01 2.450398742109339001e-01 3.686368541327214032e-01 4.771857619908034254e-01 2.324728896034767289e-01 5.333520070582240535e-01 2.678609596852235541e-01 6.890109532828333494e-01 2.678609596852232211e-01 5.333520070582132844e-01 2.324728896034616299e-01 4.771857619907852732e-01 3.686368541327113557e-01 2.450398742109064498e-01 2.450398742109064498e-01
2.318906585764041184e-01 2.318906585764041184e-01 3.674313612163231935e-01 4.682307874349170840e-01 2.240034899843142691e-01 5.173219173282121996e-01 2.792308834054851308e-01 6.881104166154208279e-01 2.792308834054839650e-01 5.173219173282018746e-01 2.240034899842971716e-01 4.682307874348986543e-01 3.674313612163135345e-01 2.318906585763763906e-01 2.318906585763763906e-01
2.194838802600073968e-01 2.194838802600073968e-01 3.640852249872334467e-01 4.590383898250239292e-01 2.141615218273561772e-01 5.025082602000561227e-01 2.908538476609904833e-01 6.838008993716090389e-01 2.908538476609888734e-01 5.025082602000461307e-01 2.141615218273375532e-01 4.590383898250051109e-01 3.640852249872241764e-01 2.194838802599793637e-01 2.194838802599793637e-01
2.076388951319879106e-01 2.076388951319879106e-01 3.592886339441769272e-01 4.500811310886819738e-01 2.039679968291079337e-01 4.890502199252887983e-01 3.027323089177491600e-01 6.758291125981572556e-01 3.027323089177470505e-01 4.890502199252793614e-01 2.039679968290880885e-01 4.500811310886629335e-01 3.592886339441679344e-01 2.076388951319600440e-01 2.076388951319600440e-01
1.962658348271827669e-01 1.962658348271827669e-01 3.537762908511309368e-01 4.417599962348549014e-01 1.945230029586034470e-01 4.768753469863065697e-01 3.147940295352006923e-01 6.643757277614504853e-01 3.147940295351980278e-01 4.768753469862974659e-01 1.945230029585826304e-01 4.417599962348353615e-01 3.537762908511222215e-01 1.962658348271553443e-01 1.962658348271553443e-01
1.853869494321746803e-01 1.853869494321746803e-01 3.481829256592807176e-01 4.343106217165224048e-01 1.867988862622667612e-01 4.657344992130869055e-01 3.269824920413984537e-01 6.500405874001747852e-01 3.269824920413956226e-01 4.657344992130785233e-01 1.867988862622452229e-01 4.343106217165028093e-01 3.481829256592721689e-01 1.853869494321478684e-01 1.853869494321478684e-01
1.751391126541863019e-01 1.751391126541863019e-01 3.429344741568739474e-01 4.277423691030288189e-01 1.814787596975368511e-01 4.552663347882397460e-01 3.393459132258481725e-01 6.337418497275679741e-01 3.393459132258448419e-01 4.552663347882321410e-01 1.814787596975146466e-01 4.277423691030088904e-01 3.429344741568656763e-01 1.751391126541604892e-01 1.751391126541604892e-01
1.657568314592192948e-01 1.657568314592192948e-01 3.382005670806817466e-01 4.218255915486224250e-01 1.788713597297980906e-01 4.450773091569424356e-01 3.520833129022531982e-01 6.165489034053182049e-01 3.520833129022494790e-01 4.450773091569355522e-01 1.788713597297755253e-01 4.218255915486021634e-01 3.382005670806728093e-01 1.657568314591949532e-01 1.657568314591949532e-01
1.575371620806641781e-01 1.575371620806641781e-01 3.339149036083057243e-01 4.161311037638342203e-01 1.789103997304319627e-01 4.348202269008060172e-01 3.655177060430220837e-01 5.994840004120827182e-01 3.655177060430179203e-01 4.348202269007995779e-01 1.789103997304090921e-01 4.161311037638137922e-01 3.339149036082966204e-01 1.575371620806414186e-01 1.575371620806414186e-01
1.507900168959310228e-01 1.507900168959310228e-01 3.298501572635206824e-01 4.101137485431062268e-01 1.812246726006489506e-01 4.242552793950216672e-01 3.799898697256636759e-01 5.833348052175747478e-01 3.799898697256586799e-01 4.242552793950161161e-01 1.812246726006258857e-01 4.101137485430854657e-01 3.298501572635109680e-01 1.507900168959099563e-01 1.507900168959099563e-01
1.457795212924756778e-01 1.457795212924756778e-01 3.257194141609610072e-01 4.032222095930085848e-01 1.852504423226862262e-01 4.132822366548321580e-01 3.956946714387667985e-01 5.685180142777958023e-01 3.956946714387609698e-01 4.132822366548272175e-01 1.852504423226631058e-01 4.032222095929876571e-01 3.257194141609509042e-01 1.457795212924566652e-01 1.457795212924566652e-01
1.426642120809892555e-01 1.426642120809892555e-01 3.212710235017278149e-01 3.950120570120048691e-01 1.903534449318056154e-01 4.019400883011283732e-01 4.125067229152850068e-01 5.550234345525789648e-01 4.125067229152780124e-01 4.019400883011235437e-01 1.903534449317822452e-01 3.950120570119838859e-01 3.212710235017168237e-01 1.426642120809720748e-01 1.426642120809720748e-01
1.414455525860502105e-01 1.414455525860502105e-01 3.163492553364012916e-01 3.852391717445221020e-01 1.959336983575935831e-01 3.903789860463587891e-01 4.298545611589422166e-01 5.424508074456158013e-01 4.298545611589339455e-01 3.903789860463541816e-01 1.959336983575701852e-01 3.852391717445015074e-01 3.163492553363895232e-01 1.414455525860349172e-01 1.414455525860349172e-01
1.419348592074005655e-01 1.419348592074005655e-01 3.109070477561530210e-01 3.739155474190530848e-01 2.014986895051357751e-01 3.788163658094494957e-01 4.466971729590455964e-01 5.301319458020326003e-01 4.466971729590358264e-01 3.788163658094451103e-01 2.014986895051124882e-01 3.739155474190328787e-01 3.109070477561406975e-01 1.419348592073869930e-01 1.419348592073869930e-01
1.437476556868702293e-01 1.437476556868702293e-01 3.049745840258810126e-01 3.613175055931945878e-01 2.067040809387232780e-01 3.674924388936202657e-01 4.616331264245688848e-01 5.173127158213610688e-01 4.616331264245573385e-01 3.674924388936161579e-01 2.067040809387002687e-01 3.613175055931752144e-01 3.049745840258681895e-01 1.437476556868581556e-01 1.437476556868581556e-01
1.463312978265976505e-01 1.463312978265976505e-01 2.986027135934218313e-01 3.479457692942016789e-01 2.113708723755740870e-01 3.566387202196192319e-01 4.731362188603620011e-01 5.033569412699787637e-01 4.731362188603491226e-01 3.566387202196153461e-01 2.113708723755516883e-01 3.479457692941831382e-01 2.986027135934084531e-01 1.463312978265869368e-01 1.463312978265869368e-01
1.490265204036372582e-01 1.490265204036372582e-01 2.918084214678344779e-01 3.344458731478402447e-01 2.154909814726852224e-01 3.464673182487444381e-01 4.798722774254812196e-01 4.879299625960071829e-01 4.798722774254672307e-01 3.464673182487412184e-01 2.154909814726638506e-01 3.344458731478227587e-01 2.918084214678207111e-01 1.490265204036277658e-01 1.490265204036277658e-01
1.511570272374194168e-01 1.511570272374194168e-01 2.845481095337200617e-01 3.215045180659779067e-01 2.192293745199928590e-01 3.371802432652667436e-01 4.810212624400717063e-01 4.711239063133288441e-01 4.810212624400569403e-01 3.371802432652640791e-01 2.192293745199726251e-01 3.215045180659618640e-01 2.845481095337057398e-01 1.511570272374110346e-01 1.511570272374110346e-01
1.521346065148062865e-01 1.521346065148062865e-01 2.767339243816605010e-01 3.097414755448278378e-01 2.229227845135804131e-01 3.289898313900037063e-01 4.765172134160508000e-01 4.534983322497552760e-01 4.765172134160358675e-01 3.289898313900018745e-01 2.229227845135610675e-01 3.097414755448130719e-01 2.767339243816460126e-01 1.521346065147988202e-01 1.521346065147988202e-01
1.515620608956505244e-01 1.515620608956505244e-01 2.682921865349606194e-01 2.996167532573668080e-01 2.270669003234096761e-01 3.221364046142300985e-01 4.671311548460929663e-01 4.360261471384653809e-01 4.671311548460781449e-01 3.221364046142292659e-01 2.270669003233910521e-01 2.996167532573529302e-01 2.682921865349454094e-01 1.515620608956441129e-01 1.515620608956441129e-01
1.493140002562627355e-01 1.493140002562627355e-01 2.592464137761728016e-01 2.913689263666475182e-01 2.322798661216850524e-01 3.168894313364318260e-01 4.543574349601226525e-01 4.199523919582137665e-01 4.543574349601079976e-01 3.168894313364314375e-01 2.322798661216667893e-01 2.913689263666351392e-01 2.592464137761569809e-01 1.493140002562573510e-01 1.493140002562573510e-01
1.455772879878686477e-01 1.455772879878686477e-01 2.497959719626617336e-01 2.849937074317052677e-01 2.392325528637245791e-01 3.135239792439353801e-01 4.401139034429332186e-01 4.065898474474159974e-01 4.401139034429189523e-01 3.135239792439357687e-01 2.392325528637062604e-01 2.849937074316939989e-01 2.497959719626453579e-01 1.455772879878641790e-01 1.455772879878641790e-01
1.408388692686309840e-01 1.408388692686309840e-01 2.403590369291423445e-01 2.802636555393801521e-01 2.485452864721435229e-01 3.122735215289167976e-01 4.263177563809989468e-01 3.970879292619278189e-01 4.263177563809852355e-01 3.122735215289171862e-01 2.485452864721246491e-01 2.802636555393703821e-01 2.403590369291255247e-01 1.408388692686274313e-01 1.408388692686274313e-01
1.358180516086141543e-01 1.358180516086141543e-01 2.315565617883441341e-01 2.767824111244020502e-01 2.606637532100025689e-01 3.132700673060657692e-01 4.144372901807592546e-01 3.922180208712877092e-01 4.144372901807463760e-01 3.132700673060664354e-01 2.606637532099826404e-01 2.767824111243936680e-01 2.315565617883269534e-01 1.358180516086118783e-01 1.358180516086118783e-01
1.313513364927378357e-01 1.313513364927378357e-01 2.241303454546103857e-01 2.740616341832571301e-01 2.757390199773332440e-01 3.164896049132434608e-01 4.051334336158202709e-01 3.922176026900225931e-01 4.051334336158082250e-01 3.164896049132435163e-01 2.757390199773122053e-01 2.740616341832500802e-01 2.241303454545928997e-01 1.313513364927367255e-01 1.313513364927367255e-01
