# L = 8 / J = 1 / lamb = 0.7
# particle_position = 3
# final_time = 8 / steps = 35
0.000000000000000000e+00 0.000000000000000000e+00 0.000000000000000000e+00 0.000000000000000000e+00 0.000000000000000000e+00 0.000000000000000000e+00 1.000000000000000000e+00 1.000000000000000000e+00 1.000000000000000000e+00 0.000000000000000000e+00 0.000000000000000000e+00 0.000000000000000000e+00 0.000000000000000000e+00 0.000000000000000000e+00 0.000000000000000000e+00
2.359022278356928334e-02 2.359022278356928334e-02 4.596999824367625775e-02 2.360521887735997359e-02 4.773327817720932065e-02 2.535822084029062951e-02 9.522623617889719450e-01 9.763946311505673492e-01 9.522623617889720560e-01 2.535822084029062257e-02 4.773327817720925126e-02 2.360521887735993890e-02 4.596999824367619530e-02 2.359022278356926600e-02 2.359022278356926600e-02
7.382537508607411869e-02 7.382537508607411869e-02 1.324694629896512876e-01 7.463086673471822086e-02 1.560231658710643510e-01 9.769935856931763474e-02 8.437317190053938987e-01 9.253367939623021732e-01 8.437317190053937876e-01 9.769935856931769025e-02 1.560231658710642955e-01 7.463086673471806820e-02 1.324694629896510933e-01 7.382537508607406318e-02 7.382537508607406318e-02
1.106448183574570282e-01 1.106448183574570282e-01 1.709771435473803058e-01 1.175211206748680015e-01 2.591880425474368255e-01 2.025525795797149808e-01 7.385071644696571402e-01 8.818610213656820074e-01 7.385071644696568072e-01 2.025525795797152584e-01 2.591880425474369920e-01 1.175211206748678627e-01 1.709771435473801393e-01 1.106448183574569449e-01 1.106448183574569449e-01
1.138417054094501973e-01 1.138417054094501973e-01 1.438180476201480484e-01 1.399291605808196393e-01 3.265950795414772068e-01 3.158366617172846391e-01 6.631089484944966417e-01 8.560406612158248940e-01 6.631089484944961976e-01 3.158366617172851942e-01 3.265950795414777064e-01 1.399291605808195837e-01 1.438180476201481317e-01 1.138417054094500586e-01 1.138417054094500586e-01
9.680568617177710833e-02 9.680568617177710833e-02 1.136176184643901410e-01 1.584869233467852412e-01 3.736719484122412172e-01 4.179332286892085691e-01 5.957850189626707760e-01 8.279714706032900162e-01 5.957850189626701098e-01 4.179332286892095127e-01 3.736719484122417168e-01 1.584869233467853522e-01 1.136176184643904047e-01 9.680568617177698343e-02 9.680568617177698343e-02
8.586801107010177958e-02 8.586801107010177958e-02 1.354713778385934209e-01 1.940333071847898105e-01 4.173282171289411369e-01 5.050189183642281865e-01 5.132181444209072962e-01 7.783885606426762527e-01 5.132181444209064081e-01 5.050189183642298518e-01 4.173282171289420805e-01 1.940333071847901714e-01 1.354713778385937817e-01 8.586801107010169631e-02 8.586801107010169631e-02
9.544939028503784950e-02 9.544939028503784950e-02 1.979431718501335757e-01 2.534168649457726463e-01 4.459764465589255433e-01 5.818925641512648905e-01 4.243403903072237582e-01 7.115801695762459245e-01 4.243403903072230920e-01 5.818925641512663338e-01 4.459764465589263205e-01 2.534168649457730904e-01 1.979431718501340753e-01 9.544939028503783562e-02 9.544939028503783562e-02
1.248429334332999824e-01 1.248429334332999824e-01 2.586285075023680435e-01 3.319224237686243528e-01 4.395077780988828065e-01 6.461883402193661086e-01 3.535408811249702854e-01 6.474503891164024028e-01 3.535408811249700078e-01 6.461883402193676629e-01 4.395077780988837501e-01 3.319224237686248524e-01 2.586285075023685986e-01 1.248429334332999824e-01 1.248429334332999824e-01
1.698117684820299456e-01 1.698117684820299456e-01 3.033205227447391406e-01 4.207855230190755691e-01 3.991678500516557260e-01 6.855867076805106652e-01 3.091459724612027893e-01 6.027216011203203605e-01 3.091459724612032334e-01 6.855867076805121085e-01 3.991678500516561701e-01 4.207855230190765128e-01 3.033205227447400287e-01 1.698117684820300843e-01 1.698117684820300843e-01
2.284862500632837135e-01 2.284862500632837135e-01 3.443848093694338863e-01 5.088695313567410672e-01 3.439208619349532481e-01 6.908295381891111919e-01 2.812527122706833249e-01 5.847888045771262311e-01 2.812527122706838245e-01 6.908295381891121911e-01 3.439208619349536367e-01 5.088695313567421774e-01 3.443848093694348300e-01 2.284862500632837412e-01 2.284862500632837412e-01
2.975692215206705016e-01 2.975692215206705016e-01 3.796276555981821788e-01 5.835460308378271899e-01 2.886715337810240034e-01 6.670011653362385440e-01 2.611512888075389061e-01 5.945572237597894771e-01 2.611512888075395722e-01 6.670011653362394322e-01 2.886715337810242810e-01 5.835460308378284111e-01 3.796276555981828449e-01 2.975692215206705571e-01 2.975692215206705571e-01
3.701957124576399916e-01 3.701957124576399916e-01 3.855769381962246833e-01 6.346266918536092039e-01 2.409542508257327686e-01 6.309631879197049598e-01 2.485833668151455900e-01 6.252728932303034393e-01 2.485833668151462006e-01 6.309631879197056259e-01 2.409542508257330740e-01 6.346266918536105361e-01 3.855769381962252385e-01 3.701957124576401026e-01 3.701957124576401026e-01
4.399705383238884382e-01 4.399705383238884382e-01 3.522039118246255152e-01 6.574131946952004313e-01 2.115939075198014219e-01 6.007922990334657598e-01 2.416558202251864185e-01 6.601190455004178892e-01 2.416558202251870568e-01 6.007922990334666480e-01 2.115939075198018660e-01 6.574131946952017636e-01 3.522039118246257927e-01 4.399705383238890488e-01 4.399705383238890488e-01
5.033276511610268455e-01 5.033276511610268455e-01 2.997788920247083100e-01 6.531223202770131131e-01 2.103143618250349900e-01 5.882490480478690387e-01 2.323413533713128976e-01 6.791354347360624155e-01 2.323413533713132306e-01 5.882490480478694828e-01 2.103143618250356839e-01 6.531223202770138903e-01 2.997788920247086430e-01 5.033276511610277337e-01 5.033276511610277337e-01
5.557534675393843715e-01 5.557534675393843715e-01 2.530783142028777966e-01 6.285090520841676298e-01 2.301486033981290369e-01 5.967281823196339818e-01 2.165558824360133694e-01 6.726753108915753954e-01 2.165558824360134527e-01 5.967281823196344259e-01 2.301486033981296475e-01 6.285090520841685180e-01 2.530783142028780741e-01 5.557534675393854817e-01 5.557534675393854817e-01
5.889527509775143166e-01 5.889527509775143166e-01 2.164274891088923125e-01 5.942762531235442625e-01 2.513325608331222760e-01 6.208211740412998836e-01 2.009381250382910045e-01 6.472295837527023421e-01 2.009381250382911155e-01 6.208211740412999946e-01 2.513325608331227756e-01 5.942762531235448176e-01 2.164274891088924513e-01 5.889527509775149827e-01 5.889527509775149827e-01
5.953864839214003668e-01 5.953864839214003668e-01 1.853701822014605927e-01 5.615995981066636000e-01 2.644425521679738544e-01 6.471795024533923968e-01 1.934694956261128473e-01 6.182505086426431928e-01 1.934694956261128751e-01 6.471795024533926188e-01 2.644425521679743540e-01 5.615995981066640441e-01 1.853701822014606204e-01 5.953864839214010329e-01 5.953864839214010329e-01
5.748854195826986757e-01 5.748854195826986757e-01 1.685313922662449726e-01 5.382561695129843837e-01 2.766542439096576489e-01 6.607858928156082889e-01 1.924069994206551171e-01 5.993157631371458516e-01 1.924069994206552836e-01 6.607858928156088441e-01 2.766542439096578709e-01 5.382561695129847168e-01 1.685313922662451946e-01 5.748854195826994529e-01 5.748854195826994529e-01
5.344400856244406750e-01 5.344400856244406750e-01 1.806721309289591737e-01 5.257485181362594462e-01 2.903982260900321299e-01 6.548418264286813839e-01 1.921193101247553325e-01 5.965395609302530655e-01 1.921193101247556656e-01 6.548418264286822721e-01 2.903982260900319634e-01 5.257485181362597793e-01 1.806721309289595900e-01 5.344400856244415632e-01 5.344400856244415632e-01
4.822317238934156203e-01 4.822317238934156203e-01 2.196535853015512685e-01 5.193844137351412149e-01 2.914496048810467088e-01 6.341898154091502038e-01 1.971128996453374582e-01 6.074805151136123404e-01 1.971128996453379578e-01 6.341898154091503148e-01 2.914496048810463202e-01 5.193844137351415480e-01 2.196535853015517681e-01 4.822317238934164529e-01 4.822317238934164529e-01
4.244284734824416705e-01 4.244284734824416705e-01 2.663969580155370331e-01 5.131797012728085416e-01 2.703461736421551853e-01 6.080352223327754047e-01 2.202255503819867122e-01 6.229064369450485472e-01 2.202255503819871563e-01 6.080352223327758487e-01 2.703461736421549633e-01 5.131797012728095408e-01 2.663969580155374217e-01 4.244284734824426697e-01 4.244284734824426697e-01
3.672584694083627643e-01 3.672584694083627643e-01 3.072771480002355893e-01 5.053553851722344392e-01 2.433502618019124930e-01 5.805873146423738973e-01 2.644945825585465204e-01 6.337490839960795430e-01 2.644945825585467425e-01 5.805873146423744524e-01 2.433502618019123820e-01 5.053553851722354384e-01 3.072771480002358668e-01 3.672584694083638190e-01 3.672584694083638190e-01
3.180388940462373637e-01 3.180388940462373637e-01 3.428932348774504923e-01 4.971396790618743400e-01 2.340475533814735942e-01 5.492579432075055390e-01 3.157583454637258868e-01 6.391295716619036504e-01 3.157583454637257203e-01 5.492579432075063162e-01 2.340475533814737330e-01 4.971396790618753947e-01 3.428932348774504923e-01 3.180388940462383629e-01 3.180388940462383629e-01
2.810604318636828469e-01 2.810604318636828469e-01 3.730531978879769728e-01 4.870401101256858212e-01 2.391211473802384579e-01 5.108567433416807413e-01 3.592915888098556776e-01 6.440172004821819174e-01 3.592915888098554555e-01 5.108567433416817405e-01 2.391211473802390963e-01 4.870401101256867649e-01 3.730531978879768062e-01 2.810604318636839571e-01 2.810604318636839571e-01
2.532191599008847271e-01 2.532191599008847271e-01 3.868765909761749944e-01 4.705423226622161281e-01 2.312318829305337053e-01 4.686713232743450752e-01 3.960667479449879735e-01 6.467317379604445859e-01 3.960667479449870854e-01 4.686713232743461299e-01 2.312318829305345103e-01 4.705423226622172383e-01 3.868765909761746058e-01 2.532191599008858374e-01 2.532191599008858374e-01
2.261802216228595841e-01 2.261802216228595841e-01 3.747894248186329769e-01 4.466978180153070022e-01 1.971012791275629783e-01 4.323451463711875387e-01 4.327362364116124627e-01 6.333501724034874547e-01 4.327362364116117965e-01 4.323451463711886489e-01 1.971012791275638387e-01 4.466978180153080569e-01 3.747894248186326993e-01 2.261802216228608886e-01 2.261802216228608886e-01
1.944311590080111951e-01 1.944311590080111951e-01 3.422802193254010361e-01 4.211163599087551779e-01 1.561649058907466081e-01 4.095776446645635893e-01 4.620049814202946137e-01 5.895934571242209543e-01 4.620049814202937255e-01 4.095776446645648661e-01 1.561649058907474130e-01 4.211163599087565101e-01 3.422802193254004810e-01 1.944311590080126384e-01 1.944311590080126384e-01
1.619431009007278877e-01 1.619431009007278877e-01 3.062104780921883207e-01 3.995273678299804954e-01 1.367936806876856870e-01 3.985011204184596978e-01 4.688479438844166403e-01 5.182421798541526625e-01 4.688479438844163627e-01 3.985011204184607525e-01 1.367936806876861866e-01 3.995273678299819942e-01 3.062104780921879321e-01 1.619431009007291922e-01 1.619431009007291922e-01
1.409635300639314193e-01 1.409635300639314193e-01 2.838644492786931428e-01 3.815106636862851675e-01 1.488242346134283356e-01 3.900430455760821591e-01 4.555992409689166855e-01 4.427174264899387257e-01 4.555992409689171851e-01 3.900430455760832138e-01 1.488242346134285021e-01 3.815106636862864997e-01 2.838644492786926987e-01 1.409635300639326960e-01 1.409635300639326960e-01
1.424142531551203239e-01 1.424142531551203239e-01 2.877344639275254967e-01 3.639215984821181915e-01 1.866210161478704666e-01 3.780871807658742756e-01 4.416729494943127388e-01 3.913859397009340491e-01 4.416729494943137935e-01 3.780871807658748862e-01 1.866210161478704943e-01 3.639215984821192462e-01 2.877344639275251637e-01 1.424142531551214619e-01 1.424142531551214619e-01
1.644319502881071982e-01 1.644319502881071982e-01 3.182923351544983959e-01 3.464984132710034470e-01 2.440148560736357664e-01 3.657646452576691076e-01 4.313630618993285482e-01 3.754847075465663764e-01 4.313630618993302135e-01 3.657646452576699403e-01 2.440148560736358774e-01 3.464984132710041687e-01 3.182923351544983959e-01 1.644319502881083084e-01 1.644319502881083084e-01
1.899318448095285161e-01 1.899318448095285161e-01 3.530481266840154730e-01 3.295873023489264142e-01 3.124885617451285680e-01 3.614080533547190388e-01 4.016615829084239642e-01 3.822763764172516510e-01 4.016615829084256850e-01 3.614080533547195384e-01 3.124885617451287345e-01 3.295873023489269138e-01 3.530481266840156951e-01 1.899318448095294876e-01 1.899318448095294876e-01
1.992231990442837608e-01 1.992231990442837608e-01 3.559603757839337468e-01 3.104246714788415074e-01 3.741695508461481690e-01 3.700723175842408064e-01 3.377532039114549689e-01 3.917882143536664530e-01 3.377532039114568008e-01 3.700723175842415835e-01 3.741695508461481134e-01 3.104246714788418404e-01 3.559603757839339133e-01 1.992231990442845935e-01 1.992231990442845935e-01
1.886536165573824142e-01 1.886536165573824142e-01 3.160140003624981042e-01 2.879358257042706204e-01 4.134754366939396575e-01 3.899843498535011110e-01 2.647437879839804054e-01 3.980660144362542785e-01 2.647437879839816266e-01 3.899843498535015551e-01 4.134754366939395465e-01 2.879358257042705649e-01 3.160140003624976601e-01 1.886536165573826918e-01 1.886536165573826918e-01
1.757249560685001100e-01 1.757249560685001100e-01 2.722371143041241170e-01 2.704554082104495549e-01 4.343023145958232467e-01 4.150093793523807473e-01 2.211123211095722685e-01 4.102347976225498294e-01 2.211123211095731012e-01 4.150093793523810803e-01 4.343023145958232467e-01 2.704554082104496660e-01 2.722371143041236174e-01 1.757249560684999712e-01 1.757249560684999712e-01
