# L = 12 / J = 1 / lamb = 0.5
# particle_position = 5
# final_time = 100 / steps = 100
0.000000000000000000e+00 0.000000000000000000e+00 0.000000000000000000e+00 0.000000000000000000e+00 0.000000000000000000e+00 0.000000000000000000e+00 0.000000000000000000e+00 0.000000000000000000e+00 0.000000000000000000e+00 0.000000000000000000e+00 1.000000000000000000e+00 1.000000000000000000e+00 1.000000000000000000e+00 0.000000000000000000e+00 0.000000000000000000e+00 0.000000000000000000e+00 0.000000000000000000e+00 0.000000000000000000e+00 0.000000000000000000e+00 0.000000000000000000e+00 0.000000000000000000e+00 0.000000000000000000e+00 0.000000000000000000e+00
4.744836582783073381e-02 4.744836582783073381e-02 6.805990613541697265e-02 5.660187349272434443e-02 7.659744101019833051e-02 5.676858341031459226e-02 8.031234065267597866e-02 6.022634300740498797e-02 2.240742378741695240e-01 2.114394504967454236e-01 7.689460637793590347e-01 9.374209455836625127e-01 7.689460637793561482e-01 2.114394504967485044e-01 2.240742378741722440e-01 6.022634300740521002e-02 8.031234065267625621e-02 5.676858341031473104e-02 7.659744101019839990e-02 5.660187349272424034e-02 6.805990613541655632e-02 4.744836582783030360e-02 4.744836582783030360e-02
4.765321823543273994e-02 4.765321823543273994e-02 4.294305942048308455e-02 4.833299380559788472e-02 5.342024085983668874e-02 6.642959500382845939e-02 1.643732204060754654e-01 1.832898158077516382e-01 4.629521374125871724e-01 5.824556294328218087e-01 4.204948105613625087e-01 7.757302999747428540e-01 4.204948105613589004e-01 5.824556294328308015e-01 4.629521374125926680e-01 1.832898158077556350e-01 1.643732204060788238e-01 6.642959500382947247e-02 5.342024085983666098e-02 4.833299380559783615e-02 4.294305942048230740e-02 4.765321823543205992e-02 4.765321823543205992e-02
4.983225162391806407e-02 4.983225162391806407e-02 7.110334763485319509e-02 9.589289400278905307e-02 1.433949721794072762e-01 1.834522657196470952e-01 3.399841464886573239e-01 4.463199114345779428e-01 3.773932879408193330e-01 7.080152228909217804e-01 2.435120162650340481e-01 6.279598917051980589e-01 2.435120162650399045e-01 7.080152228909294410e-01 3.773932879408194441e-01 4.463199114345897112e-01 3.399841464886647624e-01 1.834522657196517303e-01 1.433949721794103016e-01 9.589289400279016329e-02 7.110334763485452736e-02 4.983225162391814733e-02 4.983225162391814733e-02
6.208626251862283535e-02 6.208626251862283535e-02 1.240408728122684295e-01 1.521338887654361260e-01 2.529662872737677426e-01 3.574429647584219660e-01 3.406133487297489659e-01 6.168586264099825689e-01 2.034922238948616291e-01 6.334202530003741893e-01 2.261494426045261574e-01 6.435887285115212686e-01 2.261494426045302375e-01 6.334202530003807396e-01 2.034922238948645989e-01 6.168586264099972238e-01 3.406133487297531848e-01 3.574429647584349001e-01 2.529662872737762913e-01 1.521338887654408167e-01 1.240408728122725651e-01 6.208626251862378598e-02 6.208626251862378598e-02
1.052628344323865983e-01 1.052628344323865983e-01 2.387368476754742064e-01 3.062344428958190812e-01 3.111931417184163329e-01 5.405729563392900339e-01 1.998883127409259997e-01 6.128906427470517393e-01 1.652969942437681472e-01 5.751141960995432845e-01 2.005339434069894622e-01 6.569726013393299979e-01 2.005339434069852156e-01 5.751141960995500568e-01 1.652969942437765849e-01 6.128906427470651730e-01 1.998883127409292193e-01 5.405729563393089077e-01 3.111931417184256032e-01 3.062344428958296283e-01 2.387368476754807289e-01 1.052628344323906784e-01 1.052628344323906784e-01
1.957294108265422716e-01 1.957294108265422716e-01 3.089553690305382183e-01 4.629989961401888565e-01 2.241571443142381936e-01 5.725627209425501185e-01 1.323861771149961730e-01 5.391307971474778027e-01 1.804037818099195056e-01 5.955128480959162030e-01 1.642430440774075850e-01 5.852318359664299141e-01 1.642430440774075850e-01 5.955128480959221982e-01 1.804037818099210877e-01 5.391307971474890159e-01 1.323861771150075806e-01 5.725627209425705466e-01 2.241571443142468256e-01 4.629989961402084520e-01 3.089553690305485989e-01 1.957294108265538735e-01 1.957294108265538735e-01
2.905674591607999568e-01 2.905674591607999568e-01 3.062717164955739979e-01 5.362039053780323083e-01 1.486945702891567522e-01 5.277105009280724790e-01 1.747518510721266793e-01 5.265812862732104360e-01 1.713951979238333145e-01 5.740302223442040885e-01 1.394650233377084936e-01 5.293891239102616053e-01 1.394650233377133230e-01 5.740302223442065310e-01 1.713951979238309831e-01 5.265812862732178745e-01 1.747518510721367269e-01 5.277105009280864678e-01 1.486945702891704080e-01 5.362039053780568443e-01 3.062717164955855442e-01 2.905674591608175539e-01 2.905674591608175539e-01
3.181604198247769411e-01 3.181604198247769411e-01 2.551051446321768723e-01 4.794507427988021764e-01 1.505498508478862740e-01 4.567119720451580656e-01 1.900447778071333860e-01 5.276432639767614230e-01 1.393892000476228410e-01 5.122121192550265212e-01 1.333361657224322872e-01 5.197178499331142065e-01 1.333361657224346186e-01 5.122121192550285196e-01 1.393892000476278370e-01 5.276432639767653088e-01 1.900447778071364946e-01 4.567119720451675025e-01 1.505498508479090058e-01 4.794507427988241588e-01 2.551051446321926930e-01 3.181604198247953152e-01 3.181604198247953152e-01
2.937348903556380453e-01 2.937348903556380453e-01 2.202468942433342125e-01 3.841265825407741419e-01 2.210868405375642776e-01 4.021537883463610630e-01 1.937156089512542811e-01 5.015358481236967814e-01 1.476144384553809974e-01 4.703567300441012788e-01 1.408619543630757753e-01 4.915106655685813619e-01 1.408619543630726112e-01 4.703567300441005017e-01 1.476144384553862432e-01 5.015358481236971144e-01 1.937156089512529211e-01 4.021537883463641716e-01 2.210868405375897572e-01 3.841265825407914614e-01 2.202468942433576382e-01 2.937348903556594726e-01 2.937348903556594726e-01
2.494618327864547569e-01 2.494618327864547569e-01 1.739728583103215820e-01 2.754836298222018143e-01 2.431708982295448518e-01 3.351952739487463750e-01 1.780168242471623363e-01 4.315489758946443599e-01 1.670560880514891655e-01 4.313931965831075965e-01 1.513875727147753758e-01 4.521329403380480172e-01 1.513875727147749872e-01 4.313931965831067639e-01 1.670560880514937729e-01 4.315489758946479126e-01 1.780168242471696638e-01 3.351952739487467081e-01 2.431708982295686661e-01 2.754836298222156921e-01 1.739728583103423154e-01 2.494618327864790430e-01 2.494618327864790430e-01
2.359142928425140562e-01 2.359142928425140562e-01 1.497912430632429848e-01 2.174958629752979100e-01 2.250732761488937195e-01 2.977402232662786918e-01 1.803222797025311186e-01 3.624730432594404084e-01 2.228755997893522856e-01 3.954257926102301424e-01 1.604019527305149129e-01 3.867204969192578057e-01 1.604019527305186599e-01 3.954257926102289211e-01 2.228755997893540342e-01 3.624730432594462370e-01 1.803222797025474944e-01 2.977402232662790249e-01 2.250732761489098732e-01 2.174958629753136197e-01 1.497912430632621639e-01 2.359142928425475849e-01 2.359142928425475849e-01
2.237119193067272638e-01 2.237119193067272638e-01 1.654042292110402823e-01 2.212903042945062737e-01 1.695438253249454408e-01 2.719169240781545427e-01 1.859387981693344238e-01 2.973883291616718494e-01 2.820101741279565921e-01 3.369405594136676840e-01 1.900580370485428494e-01 3.329275104284185605e-01 1.900580370485477066e-01 3.369405594136684612e-01 2.820101741279664176e-01 2.973883291616870594e-01 1.859387981693584324e-01 2.719169240781668662e-01 1.695438253249509364e-01 2.212903042945301157e-01 1.654042292110614043e-01 2.237119193067632350e-01 2.237119193067632350e-01
1.825049758304425895e-01 1.825049758304425895e-01 1.891256513225418323e-01 2.432382352508192513e-01 1.306786235540731977e-01 2.692753053379338679e-01 1.938195052159794596e-01 2.652029433883996701e-01 2.663581607057212142e-01 2.752926697770306519e-01 2.028111991538631420e-01 2.977138226773579643e-01 2.028111991538633918e-01 2.752926697770336495e-01 2.663581607057402545e-01 2.652029433884172671e-01 1.938195052160029686e-01 2.692753053379581263e-01 1.306786235540736141e-01 2.432382352508566103e-01 1.891256513225727798e-01 1.825049758304709280e-01 1.825049758304709280e-01
1.591996761689107587e-01 1.591996761689107587e-01 2.080194385187510708e-01 2.375677705424177888e-01 1.320313502908060654e-01 2.601389642736846031e-01 2.010088416326242522e-01 2.669181792426885691e-01 2.065767496161381722e-01 2.755848413018833765e-01 2.563180258128504030e-01 3.141137524801946856e-01 2.563180258128474054e-01 2.755848413018928134e-01 2.065767496161616534e-01 2.669181792427121058e-01 2.010088416326464567e-01 2.601389642737155783e-01 1.320313502908138370e-01 2.375677705424585895e-01 2.080194385187898731e-01 1.591996761689287998e-01 1.591996761689287998e-01
1.403179792878012644e-01 1.403179792878012644e-01 2.057089768311541056e-01 2.315250809836275625e-01 1.986942444094166871e-01 2.714602777548627555e-01 2.061920276662985441e-01 3.307131445850131635e-01 1.830523774842006124e-01 3.415108268883771947e-01 2.989809598772237842e-01 3.360129936216073032e-01 2.989809598772271149e-01 3.415108268883935150e-01 1.830523774842175710e-01 3.307131445850466922e-01 2.061920276663174456e-01 2.714602777548966728e-01 1.986942444094466909e-01 2.315250809836598977e-01 2.057089768311881617e-01 1.403179792878111176e-01 1.403179792878111176e-01
1.373381555653564734e-01 1.373381555653564734e-01 1.980923951982293540e-01 2.414511999686694554e-01 2.291148538936800261e-01 3.100604419419875635e-01 1.677846717951544386e-01 3.766517070325027805e-01 2.003242239594275886e-01 4.037675369332591746e-01 2.601097532583650507e-01 3.864871697822077068e-01 2.601097532583769856e-01 4.037675369332785480e-01 2.003242239594386354e-01 3.766517070325414718e-01 1.677846717951660960e-01 3.100604419420225910e-01 2.291148538937265722e-01 2.414511999686946853e-01 1.980923951982566100e-01 1.373381555653653552e-01 1.373381555653653552e-01
1.544346566896190875e-01 1.544346566896190875e-01 2.110099071400914905e-01 2.643089791300565206e-01 2.147793960535116786e-01 3.372456656931184793e-01 2.019063303884050253e-01 3.977226746829122805e-01 2.252046834986684565e-01 4.593448516250623337e-01 2.320293113491377901e-01 4.665034065917619266e-01 2.320293113491466719e-01 4.593448516250845937e-01 2.252046834986833335e-01 3.977226746829477522e-01 2.019063303884252591e-01 3.372456656931502317e-01 2.147793960535456792e-01 2.643089791300793356e-01 2.110099071401147497e-01 1.544346566896344919e-01 1.544346566896344919e-01
1.540496565758262271e-01 1.540496565758262271e-01 2.250744731830948975e-01 2.850317105563364706e-01 1.826298279502407695e-01 3.457899554201606662e-01 2.218078469603881331e-01 4.402503475057111815e-01 1.720875231497974167e-01 5.007863003683091785e-01 2.329436881362134948e-01 5.242816146008866252e-01 2.329436881362197120e-01 5.007863003683316050e-01 1.720875231498062985e-01 4.402503475057382709e-01 2.218078469604165825e-01 3.457899554201858683e-01 1.826298279502605038e-01 2.850317105563644482e-01 2.250744731831222367e-01 1.540496565758458225e-01 1.540496565758458225e-01
1.602736663515410553e-01 1.602736663515410553e-01 2.466418567016010199e-01 3.187591230774252105e-01 2.050209647042285643e-01 3.881726688097996703e-01 2.178910336200093334e-01 4.852036350617418003e-01 1.606677953047354057e-01 5.225509389530642590e-01 2.277073346183504376e-01 5.782134654053762146e-01 2.277073346183577096e-01 5.225509389530851312e-01 1.606677953047459528e-01 4.852036350617640048e-01 2.178910336200310660e-01 3.881726688098204314e-01 2.050209647042471883e-01 3.187591230774516338e-01 2.466418567016297470e-01 1.602736663515569315e-01 1.602736663515569315e-01
1.610691866222338509e-01 1.610691866222338509e-01 2.222776756301586831e-01 3.103454716038657746e-01 2.128694042926071450e-01 4.136265076307749089e-01 2.033491306884143701e-01 4.959263898613534005e-01 1.610130496564400049e-01 5.322900996112501781e-01 2.205686767967229844e-01 6.280636780997220781e-01 2.205686767967151851e-01 5.322900996112683858e-01 1.610130496564522729e-01 4.959263898613683330e-01 2.033491306884277761e-01 4.136265076307928945e-01 2.128694042926287389e-01 3.103454716038907546e-01 2.222776756301890755e-01 1.610691866222480062e-01 1.610691866222480062e-01
1.836923572552604800e-01 1.836923572552604800e-01 2.139158525568557456e-01 3.098097644104092496e-01 2.206682424537820542e-01 4.234497435684203004e-01 2.444520575695309783e-01 5.142013065936636984e-01 1.700957131173492787e-01 5.477620131104328216e-01 2.066933381348765864e-01 6.532704109664825287e-01 2.066933381348624588e-01 5.477620131104529166e-01 1.700957131173623516e-01 5.142013065936722471e-01 2.444520575695479647e-01 4.234497435684302369e-01 2.206682424538021492e-01 3.098097644104285675e-01 2.139158525568807812e-01 1.836923572552756900e-01 1.836923572552756900e-01
1.740328853008751842e-01 1.740328853008751842e-01 1.927929365830899633e-01 2.912401942551032796e-01 2.101851500986926247e-01 4.051720322651419237e-01 2.445812130274366003e-01 5.208019630993899751e-01 2.104947741407826034e-01 5.700116875943254113e-01 1.667630141304128621e-01 6.290664287705969304e-01 1.667630141304038971e-01 5.700116875943308514e-01 2.104947741407960926e-01 5.208019630993886429e-01 2.445812130274456209e-01 4.051720322651444772e-01 2.101851500987080568e-01 2.912401942551148259e-01 1.927929365831073105e-01 1.740328853008901444e-01 1.740328853008901444e-01
1.467286187748440551e-01 1.467286187748440551e-01 2.100888039036104271e-01 2.909942880068677740e-01 2.405303264521276296e-01 4.054176333583012770e-01 2.210475346522201290e-01 4.685389359114406349e-01 2.465860735635089507e-01 5.869869941916885381e-01 1.509785999293027925e-01 6.306686539927213175e-01 1.509785999293032643e-01 5.869869941916805445e-01 2.465860735635342083e-01 4.685389359114293661e-01 2.210475346522210172e-01 4.054176333583000003e-01 2.405303264521406470e-01 2.909942880068729365e-01 2.100888039036264976e-01 1.467286187748583215e-01 1.467286187748583215e-01
1.205223991687841001e-01 1.205223991687841001e-01 1.974472415640096956e-01 2.559761452620188948e-01 2.259248536823754150e-01 3.599775798517186876e-01 2.133454109482428862e-01 4.402240257544717816e-01 2.214937238244763240e-01 5.292963290691283795e-01 1.988984426304700459e-01 5.981102631369649147e-01 1.988984426304691855e-01 5.292963290691118372e-01 2.214937238244950590e-01 4.402240257544521862e-01 2.133454109482401384e-01 3.599775798517094727e-01 2.259248536823829090e-01 2.559761452620217814e-01 1.974472415640252665e-01 1.205223991687924823e-01 1.205223991687924823e-01
1.262541876231809967e-01 1.262541876231809967e-01 2.229663617740794412e-01 2.684397915473963891e-01 2.385300889771761468e-01 3.046236949072320122e-01 2.339807493210989964e-01 4.255849736429960783e-01 1.624003821277343329e-01 4.466697372308167657e-01 2.300353570751651200e-01 5.567360345807347288e-01 2.300353570751565435e-01 4.466697372308076064e-01 1.624003821277477944e-01 4.255849736429795915e-01 2.339807493211010503e-01 3.046236949072175793e-01 2.385300889771902744e-01 2.684397915473988872e-01 2.229663617740941794e-01 1.262541876231825233e-01 1.262541876231825233e-01
1.323747235854963455e-01 1.323747235854963455e-01 2.101003994698774913e-01 2.453891217836049743e-01 2.023321448741297601e-01 2.486550299471979586e-01 2.023728688352442462e-01 3.663425948204125926e-01 1.908716977231649514e-01 4.041985673933789491e-01 2.401391570287325916e-01 5.053199884645687145e-01 2.401391570287297328e-01 4.041985673933819467e-01 1.908716977231674772e-01 3.663425948203944960e-01 2.023728688352405269e-01 2.486550299471858849e-01 2.023321448741503548e-01 2.453891217836041139e-01 2.101003994698908417e-01 1.323747235854949300e-01 1.323747235854949300e-01
1.692765433999995350e-01 1.692765433999995350e-01 2.005401216885557836e-01 2.163286447309271110e-01 1.776353081492025865e-01 2.362098926179394265e-01 1.877858231729442884e-01 3.271197473765045660e-01 2.559038723544391214e-01 4.348382060620701872e-01 2.233154107394671739e-01 5.091464446617410822e-01 2.233154107394850763e-01 4.348382060620694101e-01 2.559038723544348470e-01 3.271197473764922425e-01 1.877858231729386818e-01 2.362098926179363734e-01 1.776353081492210439e-01 2.163286447309247795e-01 2.005401216885696614e-01 1.692765433999965929e-01 1.692765433999965929e-01
1.975798878206221909e-01 1.975798878206221909e-01 1.908783551307282611e-01 1.939174553158467540e-01 1.605297727436501010e-01 2.262526382669770020e-01 2.018876603704618244e-01 3.153323534633206138e-01 2.388231270449966692e-01 4.593435342449475045e-01 2.055637629175588732e-01 5.143520664039548107e-01 2.055637629175767200e-01 4.593435342449427861e-01 2.388231270449976962e-01 3.153323534633199476e-01 2.018876603704546913e-01 2.262526382669763636e-01 1.605297727436575950e-01 1.939174553158471981e-01 1.908783551307453308e-01 1.975798878206229681e-01 1.975798878206229681e-01
2.099285802947529200e-01 2.099285802947529200e-01 1.791868274223810675e-01 1.892041037981405105e-01 1.649950188397170669e-01 2.375271144291659642e-01 2.100193889057448138e-01 3.473180311097839312e-01 2.007635797243649822e-01 4.516723251125671634e-01 2.278334110207224372e-01 4.678290834815669874e-01 2.278334110207255181e-01 4.516723251125696614e-01 2.007635797243734754e-01 3.473180311097882056e-01 2.100193889057469787e-01 2.375271144291739023e-01 1.649950188397134865e-01 1.892041037981394003e-01 1.791868274223973323e-01 2.099285802947569723e-01 2.099285802947569723e-01
2.271508819271125523e-01 2.271508819271125523e-01 1.969060249315157107e-01 2.254476537305022954e-01 1.857368300843704190e-01 2.669364352378547078e-01 1.752549020249814238e-01 3.469577752092569689e-01 1.909874422296272134e-01 4.296275598571664966e-01 2.496600627368133207e-01 4.925623349500914405e-01 2.496600627368060765e-01 4.296275598571785981e-01 1.909874422296301555e-01 3.469577752092568024e-01 1.752549020249888623e-01 2.669364352378613692e-01 1.857368300843615372e-01 2.254476537304967720e-01 1.969060249315292277e-01 2.271508819271144120e-01 2.271508819271144120e-01
2.114949221129487633e-01 2.114949221129487633e-01 2.017335734006124592e-01 2.670488983577385955e-01 1.766192154495415667e-01 3.160772707879917487e-01 1.762172268267583886e-01 3.511030462463354818e-01 1.960258030752446701e-01 4.211858573895145286e-01 2.349807553227512558e-01 5.347282474136731967e-01 2.349807553227408474e-01 4.211858573895292945e-01 1.960258030752502767e-01 3.511030462463343160e-01 1.762172268267641340e-01 3.160772707879886401e-01 1.766192154495437594e-01 2.670488983577326558e-01 2.017335734006293624e-01 2.114949221129465706e-01 2.114949221129465706e-01
1.975372260515140255e-01 1.975372260515140255e-01 2.125350091355502624e-01 3.032620052761103580e-01 1.830703419063528792e-01 3.559596872298533832e-01 2.153535406815528519e-01 3.708902739836167362e-01 1.995432242777754328e-01 4.213906869767773955e-01 2.146385043300246820e-01 4.817389515088544849e-01 2.146385043300233220e-01 4.213906869767833352e-01 1.995432242777762100e-01 3.708902739836124618e-01 2.153535406815533793e-01 3.559596872298504411e-01 1.830703419063654802e-01 3.032620052760983675e-01 2.125350091355644178e-01 1.975372260515090850e-01 1.975372260515090850e-01
1.688731853812817096e-01 1.688731853812817096e-01 1.973242495879496960e-01 2.782376470126401991e-01 2.066039161453477602e-01 3.999166557001029298e-01 2.422181183834972718e-01 4.279726134906617907e-01 2.052155705849554035e-01 4.273179601837515107e-01 1.753835395845501632e-01 4.249382441271455368e-01 1.753835395845600720e-01 4.273179601837457375e-01 2.052155705849511846e-01 4.279726134906606250e-01 2.422181183835031282e-01 3.999166557001086475e-01 2.066039161453715745e-01 2.782376470126259882e-01 1.973242495879608260e-01 1.688731853812807937e-01 1.688731853812807937e-01
1.453741279424135835e-01 1.453741279424135835e-01 1.847859493523069108e-01 2.539531376487929593e-01 2.362103768304602835e-01 4.096377741833372443e-01 2.697267471864773780e-01 4.424972173091908934e-01 2.178218550470774895e-01 4.017721702877419809e-01 1.512464707948293630e-01 4.167233321967325765e-01 1.512464707948263654e-01 4.017721702877389278e-01 2.178218550470783499e-01 4.424972173091861749e-01 2.697267471864832622e-01 4.096377741833470143e-01 2.362103768304872897e-01 2.539531376487828562e-01 1.847859493523121288e-01 1.453741279424155264e-01 1.453741279424155264e-01
1.415721427205795524e-01 1.415721427205795524e-01 1.737065536192032300e-01 2.368779850401513953e-01 2.130213502828385563e-01 3.872014171344179689e-01 2.844709218243384186e-01 4.319085025547239609e-01 2.350609905976586700e-01 4.076253895329793875e-01 1.444995023417643687e-01 4.517169118711910625e-01 1.444995023417525726e-01 4.076253895329814969e-01 2.350609905976569214e-01 4.319085025547212964e-01 2.844709218243559601e-01 3.872014171344355105e-01 2.130213502828689487e-01 2.368779850401491194e-01 1.737065536192110571e-01 1.415721427205851590e-01 1.415721427205851590e-01
1.569350523027130961e-01 1.569350523027130961e-01 1.639634458581251675e-01 2.393927424486220479e-01 2.013594076799868349e-01 3.920094116615994717e-01 2.639049159403859535e-01 4.204961523930298428e-01 2.781419485804610403e-01 4.220566891038942670e-01 1.439154047762666866e-01 4.553600302623028173e-01 1.439154047762648825e-01 4.220566891039009838e-01 2.781419485804492719e-01 4.204961523930256240e-01 2.639049159404144862e-01 3.920094116616237301e-01 2.013594076800088728e-01 2.393927424486199107e-01 1.639634458581339660e-01 1.569350523027232824e-01 1.569350523027232824e-01
1.638630681396399114e-01 1.638630681396399114e-01 1.612211294473196443e-01 2.571315704235117017e-01 2.026744666385261184e-01 3.876754640414223907e-01 2.113881839606923663e-01 4.447330191370548746e-01 2.933993825133064393e-01 4.439511532178874731e-01 1.890513932039706302e-01 4.833393622148421942e-01 1.890513932039756262e-01 4.439511532178969100e-01 2.933993825133020539e-01 4.447330191370559849e-01 2.113881839607193447e-01 3.876754640414467046e-01 2.026744666385468241e-01 2.571315704235184185e-01 1.612211294473300249e-01 1.638630681396516242e-01 1.638630681396516242e-01
1.502664464405853439e-01 1.502664464405853439e-01 1.662142103959896311e-01 2.739504778997688961e-01 1.787781675357649480e-01 3.644752238175997250e-01 1.905880032864820939e-01 4.786905429889004027e-01 2.233678832923920166e-01 4.406022157637417558e-01 2.849059658686828311e-01 5.321745510234475729e-01 2.849059658686859953e-01 4.406022157637503045e-01 2.233678832923962909e-01 4.786905429889087293e-01 1.905880032864996632e-01 3.644752238176121040e-01 1.787781675357832389e-01 2.739504778997838841e-01 1.662142103959992345e-01 1.502664464405940592e-01 1.502664464405940592e-01
1.434976039228103017e-01 1.434976039228103017e-01 1.738897533685437313e-01 2.728452380849901715e-01 1.631768026720311349e-01 3.585438066936423862e-01 2.138870202432544554e-01 4.567583184402837504e-01 1.545309116197401689e-01 4.807934307875209035e-01 3.529456645637485956e-01 5.912706351585926834e-01 3.529456645637480960e-01 4.807934307875311175e-01 1.545309116197443877e-01 4.567583184402995156e-01 2.138870202432762990e-01 3.585438066936567081e-01 1.631768026720495368e-01 2.728452380850064363e-01 1.738897533685558883e-01 1.434976039228159084e-01 1.434976039228159084e-01
1.393762501068044335e-01 1.393762501068044335e-01 1.608424909905218081e-01 2.485983481036242448e-01 1.585763348352210722e-01 3.456175245738706270e-01 2.046475151187578667e-01 4.163926980427232749e-01 2.126173430701586708e-01 5.211129461914543182e-01 3.528360324145026206e-01 5.819898215326334556e-01 3.528360324144979576e-01 5.211129461914649763e-01 2.126173430701563116e-01 4.163926980427400393e-01 2.046475151187825969e-01 3.456175245738898893e-01 1.585763348352424995e-01 2.485983481036322384e-01 1.608424909905281919e-01 1.393762501068035453e-01 1.393762501068035453e-01
1.212911119644733554e-01 1.212911119644733554e-01 1.400048603135553016e-01 2.215938080827856149e-01 1.770178355433607853e-01 3.395463991582767793e-01 1.490370963875918553e-01 3.887470941321448659e-01 3.072973166550095891e-01 5.389329442111810975e-01 2.828108080387883860e-01 5.844030855018705894e-01 2.828108080387899403e-01 5.389329442111904234e-01 3.072973166550079793e-01 3.887470941321632401e-01 1.490370963876088695e-01 3.395463991582989838e-01 1.770178355433900119e-01 2.215938080827870305e-01 1.400048603135546910e-01 1.212911119644719954e-01 1.212911119644719954e-01
9.898366382788187368e-02 9.898366382788187368e-02 1.258534041672909887e-01 1.860898252672165409e-01 2.086281050441946838e-01 3.331423457366599061e-01 1.262981133093871444e-01 3.790318896140369986e-01 3.526229526920662272e-01 5.667586961605092233e-01 2.594664637919723016e-01 5.020340697676366482e-01 2.594664637919859018e-01 5.667586961605193263e-01 3.526229526920734991e-01 3.790318896140525418e-01 1.262981133093869501e-01 3.331423457366744501e-01 2.086281050442136131e-01 1.860898252672147923e-01 1.258534041672899062e-01 9.898366382788177653e-02 9.898366382788177653e-02
9.696993212470267354e-02 9.696993212470267354e-02 1.379982374602796436e-01 1.779678911058183155e-01 2.246270255015072048e-01 3.093231450730609677e-01 1.658178340765572023e-01 3.871250878630508319e-01 3.437041298506662290e-01 5.823620105617626219e-01 2.522671935187486558e-01 4.266955996675698692e-01 2.522671935187608128e-01 5.823620105617729470e-01 3.437041298506849918e-01 3.871250878630591585e-01 1.658178340765478487e-01 3.093231450730594134e-01 2.246270255015034023e-01 1.779678911058275581e-01 1.379982374602901907e-01 9.696993212469841306e-02 9.696993212469841306e-02
1.018203303154052303e-01 1.018203303154052303e-01 1.389156115476638254e-01 1.955007512163816907e-01 2.076221226322667313e-01 2.968185126036720911e-01 2.150615189083334711e-01 4.096303122151935816e-01 2.912425014957493175e-01 5.302911604338904628e-01 2.436506162047600010e-01 4.282201711852601789e-01 2.436506162047542834e-01 5.302911604338951257e-01 2.912425014957710778e-01 4.096303122151904175e-01 2.150615189083234513e-01 2.968185126036589905e-01 2.076221226322514657e-01 1.955007512163936256e-01 1.389156115476768705e-01 1.018203303154026490e-01 1.018203303154026490e-01
1.324718063355030950e-01 1.324718063355030950e-01 1.539525148618631767e-01 2.405229884546510044e-01 1.751583854490740000e-01 3.145050685163280901e-01 2.279176423281347730e-01 4.262038054807081866e-01 2.280693383622977577e-01 4.592343892057855759e-01 2.758728723462671728e-01 4.841839947597533222e-01 2.758728723462499643e-01 4.592343892057832999e-01 2.280693383623182968e-01 4.262038054807022469e-01 2.279176423281320529e-01 3.145050685163146564e-01 1.751583854490638137e-01 2.405229884546501162e-01 1.539525148618633432e-01 1.324718063355120601e-01 1.324718063355120601e-01
1.684914310110090241e-01 1.684914310110090241e-01 1.839395689389841659e-01 2.963227769843254644e-01 1.795242190776871472e-01 3.616710380983675921e-01 2.066311956981602416e-01 4.053288633625869997e-01 1.764028173544617273e-01 3.856286266275877339e-01 2.799075732313150988e-01 4.847191656046532238e-01 2.799075732313062725e-01 3.856286266275816832e-01 1.764028173544684996e-01 4.053288633625801718e-01 2.066311956981594367e-01 3.616710380983556017e-01 1.795242190776820401e-01 2.963227769843161941e-01 1.839395689389718425e-01 1.684914310110231517e-01 1.684914310110231517e-01
1.788239668485566147e-01 1.788239668485566147e-01 1.973166436739115237e-01 3.241985500153700128e-01 1.956386178716992275e-01 3.777739980118928198e-01 1.440147869638831735e-01 3.829411943072457691e-01 2.106553662482027467e-01 3.896626855276550949e-01 2.661658950924774558e-01 5.299055631763518459e-01 2.661658950924843392e-01 3.896626855276506540e-01 2.106553662481940037e-01 3.829411943072397184e-01 1.440147869638909173e-01 3.777739980118861030e-01 1.956386178717025581e-01 3.241985500153631850e-01 1.973166436738988949e-01 1.788239668485665512e-01 1.788239668485665512e-01
1.827883929338863511e-01 1.827883929338863511e-01 2.268113784938302069e-01 3.370165875954009849e-01 2.087542527499803846e-01 3.705645419026739051e-01 1.229651101964826521e-01 3.913407950829219661e-01 2.679535594762970097e-01 4.329279529569843299e-01 2.095594338496905018e-01 5.354857942324564579e-01 2.095594338496988840e-01 4.329279529569801110e-01 2.679535594762788020e-01 3.913407950829179138e-01 1.229651101964961274e-01 3.705645419026727949e-01 2.087542527499857969e-01 3.370165875954034274e-01 2.268113784938268762e-01 1.827883929338939006e-01 1.827883929338939006e-01
1.731826942704738637e-01 1.731826942704738637e-01 2.104518006881649916e-01 3.027517856527842666e-01 1.984605009333939019e-01 3.629370661516793106e-01 2.137003377487879385e-01 4.283566501934190640e-01 2.260632699666522138e-01 4.728053374782312246e-01 1.738600081328887104e-01 4.855045341295668448e-01 1.738600081328878777e-01 4.728053374782251739e-01 2.260632699666479950e-01 4.283566501934251147e-01 2.137003377488030931e-01 3.629370661516801988e-01 1.984605009333998971e-01 3.027517856527983109e-01 2.104518006881652692e-01 1.731826942704760841e-01 1.731826942704760841e-01
1.826175311381167121e-01 1.826175311381167121e-01 1.816675519353804780e-01 2.643694252040417747e-01 1.915904232795755668e-01 3.511555846481705934e-01 3.065228335347295885e-01 4.580683888886453725e-01 1.748106751573711426e-01 4.699615741602526930e-01 1.897421764039718406e-01 4.782971839117706181e-01 1.897421764039658176e-01 4.699615741602381491e-01 1.748106751573814954e-01 4.580683888886510347e-01 3.065228335347435773e-01 3.511555846481859144e-01 1.915904232795926088e-01 2.643694252040635906e-01 1.816675519353715129e-01 1.826175311381188771e-01 1.826175311381188771e-01
1.694999625879365923e-01 1.694999625879365923e-01 1.801734431653678192e-01 2.601266519107074959e-01 1.851180701721543975e-01 3.511844731966237698e-01 3.087326660268616685e-01 4.607871867879168581e-01 2.060447066654027548e-01 4.407513446504464638e-01 1.695377933588395336e-01 5.003623594335498970e-01 1.695377933588513297e-01 4.407513446504341403e-01 2.060447066654192139e-01 4.607871867879160255e-01 3.087326660268857048e-01 3.511844731966584643e-01 1.851180701721750754e-01 2.601266519107207076e-01 1.801734431653433111e-01 1.694999625879434202e-01 1.694999625879434202e-01
1.387016132743936758e-01 1.387016132743936758e-01 2.109814061231241045e-01 2.820135816925684047e-01 1.665071119567500812e-01 3.513135180809536795e-01 2.662060369400796045e-01 3.996483511796425359e-01 2.487487283450369180e-01 4.386901494717455052e-01 1.434379146501473246e-01 5.013025492330565047e-01 1.434379146501661151e-01 4.386901494717334593e-01 2.487487283450508513e-01 3.996483511796521948e-01 2.662060369401276216e-01 3.513135180809919822e-01 1.665071119567677060e-01 2.820135816925743444e-01 2.109814061231010673e-01 1.387016132743923713e-01 1.387016132743923713e-01
1.386948155366886648e-01 1.386948155366886648e-01 2.162082135190470933e-01 2.780921392949377013e-01 1.487673523498136419e-01 3.203530866899008678e-01 2.465231536585587024e-01 3.934324741528874569e-01 2.628813211988300091e-01 4.425858815014876435e-01 1.839153418742268120e-01 5.067744764382450251e-01 1.839153418742214274e-01 4.425858815014860892e-01 2.628813211988558773e-01 3.934324741529164893e-01 2.465231536586161287e-01 3.203530866899251817e-01 1.487673523498280748e-01 2.780921392949356474e-01 2.162082135190315502e-01 1.386948155366746205e-01 1.386948155366746205e-01
1.474982406165602500e-01 1.474982406165602500e-01 2.053924657435043932e-01 2.673472242963299550e-01 1.749553912628799279e-01 3.169057782303664195e-01 2.446935736113894644e-01 4.137069159184462719e-01 2.241665668819907420e-01 4.106188169619249817e-01 2.198897173950358497e-01 4.997843452494273864e-01 2.198897173950114803e-01 4.106188169619460204e-01 2.241665668820267132e-01 4.137069159184776912e-01 2.446935736114389526e-01 3.169057782303826287e-01 1.749553912628983854e-01 2.673472242963197409e-01 2.053924657434928747e-01 1.474982406165447901e-01 1.474982406165447901e-01
1.586812062238280030e-01 1.586812062238280030e-01 1.913899785182886781e-01 2.559656580369721879e-01 1.712149929589283914e-01 3.091717314408723993e-01 2.053528878730868368e-01 3.823803301561500834e-01 2.169540882145770400e-01 4.121253150569453294e-01 2.579763331868568099e-01 4.435293116724918216e-01 2.579763331868527576e-01 4.121253150569831325e-01 2.169540882146124283e-01 3.823803301561762291e-01 2.053528878731182006e-01 3.091717314408760631e-01 1.712149929589389941e-01 2.559656580369642498e-01 1.913899785182780200e-01 1.586812062238172893e-01 1.586812062238172893e-01
1.857203510081744668e-01 1.857203510081744668e-01 1.975884940593936601e-01 2.566990034388969555e-01 1.491746275178262859e-01 2.979503856346629731e-01 1.712438563490358001e-01 3.591812598523135835e-01 2.388441533992270716e-01 4.290512361711238398e-01 2.391752651891255188e-01 4.554263264482186768e-01 2.391752651891457804e-01 4.290512361711500411e-01 2.388441533992546051e-01 3.591812598523322353e-01 1.712438563490404075e-01 2.979503856346630841e-01 1.491746275178311987e-01 2.566990034389032838e-01 1.975884940593892192e-01 1.857203510081738007e-01 1.857203510081738007e-01
1.842336674604993230e-01 1.842336674604993230e-01 2.178201730106274214e-01 2.791311037686277641e-01 1.498823383736572756e-01 2.932889244317242183e-01 1.550020999998344140e-01 3.444538437751568649e-01 2.443153764881137446e-01 4.507368338529562646e-01 2.459644507852276896e-01 5.772485696987236237e-01 2.459644507852526973e-01 4.507368338529622043e-01 2.443153764881210166e-01 3.444538437751714088e-01 1.550020999998265037e-01 2.932889244317328226e-01 1.498823383736566095e-01 2.791311037686384777e-01 2.178201730106248957e-01 1.842336674605059565e-01 1.842336674605059565e-01
1.708175960104121593e-01 1.708175960104121593e-01 2.453445144097462227e-01 3.039409677101005958e-01 1.768759178596119308e-01 3.084749994233330628e-01 1.400357291603251120e-01 3.422934438450821459e-01 2.056045896389029071e-01 4.527214672018309849e-01 2.586705390712794594e-01 5.722846523195447288e-01 2.586705390712945030e-01 4.527214672018200492e-01 2.056045896388797867e-01 3.422934438450981887e-01 1.400357291603298582e-01 3.084749994233436654e-01 1.768759178596072401e-01 3.039409677101155838e-01 2.453445144097492758e-01 1.708175960104232893e-01 1.708175960104232893e-01
1.679751261105322524e-01 1.679751261105322524e-01 2.593670169172894724e-01 3.088812081432350531e-01 2.116230031595065508e-01 3.393974044258235567e-01 1.353842443434671583e-01 3.750738608187201284e-01 1.617137157489297317e-01 4.527898223511929165e-01 2.862682067967562971e-01 5.390642677039461095e-01 2.862682067967473598e-01 4.527898223511690468e-01 1.617137157489016153e-01 3.750738608187326184e-01 1.353842443434708775e-01 3.393974044258230016e-01 2.116230031595002226e-01 3.088812081432549261e-01 2.593670169172960227e-01 1.679751261105386084e-01 1.679751261105386084e-01
1.731557366034542911e-01 1.731557366034542911e-01 2.549181970506528838e-01 3.204514744759593414e-01 2.372701944853861933e-01 3.748486125071203157e-01 1.560707074620895363e-01 4.006531284940136883e-01 1.321035205998174200e-01 4.425408201055429647e-01 2.459713291013988778e-01 5.416405552404830459e-01 2.459713291013810865e-01 4.425408201055271995e-01 1.321035205998173645e-01 4.006531284940063609e-01 1.560707074620765467e-01 3.748486125071118780e-01 2.372701944853762290e-01 3.204514744759796585e-01 2.549181970506667061e-01 1.731557366034591483e-01 1.731557366034591483e-01
1.958668378241918417e-01 1.958668378241918417e-01 2.388553859262654566e-01 3.332210472779756349e-01 2.277635211477123944e-01 3.850573862013813575e-01 1.874051208380180245e-01 4.173734281213662967e-01 1.606259098080732306e-01 4.595153265689536082e-01 1.964008070337297795e-01 5.438423333241829694e-01 1.964008070337291967e-01 4.595153265689436162e-01 1.606259098080867198e-01 4.173734281213438702e-01 1.874051208380007882e-01 3.850573862013785820e-01 2.277635211476901900e-01 3.332210472779899013e-01 2.388553859262800283e-01 1.958668378242103825e-01 1.958668378242103825e-01
2.005368058354728145e-01 2.005368058354728145e-01 2.189909922992383795e-01 3.306661512706599027e-01 2.309845757329493376e-01 3.895746635103712885e-01 2.142077981303163736e-01 4.403089268607476292e-01 1.904915846959504278e-01 4.562318023368909237e-01 1.462386499383879768e-01 4.903215914479148174e-01 1.462386499384044913e-01 4.562318023368819864e-01 1.904915846959681081e-01 4.403089268607379703e-01 2.142077981303138201e-01 3.895746635103755073e-01 2.309845757329138660e-01 3.306661512706640660e-01 2.189909922992361868e-01 2.005368058355020133e-01 2.005368058355020133e-01
1.644600426952539940e-01 1.644600426952539940e-01 2.037616311696530402e-01 3.010048788657502805e-01 2.822910356685037203e-01 3.917752753347044092e-01 2.066321483269918380e-01 4.595492264761555368e-01 2.151335763901565667e-01 4.364735934830386577e-01 1.338494790410137414e-01 4.724462620418478642e-01 1.338494790410259538e-01 4.364735934830329400e-01 2.151335763901708609e-01 4.595492264761586454e-01 2.066321483269911163e-01 3.917752753347131245e-01 2.822910356684789623e-01 3.010048788657542773e-01 2.037616311696470728e-01 1.644600426952845529e-01 1.644600426952845529e-01
1.275671009949464751e-01 1.275671009949464751e-01 2.142844006530076340e-01 2.905951403931352206e-01 3.294681333755200003e-01 4.116616800130543097e-01 1.856760953586915064e-01 4.322928940996277891e-01 1.994335493218463151e-01 3.934556448163412101e-01 1.516186262077390823e-01 4.584500648678034307e-01 1.516186262077459379e-01 3.934556448163483156e-01 1.994335493218583055e-01 4.322928940996400571e-01 1.856760953586870377e-01 4.116616800130735165e-01 3.294681333755178354e-01 2.905951403931310573e-01 2.142844006530089940e-01 1.275671009949634338e-01 1.275671009949634338e-01
1.118362598436697247e-01 1.118362598436697247e-01 2.037744542642925261e-01 2.713740247555337937e-01 2.870014711070204561e-01 3.872119438999012120e-01 2.228181163977918378e-01 3.953651466251069113e-01 1.688004721409503972e-01 3.947134840395241651e-01 1.910167808146877311e-01 4.651454153318529960e-01 1.910167808146970569e-01 3.947134840395351563e-01 1.688004721409456510e-01 3.953651466251218993e-01 2.228181163977895618e-01 3.872119438999264140e-01 2.870014711070362767e-01 2.713740247555321283e-01 2.037744542643048495e-01 1.118362598436697108e-01 1.118362598436697108e-01
1.494711509875359945e-01 1.494711509875359945e-01 2.022546143631563376e-01 2.828377287822627095e-01 2.098489547178383485e-01 3.173266396070813511e-01 2.278813033839628410e-01 3.622696856750216021e-01 1.952914713138059477e-01 4.209408929575473302e-01 2.214826433712303033e-01 4.568516445255532132e-01 2.214826433712409615e-01 4.209408929575561009e-01 1.952914713137912095e-01 3.622696856750400318e-01 2.278813033839766911e-01 3.173266396071092177e-01 2.098489547178636894e-01 2.828377287822722019e-01 2.022546143631726301e-01 1.494711509875237820e-01 1.494711509875237820e-01
1.746219461344054036e-01 1.746219461344054036e-01 1.753307185864614592e-01 2.642234168134630634e-01 1.856009123318166643e-01 2.760473664213513589e-01 1.928557472823581587e-01 3.282298787208317581e-01 2.832651980142490422e-01 4.838535800474551007e-01 1.799098824144242659e-01 4.591400510640289978e-01 1.799098824144269304e-01 4.838535800474535464e-01 2.832651980142402715e-01 3.282298787208432489e-01 1.928557472823756447e-01 2.760473664213728973e-01 1.856009123318375920e-01 2.642234168134790506e-01 1.753307185864770024e-01 1.746219461343974100e-01 1.746219461343974100e-01
1.891490824875579069e-01 1.891490824875579069e-01 1.649278052889953661e-01 2.206882387812590385e-01 2.026660751532551319e-01 2.870092072895296109e-01 1.372700340464059199e-01 2.888745769344704950e-01 3.411676278094420978e-01 5.259610034929451672e-01 1.634571373409649531e-01 4.524989155629892124e-01 1.634571373409548223e-01 5.259610034929377287e-01 3.411676278094473713e-01 2.888745769344679415e-01 1.372700340464131918e-01 2.870092072895398805e-01 2.026660751532725346e-01 2.206882387812728885e-01 1.649278052890084945e-01 1.891490824875571020e-01 1.891490824875571020e-01
1.809658219796465572e-01 1.809658219796465572e-01 1.891286376022957572e-01 1.929885791153231611e-01 2.098862910152736461e-01 3.002664405244347412e-01 1.419365392723127284e-01 3.246789309738331020e-01 3.071304763044259145e-01 5.250716103497820031e-01 1.632871702873275599e-01 5.255755147760104995e-01 1.632871702873163189e-01 5.250716103497687914e-01 3.071304763044391817e-01 3.246789309738177809e-01 1.419365392723098418e-01 3.002664405244357959e-01 2.098862910152866634e-01 1.929885791153218844e-01 1.891286376023020022e-01 1.809658219796477785e-01 1.809658219796477785e-01
1.666111254323023594e-01 1.666111254323023594e-01 2.234209330288933482e-01 2.084952948987170707e-01 2.075596807043389447e-01 3.007612631325371488e-01 1.959737980166717519e-01 3.874552678004627437e-01 2.181123628030404715e-01 4.710402314773357024e-01 2.096265614333962246e-01 5.489545919084957148e-01 2.096265614334054672e-01 4.710402314773298738e-01 2.181123628030476325e-01 3.874552678004447581e-01 1.959737980166700866e-01 3.007612631325328745e-01 2.075596807043472991e-01 2.084952948987038590e-01 2.234209330289036732e-01 1.666111254323134339e-01 1.666111254323134339e-01
1.741977109551958447e-01 1.741977109551958447e-01 2.536867318485647727e-01 2.397878562851023243e-01 2.066388669331805650e-01 3.149675149036491595e-01 1.919190671430945350e-01 4.074665000325142783e-01 1.628618370085204714e-01 4.641931979552575971e-01 2.240966977085836198e-01 4.852606424043067745e-01 2.240966977086051581e-01 4.641931979552648135e-01 1.628618370085207490e-01 4.074665000325015107e-01 1.919190671430947570e-01 3.149675149036273991e-01 2.066388669331828964e-01 2.397878562850840889e-01 2.536867318485717115e-01 1.741977109552071135e-01 1.741977109552071135e-01
1.607052069462794608e-01 1.607052069462794608e-01 2.661196870039027051e-01 2.811737759789941227e-01 2.127587076667121213e-01 3.542401011986277548e-01 1.774199341679743858e-01 3.804630861407343745e-01 1.772190139633696426e-01 4.566100505776163332e-01 2.096169584044374201e-01 3.957002976002888528e-01 2.096169584044449696e-01 4.566100505776299889e-01 1.772190139633842976e-01 3.804630861407291564e-01 1.774199341679676134e-01 3.542401011986022197e-01 2.127587076667220300e-01 2.811737759789866842e-01 2.661196870039120310e-01 1.607052069462855115e-01 1.607052069462855115e-01
1.635284975535374052e-01 1.635284975535374052e-01 2.630886535278132432e-01 3.014404830338940910e-01 1.967756529604607896e-01 3.809770367588407036e-01 1.909166662681756055e-01 3.993764357507503804e-01 1.849809819420931145e-01 4.604490912171865236e-01 1.925504706221138340e-01 4.156104615416751913e-01 1.925504706221131124e-01 4.604490912171894101e-01 1.849809819421086299e-01 3.993764357507412766e-01 1.909166662681566207e-01 3.809770367588259377e-01 1.967756529604762772e-01 3.014404830338998642e-01 2.630886535278381677e-01 1.635284975535361840e-01 1.635284975535361840e-01
1.911770006523502152e-01 1.911770006523502152e-01 2.339049432551884300e-01 2.851743610280044749e-01 1.781358064335255287e-01 3.666600350255433960e-01 2.058821427050908648e-01 4.502229159773203926e-01 2.205995167651728928e-01 4.824053535000155102e-01 1.864518447822373082e-01 4.811741782266229506e-01 1.864518447822448577e-01 4.824053535000151771e-01 2.205995167651711442e-01 4.502229159773168399e-01 2.058821427050777919e-01 3.666600350255467267e-01 1.781358064335516189e-01 2.851743610280212393e-01 2.339049432552211816e-01 1.911770006523435539e-01 1.911770006523435539e-01
1.931158425268101053e-01 1.931158425268101053e-01 1.979214705319212453e-01 2.872987795144014700e-01 1.967097941091011659e-01 3.589593352003054849e-01 1.934314861189770640e-01 4.460118700789127422e-01 2.442350597042674265e-01 5.159435213420013877e-01 1.927039864242447442e-01 5.188681827947927427e-01 1.927039864242428013e-01 5.159435213419980570e-01 2.442350597042465543e-01 4.460118700789135748e-01 1.934314861189614654e-01 3.589593352003113136e-01 1.967097941091334734e-01 2.872987795144233414e-01 1.979214705319521650e-01 1.931158425268114931e-01 1.931158425268114931e-01
1.838611055308303488e-01 1.838611055308303488e-01 1.741737275862083878e-01 2.809942755846745466e-01 1.905415903263354693e-01 3.581138310654567447e-01 1.750815870282995956e-01 4.273033083028917600e-01 2.371788749620319936e-01 5.297112352882520359e-01 2.214040163080962520e-01 5.120000548752847713e-01 2.214040163080887580e-01 5.297112352882522579e-01 2.371788749620081516e-01 4.273033083028927592e-01 1.750815870282901310e-01 3.581138310654639056e-01 1.905415903263572852e-01 2.809942755846965290e-01 1.741737275862410284e-01 1.838611055308445874e-01 1.838611055308445874e-01
1.825081715199509125e-01 1.825081715199509125e-01 1.806723026504378216e-01 2.716983043383171537e-01 1.747594215262654738e-01 3.592704354427913582e-01 1.620112625939512940e-01 3.936399831076684563e-01 2.305984340651312803e-01 4.819724636943135687e-01 2.691698456353764923e-01 4.900693668471567954e-01 2.691698456353827096e-01 4.819724636943107932e-01 2.305984340651041353e-01 3.936399831076620726e-01 1.620112625939433559e-01 3.592704354427951885e-01 1.747594215262661399e-01 2.716983043383401353e-01 1.806723026504811203e-01 1.825081715199768362e-01 1.825081715199768362e-01
1.688539536774765204e-01 1.688539536774765204e-01 1.831861236596323550e-01 2.764623413418723641e-01 1.797270663995747253e-01 3.531153207153651108e-01 1.902462524782430608e-01 3.572617175457696304e-01 2.300103273178542296e-01 4.460509954646945108e-01 2.722012554414792729e-01 4.336953214537594414e-01 2.722012554414879881e-01 4.460509954646867392e-01 2.300103273178430996e-01 3.572617175457651895e-01 1.902462524782312647e-01 3.531153207153631124e-01 1.797270663995729489e-01 2.764623413418964559e-01 1.831861236596744880e-01 1.688539536775057748e-01 1.688539536775057748e-01
1.622495601027999779e-01 1.622495601027999779e-01 1.788106847543758648e-01 2.707096712648182635e-01 1.726115352299640027e-01 3.194645424831819014e-01 2.232416896710146259e-01 3.348928453894254309e-01 1.884543970034112392e-01 4.122595407183003990e-01 2.576991195050790107e-01 4.235117681345453855e-01 2.576991195050654659e-01 4.122595407182908511e-01 1.884543970034119331e-01 3.348928453894255419e-01 2.232416896710031351e-01 3.194645424831747960e-01 1.726115352299699979e-01 2.707096712648360270e-01 1.788106847544084221e-01 1.622495601028294543e-01 1.622495601028294543e-01
1.384477542712398423e-01 1.384477542712398423e-01 1.721332743243285945e-01 2.492992160869025031e-01 2.069191839456818172e-01 3.322731205268901200e-01 2.362825502752600726e-01 3.428733226503470344e-01 1.647402033994178061e-01 4.062347748975965178e-01 2.609437872418423621e-01 4.825021987809954838e-01 2.609437872418137738e-01 4.062347748975885242e-01 1.647402033994176396e-01 3.428733226503596909e-01 2.362825502752711748e-01 3.322731205268889543e-01 2.069191839457016346e-01 2.492992160869217655e-01 1.721332743243619567e-01 1.384477542712586606e-01 1.384477542712586606e-01
1.095513747188392034e-01 1.095513747188392034e-01 1.840090865664004982e-01 2.442764881000168142e-01 2.538967764713688791e-01 3.672233989355577766e-01 2.140200452214170157e-01 3.917199997227048258e-01 2.032008857146460901e-01 4.398204991354903726e-01 2.529036090713868701e-01 4.646733194758990160e-01 2.529036090713616680e-01 4.398204991354748294e-01 2.032008857146312131e-01 3.917199997227208130e-01 2.140200452214303384e-01 3.672233989355578321e-01 2.538967764714012421e-01 2.442764881000421273e-01 1.840090865664368858e-01 1.095513747188422149e-01 1.095513747188422149e-01
1.215935842467271294e-01 1.215935842467271294e-01 2.042241197460634705e-01 2.694909205614277048e-01 2.487152993850024751e-01 3.417400897276101079e-01 1.833552583676643644e-01 4.344569564103471504e-01 2.339526161972974028e-01 4.761386080347843608e-01 2.114042768615602697e-01 4.750800610291661119e-01 2.114042768615581325e-01 4.761386080347753125e-01 2.339526161972778906e-01 4.344569564103559212e-01 1.833552583676775205e-01 3.417400897276236527e-01 2.487152993850554605e-01 2.694909205614610115e-01 2.042241197460970825e-01 1.215935842467302103e-01 1.215935842467302103e-01
1.413482130526999558e-01 1.413482130526999558e-01 1.738697229699883162e-01 2.727458189186892090e-01 1.987444806023094535e-01 3.333665831588534245e-01 2.061208340400464412e-01 4.510333750733592217e-01 2.652944660121349663e-01 4.775953054426336220e-01 2.123324610867280693e-01 5.309097323687430592e-01 2.123324610867368401e-01 4.775953054426359534e-01 2.652944660121156484e-01 4.510333750733491187e-01 2.061208340400527694e-01 3.333665831588780160e-01 1.987444806023608568e-01 2.727458189187178528e-01 1.738697229700039426e-01 1.413482130527103919e-01 1.413482130527103919e-01
1.661005428330498412e-01 1.661005428330498412e-01 1.792764904546396421e-01 2.983287119854753366e-01 1.976396116505535483e-01 3.405140641144183133e-01 1.865117940440043920e-01 4.434258209443342480e-01 2.325088673362601666e-01 4.442214287899911018e-01 2.335432945026816864e-01 5.654119049424910504e-01 2.335432945026713059e-01 4.442214287900016489e-01 2.325088673362689928e-01 4.434258209443165955e-01 1.865117940439981470e-01 3.405140641144422942e-01 1.976396116506013989e-01 2.983287119855124736e-01 1.792764904546573779e-01 1.661005428330626643e-01 1.661005428330626643e-01
1.631485421391164481e-01 1.631485421391164481e-01 1.725316818229933047e-01 2.890190444314886808e-01 2.017513601336628215e-01 3.690394814131073287e-01 1.675931285207286903e-01 4.536218896362136932e-01 2.103167986849269200e-01 4.063585245970066651e-01 2.982620521289502946e-01 5.778433864649172857e-01 2.982620521289433557e-01 4.063585245970086635e-01 2.103167986849441562e-01 4.536218896362104736e-01 1.675931285207115928e-01 3.690394814131189860e-01 2.017513601336863860e-01 2.890190444315131058e-01 1.725316818230110960e-01 1.631485421391162816e-01 1.631485421391162816e-01
1.656229377157984184e-01 1.656229377157984184e-01 1.684551325538019284e-01 2.705077317700967932e-01 1.810334527075402322e-01 3.786843401866514802e-01 1.754481399219051663e-01 4.437736715059392156e-01 1.972573853763346929e-01 4.271692698475762495e-01 3.140205545184712177e-01 5.580704193481688113e-01 3.140205545185010272e-01 4.271692698475758054e-01 1.972573853763252560e-01 4.437736715059492076e-01 1.754481399219026683e-01 3.786843401866531456e-01 1.810334527075568023e-01 2.705077317701058415e-01 1.684551325538214406e-01 1.656229377158022209e-01 1.656229377158022209e-01
1.627762405327529138e-01 1.627762405327529138e-01 1.662499688612782134e-01 2.624043929835688238e-01 1.749594899455279573e-01 3.679357290451458762e-01 2.010652227055016172e-01 4.236611373731337671e-01 2.291550862719055615e-01 5.073282179263615133e-01 2.860386879437759045e-01 5.128062890205163926e-01 2.860386879438011620e-01 5.073282179263747249e-01 2.291550862718819692e-01 4.236611373731332675e-01 2.010652227054961771e-01 3.679357290451367724e-01 1.749594899455368946e-01 2.624043929835629396e-01 1.662499688612795179e-01 1.627762405327652095e-01 1.627762405327652095e-01
1.260797998076464976e-01 1.260797998076464976e-01 1.552166666862047351e-01 2.345483288719626691e-01 2.004176036915821246e-01 3.365944814460155587e-01 2.196244079211088773e-01 4.296845788686822765e-01 2.421947059805487079e-01 5.402938091085414118e-01 2.237934010234755022e-01 4.844733047243019453e-01 2.237934010234664539e-01 5.402938091085635053e-01 2.421947059805381885e-01 4.296845788686644019e-01 2.196244079210980527e-01 3.365944814460046786e-01 2.004176036915815418e-01 2.345483288719579507e-01 1.552166666861966304e-01 1.260797998076593485e-01 1.260797998076593485e-01
1.021274876119736691e-01 1.021274876119736691e-01 1.661174501750982690e-01 2.118723747344011532e-01 2.322490390576480712e-01 3.123552271283916437e-01 2.517008974241349839e-01 4.515050003344809326e-01 2.589582849654069041e-01 5.317008891967411888e-01 2.193458895295994082e-01 5.033146661580409909e-01 2.193458895295888889e-01 5.317008891967531792e-01 2.589582849653958019e-01 4.515050003344523999e-01 2.517008974241105590e-01 3.123552271283732695e-01 2.322490390576236186e-01 2.118723747344114505e-01 1.661174501751088439e-01 1.021274876119895592e-01 1.021274876119895592e-01
8.801313449144423928e-02 8.801313449144423928e-02 1.629623431218305274e-01 2.004144456305410049e-01 2.142861250961386743e-01 3.240320949586792398e-01 2.713605867790683246e-01 4.342553985373008296e-01 2.331956255816528822e-01 5.246186902114533535e-01 1.955903635771469584e-01 5.113701069624351225e-01 1.955903635771567006e-01 5.246186902114410300e-01 2.331956255816316770e-01 4.342553985372789582e-01 2.713605867790398474e-01 3.240320949586503185e-01 2.142861250960942932e-01 2.004144456305622934e-01 1.629623431218530094e-01 8.801313449144775036e-02 8.801313449144775036e-02
1.194987090436812199e-01 1.194987090436812199e-01 1.815326738984952559e-01 2.382732186767443916e-01 1.888704026154142679e-01 3.545077004258486153e-01 2.963808002751509574e-01 4.054476349645076416e-01 2.087045506526057637e-01 4.854846002947687533e-01 2.183428019601611758e-01 4.635322966995772398e-01 2.183428019601661996e-01 4.854846002947451611e-01 2.087045506525834759e-01 4.054476349644898225e-01 2.963808002751210924e-01 3.545077004258185838e-01 1.888704026153663895e-01 2.382732186767638205e-01 1.815326738985175159e-01 1.194987090436776533e-01 1.194987090436776533e-01
1.640964199247688104e-01 1.640964199247688104e-01 1.676874641967376067e-01 2.711379991782232324e-01 1.354753075973585130e-01 3.403695732433554832e-01 2.785845279904627936e-01 4.030345653606770551e-01 2.352544716196537100e-01 4.330960391084368588e-01 2.192512602523546128e-01 3.847536572311867076e-01 2.192512602523298826e-01 4.330960391084245353e-01 2.352544716196381391e-01 4.030345653606521861e-01 2.785845279904325400e-01 3.403695732433453802e-01 1.354753075973255672e-01 2.711379991782205123e-01 1.676874641967413537e-01 1.640964199247710587e-01 1.640964199247710587e-01
1.914629936435851554e-01 1.914629936435851554e-01 1.657935536680394673e-01 2.926185222473517977e-01 1.189632794009158889e-01 3.222915785068087846e-01 2.378199389035163536e-01 4.099391914470337794e-01 2.825217829988546647e-01 4.129013019208452873e-01 2.266587335855614616e-01 3.531118133295021444e-01 2.266587335855382024e-01 4.129013019208456758e-01 2.825217829988371232e-01 4.099391914470110754e-01 2.378199389034888755e-01 3.222915785068094507e-01 1.189632794008929767e-01 2.926185222473295933e-01 1.657935536680145983e-01 1.914629936435902624e-01 1.914629936435902624e-01
1.855073345996121337e-01 1.855073345996121337e-01 1.668398133609958200e-01 2.739562902976495629e-01 1.473368594763259376e-01 3.099048054249086137e-01 2.264799459618865030e-01 4.367678200606136540e-01 2.644801304625565841e-01 4.176322581166792003e-01 2.113920650874033524e-01 3.753413931254183100e-01 2.113920650874083484e-01 4.176322581166835302e-01 2.644801304625436500e-01 4.367678200606002203e-01 2.264799459618658528e-01 3.099048054248957351e-01 1.473368594762911044e-01 2.739562902976296899e-01 1.668398133609642620e-01 1.855073345996156864e-01 1.855073345996156864e-01
1.528434909620482174e-01 1.528434909620482174e-01 1.457288892893147669e-01 2.273124391475867256e-01 2.169309248676185853e-01 3.336233028105994314e-01 2.514577879235221913e-01 4.745365069061677210e-01 2.228140552897263649e-01 4.605695215084652516e-01 2.094725404138480795e-01 4.685871450329711085e-01 2.094725404138483293e-01 4.605695215084743555e-01 2.228140552897306670e-01 4.745365069061615593e-01 2.514577879235000979e-01 3.336233028105736742e-01 2.169309248675653501e-01 2.273124391475755679e-01 1.457288892892905641e-01 1.528434909620495497e-01 1.528434909620495497e-01
1.338909368340394368e-01 1.338909368340394368e-01 1.351410433077527284e-01 1.989113906417817323e-01 2.765869161255409825e-01 3.755401986314327867e-01 2.503833057058287292e-01 4.386277987780523580e-01 1.997676852353043320e-01 5.051972377643744183e-01 2.006828259418347582e-01 5.220495629988892716e-01 2.006828259418329818e-01 5.051972377643929590e-01 1.997676852353188481e-01 4.386277987780509702e-01 2.503833057058050260e-01 3.755401986314033103e-01 2.765869161254909114e-01 1.989113906417804556e-01 1.351410433077302464e-01 1.338909368340338579e-01 1.338909368340338579e-01
1.355128832173940756e-01 1.355128832173940756e-01 1.703235310638441802e-01 2.172702218641300032e-01 2.695913997849304633e-01 3.924631757774169061e-01 2.187554624194073538e-01 3.922190907562861373e-01 2.255715559859567676e-01 5.261328990091724833e-01 1.887240125360308551e-01 5.539461967309519119e-01 1.887240125360378495e-01 5.261328990091815871e-01 2.255715559859492181e-01 3.922190907562838613e-01 2.187554624193911723e-01 3.924631757773903717e-01 2.695913997849025412e-01 2.172702218641275329e-01 1.703235310638100131e-01 1.355128832173762843e-01 1.355128832173762843e-01
1.464731834535828725e-01 1.464731834535828725e-01 2.205002854379422561e-01 2.708833797610267768e-01 2.100363776100961366e-01 3.881910556389768230e-01 1.697494542699213294e-01 3.784599086942348478e-01 2.357643437055199354e-01 4.666340529198639842e-01 2.150660232153513984e-01 5.778500426461304906e-01 2.150660232153492057e-01 4.666340529198613196e-01 2.357643437055008673e-01 3.784599086942282420e-01 1.697494542699118925e-01 3.881910556389705502e-01 2.100363776100883650e-01 2.708833797610124550e-01 2.205002854379018717e-01 1.464731834535598909e-01 1.464731834535598909e-01
1.877963669457047013e-01 1.877963669457047013e-01 2.322578323414742907e-01 3.044764649257624134e-01 1.764232268194387276e-01 3.800711976630601896e-01 1.746238715996167035e-01 4.137105325050350890e-01 1.865825634016680112e-01 4.057203308466543756e-01 2.524356532635279593e-01 5.279719973045159387e-01 2.524356532635134709e-01 4.057203308466437175e-01 1.865825634016553547e-01 4.137105325050324245e-01 1.746238715996111523e-01 3.800711976630699596e-01 1.764232268194335651e-01 3.044764649257490352e-01 2.322578323414386803e-01 1.877963669456743367e-01 1.877963669456743367e-01
2.354402023163152669e-01 2.354402023163152669e-01 1.912392100131624084e-01 2.831374309553388313e-01 1.694656592712921184e-01 3.340028457544858553e-01 1.698163884432930537e-01 4.097788624096487808e-01 1.626594519510442538e-01 4.025600608680974801e-01 2.704402924212070403e-01 5.043749921802801461e-01 2.704402924212033210e-01 4.025600608680858783e-01 1.626594519510330406e-01 4.097788624096546095e-01 1.698163884432854764e-01 3.340028457544905183e-01 1.694656592712765475e-01 2.831374309553339463e-01 1.912392100131276862e-01 2.354402023162822100e-01 2.354402023162822100e-01
