# L = 8 / J = 1 / lamb = 0.7
# particle_position = 2
# final_time = 8 / steps = 35
0.000000000000000000e+00 0.000000000000000000e+00 0.000000000000000000e+00 0.000000000000000000e+00 1.000000000000000000e+00 1.000000000000000000e+00 1.000000000000000000e+00 0.000000000000000000e+00 0.000000000000000000e+00 0.000000000000000000e+00 0.000000000000000000e+00 0.000000000000000000e+00 0.000000000000000000e+00 0.000000000000000000e+00 0.000000000000000000e+00
2.359040683140540065e-02 2.359040683140540065e-02 4.771850013476057473e-02 2.535822163553593661e-02 9.522623609769896857e-01 9.763946311505614650e-01 9.522623617889788283e-01 2.535822084027768500e-02 4.773327909539293312e-02 2.360521978392038367e-02 4.598477777574153796e-02 2.360503884382436288e-02 4.596981603419568463e-02 2.359022277912456791e-02 2.359022277912456791e-02
7.386690628884146070e-02 7.386690628884146070e-02 1.552671104239267130e-01 9.770003116525137477e-02 8.437309944117920013e-01 9.253367938727109498e-01 8.437317190961608482e-01 9.769935839376123199e-02 1.560239641777763087e-01 7.463162394836521385e-02 1.332267521647426400e-01 7.459261208328986370e-02 1.324295231583300647e-01 7.382535897351895360e-02 7.382535897351895360e-02
1.115069347435365815e-01 1.115069347435365815e-01 2.533436353164851274e-01 2.025813364349438594e-01 7.384741847271770743e-01 8.818610014594231439e-01 7.385071836575292092e-01 2.025525410226416412e-01 2.592230054994668076e-01 1.175519499424483444e-01 1.768713819041246305e-01 1.167883290090135362e-01 1.701845863492994493e-01 1.106431091952166657e-01 1.106431091952166657e-01
1.202468645899083394e-01 1.202468645899083394e-01 3.081898092317625348e-01 3.161836549708142430e-01 6.626941636476092468e-01 8.560399188395604320e-01 6.631096238350346894e-01 3.158351361532234503e-01 3.270151879319775357e-01 1.402592939268347272e-01 1.627568107638457939e-01 1.348717656619116134e-01 1.382556982897147346e-01 1.138008424059266527e-01 1.138008424059266527e-01
1.228701728597768467e-01 1.228701728597768467e-01 3.429932306187229996e-01 4.199666867324041153e-01 5.933589739808926566e-01 8.279618570248179488e-01 5.957932344845496830e-01 4.179100107429458144e-01 3.760139317448231711e-01 1.600336215428573572e-01 1.468344532132585256e-01 1.387290261069564767e-01 9.239557381270151193e-02 9.638725381647975099e-02 9.638725381647975099e-02
1.561230111426399059e-01 1.561230111426399059e-01 3.904548687120968364e-01 5.122782259394279558e-01 5.049939516811823292e-01 7.783302890717147537e-01 5.132649894770114907e-01 5.048326176632697004e-01 4.249096653640161425e-01 1.978517995152455078e-01 1.688742560367328394e-01 1.405723147910846738e-01 8.201356579536321634e-02 8.342198955720105114e-02 8.342198955720105114e-02
2.346004718089309271e-01 2.346004718089309271e-01 4.402537365251667500e-01 5.993047622255238682e-01 4.065417312090303659e-01 7.114022419582826107e-01 4.244790426602881306e-01 5.809827684421817739e-01 4.617856271615860542e-01 2.582285005593076277e-01 2.127635603901097128e-01 1.433101942804394513e-01 9.890250250940635368e-02 8.593003178728753078e-02 8.593003178728753078e-02
3.415049021621706093e-01 3.415049021621706093e-01 4.493808640237393348e-01 6.753948179847601985e-01 3.286778349696880541e-01 6.472904460554429473e-01 3.537047267890626179e-01 6.432704634277734979e-01 4.614743923474551313e-01 3.324037172531597029e-01 2.519818945092782703e-01 1.513395699215697443e-01 1.137415671348203788e-01 9.780916600246988835e-02 9.780916600246988835e-02
4.494621052093686342e-01 4.494621052093686342e-01 3.996114289723287083e-01 7.202042915242558019e-01 2.897878463265860516e-01 6.036087210214918786e-01 3.088038445948970145e-01 6.791081752540238936e-01 4.187824995027523145e-01 4.111042481239237101e-01 2.894087588677171641e-01 1.777195970331781616e-01 1.272034734111775478e-01 1.103560445107677895e-01 1.103560445107677895e-01
5.422653356963150761e-01 5.422653356963150761e-01 3.243048409106292773e-01 7.191487243522908246e-01 2.821371676305026721e-01 5.890877635328083395e-01 2.792277396118836297e-01 6.803934293180602388e-01 3.529925993473212453e-01 4.891918198524211059e-01 3.330023673015979901e-01 2.317112416539878483e-01 1.616936454604761819e-01 1.228182781556117348e-01 1.228182781556117348e-01
6.153812967556157032e-01 6.153812967556157032e-01 2.701521258849494123e-01 6.807238443349346024e-01 2.837407643936948332e-01 6.043778378529501838e-01 2.565555001888488174e-01 6.541974402124832721e-01 2.873060382448934802e-01 5.604025300049745306e-01 3.637078353337279135e-01 3.064698718876112671e-01 2.212213159183876177e-01 1.403825863151639541e-01 1.403825863151639541e-01
6.639462555193768045e-01 6.639462555193768045e-01 2.484721671779836216e-01 6.296657590676483229e-01 2.780198637118119209e-01 6.389352809937948185e-01 2.432580188897706941e-01 6.184591026128719582e-01 2.346448656680500677e-01 6.132023576116776287e-01 3.558756235590832540e-01 3.858476378108584570e-01 2.841814518976361059e-01 1.677112072550908384e-01 1.677112072550908384e-01
6.794970094093514268e-01 6.794970094093514268e-01 2.400354086127199360e-01 5.884131544625136323e-01 2.657259276394964287e-01 6.712817956740240177e-01 2.415502272773245029e-01 5.911239627744682146e-01 2.000031548405387105e-01 6.367259759656793694e-01 3.150111767495780146e-01 4.582124319142655278e-01 3.299621847826048060e-01 2.061393912458578670e-01 2.061393912458578670e-01
6.588866434136545491e-01 6.588866434136545491e-01 2.368322694517034088e-01 5.676869662962924501e-01 2.595044041375881849e-01 6.818119754896305729e-01 2.435527523814899342e-01 5.832019408598817511e-01 1.851358494483632267e-01 6.311069121638218649e-01 2.706621488558751953e-01 5.193128596686362730e-01 3.537168896136054230e-01 2.542357029709400029e-01 2.542357029709400029e-01
6.102913761102463086e-01 6.102913761102463086e-01 2.548963195687826699e-01 5.671185745628313235e-01 2.642574659462240128e-01 6.668122879405712355e-01 2.380832311142029312e-01 5.954545002243792906e-01 1.875014580134140574e-01 6.088699434059856586e-01 2.387368592645408016e-01 5.668773678609313471e-01 3.564757478637706756e-01 3.088642959031267510e-01 3.088642959031267510e-01
5.472059515607439195e-01 5.472059515607439195e-01 3.036718883247165324e-01 5.778997071365991056e-01 2.670978283179097357e-01 6.375797124195785592e-01 2.250973927526267737e-01 6.177223322427650709e-01 1.998060588463559106e-01 5.858975267036824475e-01 2.126502767632441337e-01 5.977880363620687865e-01 3.375454937031125424e-01 3.661454506559327915e-01 3.661454506559327915e-01
4.791350853116991271e-01 4.791350853116991271e-01 3.643878694278667729e-01 5.878994600292455353e-01 2.542648943805374540e-01 6.078307145986918680e-01 2.180428225534085940e-01 6.351815648855921870e-01 2.133898739119368115e-01 5.727426018441696964e-01 1.891235117608528471e-01 6.094993766436909155e-01 3.006307855464428469e-01 4.219646380772744676e-01 4.219646380772744676e-01
4.104319026077241639e-01 4.104319026077241639e-01 4.108234925324729114e-01 5.900779268341694861e-01 2.329419750206778994e-01 5.841375390467372641e-01 2.281695683517676043e-01 6.392609412311812678e-01 2.212868276146914559e-01 5.726903221520509568e-01 1.805080853155968668e-01 6.021456117650745288e-01 2.560915004368864434e-01 4.712015332774430187e-01 4.712015332774430187e-01
3.454176376739300780e-01 3.454176376739300780e-01 4.383675452946725337e-01 5.856856805793644316e-01 2.234727906967387545e-01 5.656857052803100361e-01 2.491996970169630399e-01 6.321222492720940389e-01 2.210811373734496710e-01 5.837170361801536922e-01 1.960021539548749137e-01 5.797774375266147029e-01 2.122810982946732594e-01 5.070701064304067307e-01 5.070701064304067307e-01
2.902971026739235016e-01 2.902971026739235016e-01 4.586424557453120943e-01 5.773820727546372655e-01 2.315139433416106840e-01 5.493603522295213981e-01 2.645710345629189164e-01 6.204044562941952723e-01 2.190342072747487878e-01 6.005708561529676803e-01 2.270820523792966283e-01 5.498186466145350559e-01 1.722262170754453592e-01 5.232550114734872970e-01 5.232550114734872970e-01
2.497714880531317905e-01 2.497714880531317905e-01 4.734892530905844832e-01 5.622950856026455169e-01 2.429607111531601749e-01 5.346191567554035018e-01 2.698873798135735802e-01 6.065472322309163333e-01 2.277361684406885856e-01 6.169129690776862240e-01 2.601172847914630104e-01 5.200239217153793669e-01 1.417525149249704020e-01 5.179368057048800988e-01 5.179368057048800988e-01
2.244960353387810414e-01 2.244960353387810414e-01 4.707058845798477997e-01 5.352959533262173775e-01 2.489349900153895179e-01 5.243086526913027789e-01 2.781685633907576838e-01 5.871865236382546316e-01 2.533185715681329775e-01 6.283050091152466710e-01 2.924488420068705463e-01 4.947029566194501848e-01 1.316261852032558632e-01 4.951017623471528628e-01 4.951017623471528628e-01
2.123233380306302764e-01 2.123233380306302764e-01 4.452769505866612798e-01 4.969825038556159313e-01 2.594352169736048874e-01 5.203095828809728429e-01 2.975338994125281689e-01 5.588452007165374269e-01 2.882665607557489684e-01 6.339544239448244856e-01 3.274845120830464640e-01 4.734311892187432758e-01 1.452161268713111908e-01 4.612082266841283085e-01 4.612082266841283085e-01
2.092572498569224282e-01 2.092572498569224282e-01 4.103789194672473606e-01 4.549264732071456874e-01 2.831616131101464817e-01 5.189726655175307402e-01 3.131556894080150255e-01 5.236264783086460595e-01 3.239691177339011907e-01 6.340641196796977797e-01 3.617335734751949694e-01 4.536180196470547266e-01 1.706536893987407599e-01 4.209685677858083230e-01 4.209685677858083230e-01
2.077817144692552798e-01 2.077817144692552798e-01 3.807135160347902003e-01 4.173789044812929450e-01 3.065575246315189739e-01 5.138394634521034066e-01 3.020255553111190205e-01 4.892905213880166526e-01 3.651634666318925304e-01 6.245239647993074961e-01 3.853247695397307715e-01 4.345933919607371521e-01 1.926673715409948917e-01 3.763671302489693393e-01 3.763671302489693393e-01
1.975027335059589273e-01 1.975027335059589273e-01 3.534048607523836982e-01 3.873782916365832718e-01 3.067720536282160793e-01 5.035374751608647781e-01 2.611833887862682890e-01 4.641919374389661956e-01 4.196242333698654292e-01 5.962194157695306362e-01 3.914181823778004610e-01 4.185902918989585220e-01 2.078917046913919819e-01 3.283408333223000186e-01 3.283408333223000186e-01
1.725810866396538523e-01 1.725810866396538523e-01 3.154625429473760234e-01 3.630261781165912138e-01 2.813214800676824834e-01 4.930577983637675632e-01 2.110714915311120154e-01 4.512832215987402917e-01 4.760445002976566586e-01 5.429994736123217036e-01 3.800162888043283060e-01 4.069756386396830017e-01 2.217024907587226423e-01 2.786027930053667223e-01 2.786027930053667223e-01
1.402524901973413451e-01 1.402524901973413451e-01 2.693793034686687848e-01 3.424255053815568051e-01 2.546025680554777626e-01 4.852894798770200913e-01 1.743010674488120471e-01 4.459741764757895188e-01 5.088254849501853139e-01 4.718046903356830635e-01 3.574666380712202551e-01 3.967737173152492969e-01 2.354276483203651960e-01 2.314745745826237711e-01 2.314745745826237711e-01
1.186996843126505163e-01 1.186996843126505163e-01 2.418456824374072278e-01 3.272084571551690524e-01 2.554170343473879390e-01 4.755637537154457362e-01 1.625139370940449357e-01 4.401276051126769007e-01 5.087454866351212024e-01 4.036906068660004454e-01 3.363889963631009339e-01 3.835901194722600716e-01 2.480482197529559896e-01 1.956097436535755851e-01 1.956097436535755851e-01
1.217070233961720510e-01 1.217070233961720510e-01 2.587826651174428561e-01 3.207743432672738870e-01 2.919079023761553260e-01 4.578298378977084249e-01 1.814536822060676957e-01 4.293372755138948893e-01 4.923395859729464696e-01 3.613550066894433699e-01 3.282595903665773140e-01 3.683012108504529758e-01 2.690729612504416113e-01 1.817917628826042076e-01 1.817917628826042076e-01
1.436578885062720912e-01 1.436578885062720912e-01 3.115140580064481579e-01 3.227338525255369350e-01 3.432552530368159771e-01 4.319839213767919794e-01 2.325098773689776854e-01 4.167985797003232462e-01 4.722979437914355816e-01 3.517708980504226646e-01 3.282238829502731048e-01 3.582682168545233692e-01 3.151106488200821620e-01 1.942240361934251258e-01 1.942240361934251258e-01
1.618999687517226060e-01 1.618999687517226060e-01 3.558325690028855681e-01 3.260999089936974515e-01 3.712207093647835743e-01 4.011685198439017830e-01 3.035176118226927677e-01 4.096083690097978569e-01 4.356711687591957594e-01 3.613931589809895040e-01 3.141185958217273533e-01 3.604715378320990649e-01 3.859314645143378519e-01 2.222628638071816876e-01 2.222628638071816876e-01
1.570079465411549913e-01 1.570079465411549913e-01 3.534951594008364784e-01 3.237291881418071782e-01 3.497654518458624961e-01 3.663132921423336574e-01 3.706032488849566042e-01 4.114505982133909168e-01 3.678027516786677720e-01 3.714619720849531292e-01 2.713134404762302387e-01 3.747118404363290467e-01 4.532725659750194147e-01 2.449379021057994932e-01 2.449379021057994932e-01
1.314805274731476181e-01 1.314805274731476181e-01 3.134565535560206451e-01 3.182203147403222521e-01 2.953774724940986252e-01 3.290854785503201096e-01 4.184434668425785486e-01 4.200238247750154308e-01 2.854992095185298617e-01 3.771247761315431046e-01 2.148564541668089023e-01 3.945815045183024838e-01 4.857238690648001400e-01 2.493992219168496005e-01 2.493992219168496005e-01
1.074443312931521594e-01 1.074443312931521594e-01 2.817658108357516955e-01 3.197426167995396917e-01 2.621009279377140011e-01 2.987463721738753408e-01 4.513167633376546362e-01 4.308896816472562730e-01 2.240869818591087470e-01 3.882796496371330175e-01 1.754850052144703298e-01 4.133719846608505666e-01 4.830911141751090265e-01 2.460330304950429092e-01 2.460330304950429092e-01
